%YAML:1.0
---
q_camera2end_error_temp: !!opencv-matrix
   rows: 5
   cols: 4
   dt: d
   data: [ 2.3692100150486395e-03, 2.3563892364580896e-03,
       2.4568140292997587e-03, 9.6418746054713518e-04,
       2.7056115908604683e-03, 2.8588753142481105e-03,
       8.5624292516526257e-03, 1.1311009654403195e-02,
       1.3304421172074532e-03, 1.3685915660526238e-03,
       2.9231455911016280e-03, 6.4624738843033916e-03,
       2.8195824574120953e-03, 2.7807734635937331e-03,
       3.9562248903592945e-03, 4.8528078189039514e-03,
       3.5918266495985618e-03, 3.5441040556963843e-03,
       1.6023512951112151e-03, 6.2817607099439256e-03 ]
t_camera2end_error_temp: !!opencv-matrix
   rows: 5
   cols: 3
   dt: d
   data: [ 3.4483546141164268e-03, 1.4831104862712587e-03,
       1.2359676548434687e-03, 5.2939283511452672e-03,
       5.9006010883146179e-03, 1.6122875727269739e-03,
       8.9674222347167765e-04, 3.6648631450385202e-03,
       4.1339320743578913e-03, 2.1170284992835294e-03,
       1.0581643636511859e-03, 2.5646059349126449e-03,
       5.1841189118818215e-04, 2.0781938787891377e-03,
       2.6880276039336071e-03 ]
q_obj2base_error_temp: !!opencv-matrix
   rows: 5
   cols: 4
   dt: d
   data: [ 8.6201524791374785e-04, 4.3631220102424706e-06,
       1.3427557441235156e-04, 2.8222552624114477e-03,
       1.3356511907194883e-02, 9.2883360514384172e-05,
       1.1743232179412845e-03, 2.4459452902266237e-03,
       7.1649640638324578e-03, 2.7259628512021905e-05,
       8.5354485569188055e-04, 1.5662902285470161e-03,
       8.9425043349710938e-04, 1.2256114401476559e-05,
       3.8663056567350184e-03, 2.9604180990956122e-03,
       7.0641340851340315e-03, 3.6969233092598586e-05,
       1.9376911262941315e-03, 4.5033834155314197e-03 ]
t_obj2base_error_temp: !!opencv-matrix
   rows: 5
   cols: 3
   dt: d
   data: [ 6.0008862795490892e-04, 2.8100213387119016e-03,
       1.0074399111370442e-03, 2.7329200825237931e-03,
       1.2795893594416408e-03, 1.0095573426630386e-02,
       1.8590748910898292e-03, 4.1680908305694736e-03,
       2.7674405359023047e-03, 1.2690536714732303e-03,
       8.6995446699029977e-04, 6.7338083440758123e-04,
       2.2265272999133501e-03, 2.7388075378854820e-03,
       2.3272094168172532e-03 ]
max_rme_temp: !!opencv-matrix
   rows: 5
   cols: 1
   dt: d
   data: [ 3.8185755375881869e-03, 4.5351405618609120e-03,
       4.0525053124837729e-03, 2.6151561506025656e-03,
       3.6114579991289308e-03 ]
