%YAML:1.0
---
q_camera2end_error_temp: !!opencv-matrix
   rows: 20
   cols: 4
   dt: d
   data: [ 5.8129158253852342e-03, 5.8883363841311098e-03,
       3.2330147966138645e-03, 5.2674373863849655e-03,
       7.3597053794466349e-03, 7.4390419554314358e-03,
       7.4756037653356255e-04, 1.4613030987971423e-03,
       5.5754055179055850e-03, 5.6319334271822674e-03,
       1.2763232736290320e-04, 4.1379252196516924e-03,
       4.9681110374821813e-03, 4.9315289039376653e-03,
       1.5434323765308733e-03, 5.9216660424903187e-04,
       2.5197644302893396e-02, 2.6147527367232803e-02,
       1.1047418786120922e-03, 4.8479471741974785e-03,
       8.7785952650315524e-03, 8.9305653587427036e-03,
       6.0263274921065202e-03, 4.6672060277213791e-03,
       4.1677754943265644e-03, 4.2285051812502861e-03,
       2.9396887005121997e-03, 6.4801518956997444e-03,
       5.3535085480570510e-03, 5.4058044730711519e-03,
       3.1423735540820896e-03, 2.4900439922038594e-03,
       1.6365547413541237e-02, 1.6755958575010999e-02,
       1.8792194977104160e-03, 1.9024374488552467e-06,
       1.0855669036906490e-02, 1.1051134009301689e-02,
       1.4286931262943448e-03, 5.8664246139715328e-03,
       1.3884177816655963e-02, 1.3616634757054769e-02,
       4.2361417068781382e-04, 2.0944920200412957e-05,
       2.8946346298432957e-03, 3.0190882898831761e-03,
       8.3979469692945230e-03, 9.3800179570078229e-03,
       3.0701483036685850e-03, 3.0563642032379601e-03,
       7.9831697278109903e-04, 2.9862859193661968e-04,
       2.6179897531830587e-04, 2.7965769630411419e-04,
       1.7088314003086413e-03, 4.7105406844158808e-03,
       6.3407984549167518e-03, 6.4105954432079892e-03,
       4.1432814517657901e-03, 4.8949697004665679e-04,
       1.1950287477224708e-02, 1.1639140009206073e-02,
       9.7213955031524302e-03, 8.2002736356008681e-03,
       7.6775492434488779e-03, 7.5354663390390098e-03,
       3.9591024070517733e-03, 8.3386487632016344e-03,
       1.7349848540079149e-03, 1.8126093674603050e-03,
       8.4769271302160831e-03, 5.6234883269454744e-03,
       7.5662675966794435e-03, 7.6536699161352528e-03,
       2.8776958648446538e-04, 2.7741062873193108e-03,
       1.3738265121219229e-03, 1.4144829614538557e-03,
       3.9839917803946578e-03, 6.1430082372974405e-03 ]
t_camera2end_error_temp: !!opencv-matrix
   rows: 20
   cols: 3
   dt: d
   data: [ 5.4460239533461307e-03, 6.5462265934924414e-03,
       3.2129970961585833e-03, 3.4303218341172632e-03,
       4.5930079247436285e-03, 1.0608985387348044e-03,
       6.7287927423197594e-03, 4.6392284852465951e-03,
       1.4696371174226230e-03, 2.5943748510926148e-03,
       6.2035479731882906e-03, 3.7075109347945653e-03,
       4.4370164093072654e-03, 7.4851291447842749e-03,
       7.0851761086569848e-03, 2.5487869792445664e-03,
       2.5595275815033930e-03, 1.7528447099393260e-03,
       2.2476553840990125e-03, 4.0705704472037592e-03,
       2.1544793820222549e-03, 8.0344986471222041e-03,
       1.3664420039865080e-03, 7.0366763034786922e-03,
       4.1465454413978416e-03, 9.6362652706935906e-04,
       6.5167489901694908e-04, 4.6658316880203964e-03,
       9.5210149270814545e-04, 9.5856342797141086e-04,
       9.0936897439997978e-04, 1.7596425892333172e-03,
       1.6246376631215906e-03, 6.5612964768144971e-03,
       1.2592038578054625e-03, 4.0111998280736860e-04,
       2.4984150864337459e-04, 3.4680779543836381e-03,
       1.0129673002868475e-03, 9.3057644782327930e-03,
       3.7753768182786918e-03, 5.6322604157790918e-03,
       2.7861528388806508e-03, 4.1953383521436370e-03,
       2.3485998751617138e-03, 4.6284034124219678e-04,
       3.2379717700320547e-03, 3.5308733171549138e-03,
       4.5368103975129692e-03, 6.5529766175817725e-03,
       8.7361838808595188e-03, 4.2417449636716533e-03,
       2.1691236508903089e-03, 5.9913557852660226e-04,
       1.1143463418754310e-02, 5.9909928913815212e-03,
       2.0368532999307104e-03, 1.5415892055102663e-03,
       4.6306777666403967e-03, 4.7693384687279052e-03 ]
q_obj2base_error_temp: !!opencv-matrix
   rows: 20
   cols: 4
   dt: d
   data: [ 5.8810077203908908e-03, 5.7322760420475127e-05,
       2.1557638880320053e-03, 8.6838162805327000e-03,
       2.1419079862913519e-04, 4.5386938306468672e-05,
       9.5822761495777987e-04, 9.4766945069760956e-03,
       2.8428005456724403e-03, 4.4187950549168242e-05,
       3.9289322910056653e-03, 8.0533176165764279e-03,
       1.7735737985219006e-03, 1.7849725656993165e-05,
       1.6712883846249551e-04, 5.7031251637714398e-03,
       3.5263120824714283e-03, 6.4931924057332058e-04,
       1.9264636804722166e-03, 3.5806015227269589e-02,
       7.1841007482723431e-03, 9.5517638672659722e-05,
       1.1378488282401296e-03, 1.1752452944336998e-02,
       6.6431928777392936e-03, 3.3456565134315497e-05,
       9.1962039189729186e-04, 4.6834066288082539e-03,
       8.3587393262284267e-04, 4.8725514444458717e-05,
       4.2667899272844124e-03, 8.8625319857506494e-03,
       2.0353741703447313e-03, 2.7138668178472436e-04,
       1.1701179808731518e-03, 2.3177311939388715e-02,
       5.5767762124788465e-03, 1.2830549706299710e-04,
       3.5109559499264670e-03, 1.4600249560166399e-02,
       9.9132487552550780e-04, 1.6688552123556022e-04,
       8.8140385524997436e-04, 1.8220416952666567e-02,
       1.2234718344605584e-02, 8.9021082311568911e-05,
       1.4731912237229815e-03, 5.1162109531121078e-03,
       2.1138930691164420e-06, 3.3004902914024470e-06,
       7.6981970367687429e-04, 2.4511921272858863e-03,
       1.7104911444174437e-03, 1.3452807991698457e-05,
       4.8331684196675035e-03, 7.8748846179357227e-04,
       9.0580299950731680e-04, 4.8746021212076052e-05,
       4.3240905026360136e-03, 8.8301431755539068e-03,
       1.2914034472245805e-02, 2.1631334042515604e-04,
       1.2680771862096062e-03, 1.6254217400066145e-02,
       8.9851960100417946e-03, 9.4460337617841006e-05,
       2.7977747398572842e-03, 1.0017507756234485e-02,
       1.0134887776439828e-02, 5.5709360946787356e-05,
       1.1052593835029351e-03, 2.7346059706807534e-03,
       2.1109173018065406e-03, 4.8697647292761381e-05,
       2.5656694319522427e-03, 9.2927009870942719e-03,
       5.8600641121463442e-03, 1.8684982058592148e-05,
       7.1434756535445915e-04, 1.5871266950412814e-03 ]
