%YAML:1.0
---
Hcamera2end0: !!opencv-matrix
   rows: 4
   cols: 4
   dt: d
   data: [ 9.9990001593167588e-01, -3.5864588083503145e-03,
       -1.3678283995090362e-02, -7.7323890842605292e-03,
       1.3679356743118373e-02, 2.7475000257870530e-04,
       9.9990639547486171e-01, 2.9469248739662158e-02,
       -3.5823649910137079e-03, -9.9999353089190124e-01,
       3.2378298143953543e-04, 3.4961015015926321e-02, 0., 0., 0., 1. ]
Hobj2base0: !!opencv-matrix
   rows: 4
   cols: 4
   dt: d
   data: [ 9.9999699440992174e-01, -1.6389749625875022e-03,
       -1.8234396603678841e-03, -7.3785466102457287e-01,
       -1.6600071799851540e-03, -9.9993141785495188e-01,
       -1.1593272305424708e-02, 9.2600193950655926e-02,
       -1.8043135219215603e-03, 1.1596264383728971e-02,
       -9.9993113318120908e-01, 1.9379995854132415e-04, 0., 0., 0., 1. ]
mean-rme0: 1.1507781654709348e-03
max-rme0: 3.3561320470136963e-03
Hcamera2end1: !!opencv-matrix
   rows: 4
   cols: 4
   dt: d
   data: [ 9.9985044579427140e-01, 1.6939159878234009e-02,
       -3.4858152011157471e-03, -6.4416596763373982e-03,
       3.7622753318716454e-03, -1.6316404054962375e-02,
       9.9985980029354238e-01, 2.9194701973488068e-02,
       1.6879909043709111e-02, -9.9972338165181207e-01,
       -1.6377693651465908e-02, 3.2965185178326820e-02, 0., 0., 0., 1. ]
Hobj2base1: !!opencv-matrix
   rows: 4
   cols: 4
   dt: d
   data: [ 9.9980632312424234e-01, 1.4868872967003984e-02,
       1.2893132182454624e-02, -7.3322371398362518e-01,
       1.4845180906219025e-02, -9.9988793898806749e-01,
       1.9313389283204694e-03, 9.3831793744128325e-02,
       1.2920404198196707e-02, -1.7395639929344698e-03,
       -9.9991501492500334e-01, -1.0616847980495861e-03, 0., 0., 0., 1. ]
mean-rme1: 1.9191194807718197e-03
max-rme1: 7.0971436247574959e-03
Hcamera2end2: !!opencv-matrix
   rows: 4
   cols: 4
   dt: d
   data: [ 9.9988208961807201e-01, 1.4768412535787831e-02,
       -4.2072380691520212e-03, -8.7571114410847743e-03,
       4.3974975470380314e-03, -1.2874120672973000e-02,
       9.9990745523384383e-01, 2.7049374768266941e-02,
       1.4712881305901019e-02, -9.9980805708299347e-01,
       -1.2937546738387207e-02, 3.2381314863657092e-02, 0., 0., 0., 1. ]
Hobj2base2: !!opencv-matrix
   rows: 4
   cols: 4
   dt: d
   data: [ 9.9986838357340202e-01, 1.3801480170089498e-02,
       8.5284626649151252e-03, -7.3304789365139222e-01,
       1.3799973448627356e-02, -9.9990474810107810e-01,
       2.3549466526017504e-04, 9.1165336813410547e-02,
       8.5309004876041542e-03, -1.1777111196041218e-04,
       -9.9996360427109376e-01, 1.6862786837353941e-03, 0., 0., 0., 1. ]
mean-rme2: 1.8638712269445005e-03
max-rme2: 7.7384830131381199e-03
Hcamera2end3: !!opencv-matrix
   rows: 4
   cols: 4
   dt: d
   data: [ 9.9987180631221528e-01, 1.5569557225773360e-02,
       -3.7362855540342731e-03, -9.6818741108738171e-03,
       3.9174234969939865e-03, -1.1619898452257971e-02,
       9.9992481305001357e-01, 2.7410132096402973e-02,
       1.5524971339526399e-02, -9.9981126561354206e-01,
       -1.1679401403937861e-02, 3.2408273797988128e-02, 0., 0., 0., 1. ]
Hobj2base3: !!opencv-matrix
   rows: 4
   cols: 4
   dt: d
   data: [ 9.9987376166072295e-01, 1.3712832282166338e-02,
       8.0261431109151116e-03, -7.3312855234560614e-01,
       1.3708561968300113e-02, -9.9990586105101364e-01,
       5.8682586134189572e-04, 9.0110267227459989e-02,
       8.0334345828536585e-03, -4.7672490121729029e-04,
       -9.9996761780678223e-01, 1.7258293314793005e-03, 0., 0., 0., 1. ]
mean-rme3: 1.8933184116887150e-03
max-rme3: 8.0064648985183062e-03
Hcamera2end4: !!opencv-matrix
   rows: 4
   cols: 4
   dt: d
   data: [ 9.9989760832245844e-01, 1.3566747865372770e-02,
       -4.5515078144338326e-03, -9.5732618580451085e-03,
       4.7061876978856188e-03, -1.1391361913914544e-02,
       9.9992404145069835e-01, 2.7140432782179130e-02,
       1.3513869482117951e-02, -9.9984307780076331e-01,
       -1.1454043195163077e-02, 3.2544169280098664e-02, 0., 0., 0., 1. ]
Hobj2base4: !!opencv-matrix
   rows: 4
   cols: 4
   dt: d
   data: [ 9.9989976042330952e-01, 1.1881743498596239e-02,
       7.7002127789872433e-03, -7.3327472271730043e-01,
       1.1882961951144752e-02, -9.9992938878624682e-01,
       -1.1250257979950982e-04, 9.0587248220952626e-02,
       7.6983323308206534e-03, 2.0399263805695813e-04,
       -9.9997034659350170e-01, 1.9622797052333994e-03, 0., 0., 0., 1. ]
mean-rme4: 1.8597733929350999e-03
max-rme4: 8.2693841649388311e-03
Hcamera2end5: !!opencv-matrix
   rows: 4
   cols: 4
   dt: d
   data: [ 9.9997893868072063e-01, 6.4408723205304679e-03,
       -7.9834749959567432e-04, -1.1508934789708132e-02,
       8.4129539865047953e-04, -6.6680737331337170e-03,
       9.9997741425231257e-01, 2.7997643871778933e-02,
       6.4354034086213843e-03, -9.9995702505479689e-01,
       -6.6733519709503142e-03, 3.1215956021013853e-02, 0., 0., 0., 1. ]
Hobj2base5: !!opencv-matrix
   rows: 4
   cols: 4
   dt: d
   data: [ 9.9998258946419460e-01, 4.9358220123826959e-03,
       3.2339495274433350e-03, -7.3273178128124128e-01,
       4.9307845131352458e-03, -9.9998662082861300e-01,
       1.5638183577728346e-03, 9.1042595315806440e-02,
       3.2416249889520147e-03, -1.5478452226111447e-03,
       -9.9999354800048446e-01, 2.3829098817303037e-03, 0., 0., 0., 1. ]
mean-rme5: 2.0639055936030504e-03
max-rme5: 8.8333706788444877e-03
Hcamera2end6: !!opencv-matrix
   rows: 4
   cols: 4
   dt: d
   data: [ 9.9998261580050662e-01, 5.8241797828103726e-03,
       -9.2034049884637736e-04, -1.1571933810858352e-02,
       9.5683991455629324e-04, -6.2671962607609988e-03,
       9.9997990315226160e-01, 2.7826192192340820e-02,
       5.8182947806230800e-03, -9.9996339992066008e-01,
       -6.2726601182567787e-03, 3.1313326761879590e-02, 0., 0., 0., 1. ]
Hobj2base6: !!opencv-matrix
   rows: 4
   cols: 4
   dt: d
   data: [ 9.9998370694718519e-01, 4.7805622434553127e-03,
       3.1196257471966340e-03, -7.3278571167342765e-01,
       4.7765696256813822e-03, -9.9998776517121635e-01,
       1.2860367363562580e-03, 9.1169467316213337e-02,
       3.1257355577752693e-03, -1.2711146733042377e-03,
       -9.9999430700615011e-01, 2.6783849689933359e-03, 0., 0., 0., 1. ]
mean-rme6: 2.0039064020249860e-03
max-rme6: 8.9650168520769014e-03
Hcamera2end7: !!opencv-matrix
   rows: 4
   cols: 4
   dt: d
   data: [ 9.9999100634840010e-01, 4.2266277826169948e-03,
       -3.5048523671588430e-04, -1.1688931111186015e-02,
       3.8131251568958215e-04, -7.2949884952906441e-03,
       9.9997331851585880e-01, 2.8375257182991637e-02,
       4.2239582241452300e-03, -9.9996445874863027e-01,
       -7.2965345527784553e-03, 3.1201889784541206e-02, 0., 0., 0., 1. ]
Hobj2base7: !!opencv-matrix
   rows: 4
   cols: 4
   dt: d
   data: [ 9.9998918406414650e-01, 2.7619947725023757e-03,
       3.7420769098340237e-03, -7.3257101762819887e-01,
       2.7598264263025826e-03, -9.9999602085694539e-01,
       5.8448983967230607e-04, 9.1139174677024717e-02,
       3.7436763774564329e-03, -5.7415603512267651e-04,
       -9.9999282759029251e-01, 1.7269735452146247e-03, 0., 0., 0., 1. ]
mean-rme7: 2.1676558525256092e-03
max-rme7: 8.8795364890486006e-03
Hcamera2end8: !!opencv-matrix
   rows: 4
   cols: 4
   dt: d
   data: [ 9.9998794231784394e-01, 4.7801236751040966e-03,
       1.1250051444577519e-03, -1.2241797393122334e-02,
       -1.1075756055178769e-03, -3.6473367314624472e-03,
       9.9999273507913311e-01, 2.9208314109362775e-02,
       4.7841922204703274e-03, -9.9998192351282933e-01,
       -3.6419984046616172e-03, 3.1112206745262612e-02, 0., 0., 0., 1. ]
