%YAML:1.0
---
Hcamera2end0: !!opencv-matrix
   rows: 4
   cols: 4
   dt: d
   data: [ 9.9998736192417892e-01, 4.7101810906517100e-03,
       -1.7578924922806616e-03, -8.9718781445881132e-03,
       1.6813922189079188e-03, 1.6196500761212596e-02,
       9.9986741435217208e-01, 2.7135824084354755e-02,
       4.7380282953297728e-03, -9.9985773365873676e-01,
       1.6188376406772398e-02, 3.6508173539248803e-02, 0., 0., 0., 1. ]
Hobj2base0: !!opencv-matrix
   rows: 4
   cols: 4
   dt: d
   data: [ 9.9991084373904271e-01, 4.2513598874717069e-03,
       -1.2658219155274998e-02, -7.4297097417152580e-01,
       4.2705601561884386e-03, -9.9998977078925710e-01,
       1.4901787815376742e-03, 9.3881319456660173e-02,
       -1.2651754385386642e-02, -1.5441036091421729e-03,
       -9.9991877112844318e-01, 6.5561578513327664e-03, 0., 0., 0., 1. ]
mean-rme0: 1.8061330347826671e-03
max-rme0: 6.0912169245180003e-03
Hcamera2end1: !!opencv-matrix
   rows: 4
   cols: 4
   dt: d
   data: [ 9.9998659312433058e-01, 4.2164789006709060e-03,
       -3.0058072584018786e-03, -1.1542925975032692e-02,
       2.9386185999933810e-03, 1.5851477125055302e-02,
       9.9987003915192785e-01, 2.7420642844401190e-02,
       4.2635774084959794e-03, -9.9986546693974498e-01,
       1.5838873982948254e-02, 3.6967061184491931e-02, 0., 0., 0., 1. ]
Hobj2base1: !!opencv-matrix
   rows: 4
   cols: 4
   dt: d
   data: [ 9.9991400470457970e-01, 4.7370424272493421e-03,
       -1.2228803076845388e-02, -7.4360206006131779e-01,
       4.7306284453034683e-03, -9.9998865740327014e-01,
       -5.5337086811217315e-04, 9.0863899165281772e-02,
       -1.2231285711743849e-02, 4.9547335713355338e-04,
       -9.9992507227091276e-01, 6.1835555448119433e-03, 0., 0., 0., 1. ]
mean-rme1: 1.6342029771789772e-03
max-rme1: 6.3186838615254259e-03
Hcamera2end2: !!opencv-matrix
   rows: 4
   cols: 4
   dt: d
   data: [ 9.9992903963700552e-01, 1.1851227612335577e-02,
       1.2099978084100117e-03, -1.2414287454190749e-02,
       -1.3248844710097808e-03, 9.6910239570194845e-03,
       9.9995216322372316e-01, 2.7934774071290476e-02,
       1.1838934570062435e-02, -9.9988280936255003e-01,
       9.7060377858676494e-03, 3.5906972679596492e-02, 0., 0., 0., 1. ]
Hobj2base2: !!opencv-matrix
   rows: 4
   cols: 4
   dt: d
   data: [ 9.9993257832879778e-01, 9.7397711708218562e-03,
       -6.3226303278542595e-03, -7.4109396830737873e-01,
       9.7731711595029132e-03, -9.9993833637452090e-01,
       5.2733835478855472e-03, 9.0898735414746662e-02,
       -6.2708789024932968e-03, -5.3348201559262429e-03,
       -9.9996610731149027e-01, 5.3209204065593962e-03, 0., 0., 0., 1. ]
mean-rme2: 1.7626402750143123e-03
max-rme2: 4.9532944001292739e-03
Hcamera2end3: !!opencv-matrix
   rows: 4
   cols: 4
   dt: d
   data: [ 9.9992672161763951e-01, 1.2045043044841733e-02,
       1.2117479306753744e-03, -1.3652878127275827e-02,
       -1.3337642682520181e-03, 1.0127138464916308e-02,
       9.9994782970882501e-01, 2.6395415432617926e-02,
       1.2032143112360342e-02, -9.9987617133551121e-01,
       1.0142461612614451e-02, 3.5094778299006285e-02, 0., 0., 0., 1. ]
Hobj2base3: !!opencv-matrix
   rows: 4
   cols: 4
   dt: d
   data: [ 9.9992281847068176e-01, 1.0035317322286406e-02,
       -7.3245824378657667e-03, -7.4043119269702407e-01,
       1.0064690421911245e-02, -9.9994141146762905e-01,
       3.9844245303162287e-03, 8.9061703607856174e-02,
       -7.2841683368220734e-03, -4.0578366610444123e-03,
       -9.9996523682239769e-01, 6.4915689458698994e-03, 0., 0., 0., 1. ]
mean-rme3: 1.7978862304773807e-03
max-rme3: 5.5175142273267835e-03
Hcamera2end4: !!opencv-matrix
   rows: 4
   cols: 4
   dt: d
   data: [ 9.9993453435422863e-01, 1.1387009604385571e-02,
       1.1238407634428377e-03, -1.3615021203057289e-02,
       -1.2406369941278684e-03, 1.0255104519273694e-02,
       9.9994664540221723e-01, 2.6044831751069593e-02,
       1.1374876950576054e-02, -9.9988257752776577e-01,
       1.0268560307601593e-02, 3.4782900201187870e-02, 0., 0., 0., 1. ]
Hobj2base4: !!opencv-matrix
   rows: 4
   cols: 4
   dt: d
   data: [ 9.9992229866839710e-01, 9.6953802001047279e-03,
       -7.8355745471759917e-03, -7.4026689469436446e-01,
       9.7320565248989153e-03, -9.9994180151620649e-01,
       4.6562491685518291e-03, 8.9076876080783463e-02,
       -7.7899744226221628e-03, -4.7321436261893333e-03,
       -9.9995846069484107e-01, 7.0018815330080818e-03, 0., 0., 0., 1. ]
mean-rme4: 1.7016716007488999e-03
max-rme4: 5.6539777669777913e-03
Hcamera2end5: !!opencv-matrix
   rows: 4
   cols: 4
   dt: d
   data: [ 9.9991508024306597e-01, 1.2919417887858610e-02,
       1.7090769268235514e-03, -1.3815083923277507e-02,
       -1.8361894087705541e-03, 9.8334203731338388e-03,
       9.9994996487435339e-01, 2.5754698654855281e-02,
       1.2901965391289828e-02, -9.9986818755534179e-01,
       9.8563078197589915e-03, 3.4179943790336946e-02, 0., 0., 0., 1. ]
Hobj2base5: !!opencv-matrix
   rows: 4
   cols: 4
   dt: d
   data: [ 9.9990316604462870e-01, 1.1189352147793340e-02,
       -8.2738704631188185e-03, -7.3977575840414755e-01,
       1.1235684780656726e-02, -9.9992133764165492e-01,
       5.5747570739321682e-03, 8.8884598948855531e-02,
       -8.2108417009169200e-03, -5.6671798485940549e-03,
       -9.9995023133710337e-01, 7.4569009344392758e-03, 0., 0., 0., 1. ]
mean-rme5: 1.6651061960164591e-03
max-rme5: 5.4905502355550861e-03
Hcamera2end6: !!opencv-matrix
   rows: 4
   cols: 4
   dt: d
   data: [ 9.9994005499995198e-01, 1.0847490347289691e-02,
       1.4894159454165506e-03, -1.3711960566651717e-02,
       -1.5896046981610217e-03, 9.2333649515509153e-03,
       9.9995610810103819e-01, 2.6449741245373911e-02,
       1.0833261909350689e-02, -9.9989853331467438e-01,
       9.2500546791077776e-03, 3.4216531852180286e-02, 0., 0., 0., 1. ]
Hobj2base6: !!opencv-matrix
   rows: 4
   cols: 4
   dt: d
   data: [ 9.9991722458775611e-01, 1.0128142589783218e-02,
       -7.9350299558255122e-03, -7.3999427474157786e-01,
       1.0158895086269621e-02, -9.9994100520208784e-01,
       3.8448622945150626e-03, 8.8877522294137160e-02,
       -7.8956205167799130e-03, -3.9251551712812510e-03,
       -9.9996112541115112e-01, 6.5697075444397009e-03, 0., 0., 0., 1. ]
mean-rme6: 1.7034844671703834e-03
max-rme6: 5.9782332539797534e-03
Hcamera2end7: !!opencv-matrix
   rows: 4
   cols: 4
   dt: d
   data: [ 9.9991707018769271e-01, 1.2652407210580884e-02,
       2.4019448449834023e-03, -1.3959220908220627e-02,
       -2.5132873992254638e-03, 8.7915713863099265e-03,
       9.9995819495567317e-01, 2.7322408235898144e-02,
       1.2630761406565954e-02, -9.9988130538796305e-01,
       8.8226414385571550e-03, 3.4761666887254974e-02, 0., 0., 0., 1. ]
Hobj2base7: !!opencv-matrix
   rows: 4
   cols: 4
   dt: d
   data: [ 9.9989836063417048e-01, 1.1625043834949255e-02,
       -8.2538934409025592e-03, -7.4104431995923614e-01,
       1.1662646208959694e-02, -9.9992176272664346e-01,
       4.5222902434364411e-03, 8.8588947472189331e-02,
       -8.2006758564708605e-03, -4.6180928397717008e-03,
       -9.9995571008621154e-01, 6.1945348889793595e-03, 0., 0., 0., 1. ]
mean-rme7: 1.7900986298841843e-03
max-rme7: 5.9419849112408163e-03
Hcamera2end8: !!opencv-matrix
   rows: 4
   cols: 4
   dt: d
   data: [ 9.9991424989716360e-01, 1.2867715834140085e-02,
       2.4320242195330251e-03, -1.3965309250458859e-02,
       -2.5538585016813492e-03, 9.4602688629652487e-03,
       9.9995198940738839e-01, 2.7485885331174478e-02,
       1.2844090444479307e-02, -9.9987245446719453e-01,
       9.4923199694176841e-03, 3.4770743249668556e-02, 0., 0., 0., 1. ]
Hobj2base8: !!opencv-matrix
   rows: 4
   cols: 4
   dt: d
   data: [ 9.9989408221815479e-01, 1.1685146464149318e-02,
       -8.6765025917921266e-03, -7.4130144792405794e-01,
       1.1724186784589896e-02, -9.9992131213237512e-01,
       4.4623970811918674e-03, 8.8581422857242048e-02,
       -8.6236760928298118e-03, -4.5636493710144634e-03,
       -9.9995240152472520e-01, 6.1315592859749104e-03, 0., 0., 0., 1. ]
mean-rme8: 1.7180636378705465e-03
max-rme8: 5.9331256131092136e-03
Hcamera2end9: !!opencv-matrix
   rows: 4
   cols: 4
   dt: d
   data: [ 9.9991031869834657e-01, 1.3171961963211593e-02,
       2.4194996612301491e-03, -1.3947021361216456e-02,
       -2.5406732350431935e-03, 9.1904087310228366e-03,
       9.9995453965011305e-01, 2.7367480412530690e-02,
       1.3149126970400771e-02, -9.9987100958343444e-01,
       9.2230501744180460e-03, 3.4792015851870785e-02, 0., 0., 0., 1. ]
Hobj2base9: !!opencv-matrix
   rows: 4
   cols: 4
   dt: d
   data: [ 9.9989518647824249e-01, 1.1794609478551810e-02,
       -8.3966210399802517e-03, -7.4125348081075393e-01,
       1.1838996866934907e-02, -9.9991610064731495e-01,
       5.2564074664881158e-03, 8.8573238246030986e-02,
       -8.3339192955828832e-03, -5.3552640940949274e-03,
       -9.9995093226400744e-01, 6.2607555204113241e-03, 0., 0., 0., 1. ]
mean-rme9: 1.6344478863914329e-03
max-rme9: 5.8666465307185001e-03
Hcamera2end10: !!opencv-matrix
   rows: 4
   cols: 4
   dt: d
   data: [ 9.9990837751671735e-01, 1.3272966648470724e-02,
       2.6579932720842839e-03, -1.3915522286846747e-02,
       -2.7806532894104705e-03, 9.2314541038408526e-03,
       9.9995352303115204e-01, 2.7317855577539022e-02,
       1.3247812618313721e-02, -9.9986929576393990e-01,
       9.2675158134628566e-03, 3.4940239895210765e-02, 0., 0., 0., 1. ]
Hobj2base10: !!opencv-matrix
   rows: 4
   cols: 4
   dt: d
   data: [ 9.9989145676974334e-01, 1.2083980469475182e-02,
       -8.4292404695637015e-03, -7.4144470726150979e-01,
       1.2134579510984511e-02, -9.9990850531013287e-01,
       5.9777076331796655e-03, 8.8358435875645444e-02,
       -8.3562347365295463e-03, -6.0793440821787590e-03,
       -9.9994660603282148e-01, 6.3724467036254968e-03, 0., 0., 0., 1. ]
mean-rme10: 1.6711024426344135e-03
max-rme10: 6.0991199144292407e-03
Hcamera2end11: !!opencv-matrix
   rows: 4
   cols: 4
   dt: d
   data: [ 9.9988967979753485e-01, 1.4554198102654386e-02,
       2.9670780192001056e-03, -1.4645342807686668e-02,
       -3.1018555291081745e-03, 9.2465713390421644e-03,
       9.9995243857432969e-01, 2.6918625715705937e-02,
       1.4526070585670098e-02, -9.9985132706620972e-01,
       9.2906962752763445e-03, 3.4881040046130012e-02, 0., 0., 0., 1. ]
Hobj2base11: !!opencv-matrix
   rows: 4
   cols: 4
   dt: d
   data: [ 9.9987968723130038e-01, 1.2923954470865862e-02,
       -8.5780220955637126e-03, -7.4113380926034889e-01,
       1.2980011875849372e-02, -9.9989455217815748e-01,
       6.5118212617341631e-03, 8.7645677536734024e-02,
       -8.4929590803089500e-03, -6.6223806351606018e-03,
       -9.9994200517869203e-01, 6.7135640386314782e-03, 0., 0., 0., 1. ]
mean-rme11: 1.6668277545916106e-03
max-rme11: 6.0864822987027334e-03
Hcamera2end12: !!opencv-matrix
   rows: 4
   cols: 4
   dt: d
   data: [ 9.9987173171649713e-01, 1.5744054176297609e-02,
       2.9402163775645133e-03, -1.3080812737804872e-02,
       -3.0700549555748085e-03, 8.2290238115677594e-03,
       9.9996142822094802e-01, 2.8034984404141466e-02,
       1.5719251789536402e-02, -9.9984219151084142e-01,
       8.2763034003533464e-03, 3.4433900003628830e-02, 0., 0., 0., 1. ]
Hobj2base12: !!opencv-matrix
   rows: 4
   cols: 4
   dt: d
   data: [ 9.9987233651179985e-01, 1.4142038066273165e-02,
       -7.4373004353768118e-03, -7.4092262176549606e-01,
       1.4191137320861419e-02, -9.9987757801909316e-01,
       6.5909480511659084e-03, 8.8744480125985903e-02,
       -7.3431805080924947e-03, -6.6956503795220857e-03,
       -9.9995062176390559e-01, 5.0103717765925000e-03, 0., 0., 0., 1. ]
mean-rme12: 1.8042662038733502e-03
max-rme12: 6.1372674077363465e-03
Hcamera2end13: !!opencv-matrix
   rows: 4
   cols: 4
   dt: d
   data: [ 9.9993863233396962e-01, 1.0737918167397366e-02,
       2.7255604012108242e-03, -1.3316216662210749e-02,
       -2.7902115519630255e-03, 6.0104540240527582e-03,
       9.9997804433993454e-01, 2.7246478468848253e-02,
       1.0721300553835016e-02, -9.9992428291138868e-01,
       6.0400462398322308e-03, 3.5190143043300710e-02, 0., 0., 0., 1. ]
Hobj2base13: !!opencv-matrix
   rows: 4
   cols: 4
   dt: d
   data: [ 9.9993674352741790e-01, 9.8030306109356483e-03,
       -5.5144840759513225e-03, -7.4046598288494159e-01,
       9.8332003290762995e-03, -9.9993668753372766e-01,
       5.4707490679180692e-03, 8.9324122065139552e-02,
       -5.4605050197867070e-03, -5.5246280342599822e-03,
       -9.9996983022989827e-01, 5.2566045161167186e-03, 0., 0., 0., 1. ]
mean-rme13: 1.9456333378078195e-03
max-rme13: 8.0392261319773561e-03
Hcamera2end14: !!opencv-matrix
   rows: 4
   cols: 4
   dt: d
   data: [ 9.9995012358711433e-01, 9.9035362730425618e-03,
       1.2924037307383484e-03, -1.2866347097487154e-02,
       -1.3378853300719000e-03, 4.5872124480884624e-03,
       9.9998858370723409e-01, 2.7093704906581959e-02,
       9.8974946808914506e-03, -9.9994043695174406e-01,
       4.6002334502819320e-03, 3.4880497239983640e-02, 0., 0., 0., 1. ]
Hobj2base14: !!opencv-matrix
   rows: 4
   cols: 4
   dt: d
   data: [ 9.9994973440082735e-01, 9.0090065425955101e-03,
       -4.4007354874208392e-03, -7.3948006060834870e-01,
       9.0261977146212473e-03, -9.9995164867187913e-01,
       3.9023163900297280e-03, 8.9437582791839901e-02,
       -4.3653667121262563e-03, -3.9418421463574323e-03,
       -9.9998270257738064e-01, 5.0162981008853623e-03, 0., 0., 0., 1. ]
mean-rme14: 2.0429758164898205e-03
max-rme14: 7.8394421006724724e-03
Hcamera2end15: !!opencv-matrix
   rows: 4
   cols: 4
   dt: d
   data: [ 9.9995104220469133e-01, 9.7968315511787682e-03,
       1.3911453228922432e-03, -1.2941809787017058e-02,
       -1.4372768880099654e-03, 4.7033597685141038e-03,
       9.9998790624788803e-01, 2.7003081900921953e-02,
       9.7901700137826599e-03, -9.9994094850568338e-01,
       4.7172102619535972e-03, 3.5161278596504406e-02, 0., 0., 0., 1. ]
Hobj2base15: !!opencv-matrix
   rows: 4
   cols: 4
   dt: d
   data: [ 9.9995063342784385e-01, 8.8345190750701453e-03,
       -4.5477444921728800e-03, -7.3966508538834386e-01,
       8.8525072190171316e-03, -9.9995301189996821e-01,
       3.9505832633194406e-03, 8.9518371131281166e-02,
       -4.5126292991023113e-03, -3.9906471775129184e-03,
       -9.9998185529134198e-01, 5.2958627806118739e-03, 0., 0., 0., 1. ]
mean-rme15: 2.0180154883730895e-03
max-rme15: 7.8725068854861024e-03
Hcamera2end16: !!opencv-matrix
   rows: 4
   cols: 4
   dt: d
   data: [ 9.9997102080949085e-01, 7.5337606669958600e-03,
       1.0954412066183630e-03, -1.3023855556128075e-02,
       -1.1412003800177826e-03, 6.0722677116780144e-03,
       9.9998091243109755e-01, 2.7362024366794319e-02,
       7.5269650535510447e-03, -9.9995318391165211e-01,
       6.0806892728112460e-03, 3.4629717519844984e-02, 0., 0., 0., 1. ]
Hobj2base16: !!opencv-matrix
   rows: 4
   cols: 4
   dt: d
   data: [ 9.9996067336421735e-01, 6.7696853973600955e-03,
       -5.7291434439953508e-03, -7.3942588512506724e-01,
       6.7882558129699934e-03, -9.9997174881844475e-01,
       3.2281802922142183e-03, 8.9816508608734066e-02,
       -5.7071278239395106e-03, -3.2669442300306659e-03,
       -9.9997837764993669e-01, 5.1356733196693009e-03, 0., 0., 0., 1. ]
mean-rme16: 2.0749562440907175e-03
max-rme16: 8.0129273782720001e-03
Hcamera2end17: !!opencv-matrix
   rows: 4
   cols: 4
   dt: d
   data: [ 9.9996616136580341e-01, 8.1250064769284053e-03,
       1.2885624121026567e-03, -1.3053461631289393e-02,
       -1.3469145941536012e-03, 7.1804240319373047e-03,
       9.9997331330980899e-01, 2.7542747160972578e-02,
       8.1155372228872424e-03, -9.9994121116217194e-01,
       7.1911247459964800e-03, 3.4181765334830937e-02, 0., 0., 0., 1. ]
Hobj2base17: !!opencv-matrix
   rows: 4
   cols: 4
   dt: d
   data: [ 9.9995363635690138e-01, 7.0563079727386695e-03,
       -6.5523777671669930e-03, -7.3946037760926797e-01,
       7.0788884657136024e-03, -9.9996906387137852e-01,
       3.4293787028280131e-03, 8.9770431668434847e-02,
       -6.5279763096833116e-03, -3.4756032557367823e-03,
       -9.9997265247971034e-01, 5.1721601489277073e-03, 0., 0., 0., 1. ]
mean-rme17: 2.0718993921091684e-03
max-rme17: 8.4871979590907254e-03
Hcamera2end18: !!opencv-matrix
   rows: 4
   cols: 4
   dt: d
   data: [ 9.9996574199829658e-01, 8.1779634752582459e-03,
       1.2789617639119041e-03, -1.3122512900669509e-02,
       -1.3383595343085192e-03, 7.2618065915589503e-03,
       9.9997273710775914e-01, 2.7819317672592912e-02,
       8.1684529473537420e-03, -9.9994019175069870e-01,
       7.2725028719647922e-03, 3.4054904670848082e-02, 0., 0., 0., 1. ]
Hobj2base18: !!opencv-matrix
   rows: 4
   cols: 4
   dt: d
   data: [ 9.9995156078799641e-01, 7.4215230505998648e-03,
       -6.4650656036368019e-03, -7.3963804421300505e-01,
       7.4442644215186272e-03, -9.9996616363649204e-01,
       3.5006441319369260e-03, 8.9650181510757376e-02,
       -6.4388667382098185e-03, -3.5486022213496071e-03,
       -9.9997297384349437e-01, 4.9141838718221214e-03, 0., 0., 0., 1. ]
mean-rme18: 2.0368552952952606e-03
max-rme18: 8.3979271201136962e-03
Hcamera2end19: !!opencv-matrix
   rows: 4
   cols: 4
   dt: d
   data: [ 9.9997000313545992e-01, 7.6711116606652495e-03,
       1.0709225732939472e-03, -1.3075679794587607e-02,
       -1.1306727290197362e-03, 7.7888852982757051e-03,
       9.9996902694282974e-01, 2.7958828882827622e-02,
       7.6625327697985059e-03, -9.9994024187033281e-01,
       7.7973251728944426e-03, 3.3980571191854582e-02, 0., 0., 0., 1. ]
Hobj2base19: !!opencv-matrix
   rows: 4
   cols: 4
   dt: d
   data: [ 9.9994951178576097e-01, 7.1442971558861737e-03,
       -7.0663213602681707e-03, -7.3972867307103674e-01,
       7.1656844238653554e-03, -9.9996980808472880e-01,
       3.0059750045697891e-03, 8.9692258767376590e-02,
       -7.0446324358165698e-03, -3.0564582671650624e-03,
       -9.9997051517367508e-01, 4.8413411612438255e-03, 0., 0., 0., 1. ]
mean-rme19: 2.0165675862774462e-03
max-rme19: 8.5068520367060640e-03
Hcamera2end20: !!opencv-matrix
   rows: 4
   cols: 4
   dt: d
   data: [ 9.9996629393938841e-01, 7.9476758481567822e-03,
       2.0604450337703153e-03, -1.3405260865927606e-02,
       -2.1177785701816604e-03, 7.2122171339422669e-03,
       9.9997174906991271e-01, 2.8057994396889253e-02,
       7.9325909419459342e-03, -9.9994240752786623e-01,
       7.2288054561083781e-03, 3.3327330184418240e-02, 0., 0., 0., 1. ]
Hobj2base20: !!opencv-matrix
   rows: 4
   cols: 4
   dt: d
   data: [ 9.9994938643711417e-01, 7.3649051704123549e-03,
       -6.8543953686550528e-03, -7.3881763676977086e-01,
       7.3940471099892191e-03, -9.9996369159468945e-01,
       4.2359839065104548e-03, 8.9722897046399297e-02,
       -6.8229488767150058e-03, -4.2864512305389466e-03,
       -9.9996753632529201e-01, 4.8328345009224557e-03, 0., 0., 0., 1. ]
mean-rme20: 2.1425222835565797e-03
max-rme20: 8.9181030278978057e-03
Hcamera2end21: !!opencv-matrix
   rows: 4
   cols: 4
   dt: d
   data: [ 9.9997110608208395e-01, 7.3910715582300897e-03,
       1.7773750855667072e-03, -1.3426794169604012e-02,
       -1.8299481805266137e-03, 7.1123857958788061e-03,
       9.9997303226534417e-01, 2.8143375062322003e-02,
       7.3782308604609520e-03, -9.9994739163093560e-01,
       7.1257055691376081e-03, 3.3522315109614828e-02, 0., 0., 0., 1. ]
Hobj2base21: !!opencv-matrix
   rows: 4
   cols: 4
   dt: d
   data: [ 9.9995527866050760e-01, 6.6220395601191678e-03,
       -6.7519827495902624e-03, -7.3888894321853149e-01,
       6.6486659934524364e-03, -9.9997017980354364e-01,
       3.9287076979629505e-03, 8.9899304686638259e-02,
       -6.7257653463421449e-03, -3.9734236789878011e-03,
       -9.9996948752688097e-01, 4.6899942462643235e-03, 0., 0., 0., 1. ]
mean-rme21: 2.1507049139445184e-03
max-rme21: 9.0604606090972095e-03
Hcamera2end22: !!opencv-matrix
   rows: 4
   cols: 4
   dt: d
   data: [ 9.9997031929713065e-01, 7.5299096299958415e-03,
       1.6312528187237677e-03, -1.3419070510234948e-02,
       -1.6840970929759909e-03, 7.0169184754521607e-03,
       9.9997396299708252e-01, 2.8158832198484803e-02,
       7.5182672056750000e-03, -9.9994703025513965e-01,
       7.0293913072980718e-03, 3.3443848497918788e-02, 0., 0., 0., 1. ]
Hobj2base22: !!opencv-matrix
   rows: 4
   cols: 4
   dt: d
   data: [ 9.9995737157505926e-01, 6.5050506145197121e-03,
       -6.5528123123968964e-03, -7.3876755576174646e-01,
       6.5317463110881263e-03, -9.9997042265910330e-01,
       4.0608000568386152e-03, 8.9967107803185495e-02,
       -6.5262027877281224e-03, -4.1034282589769433e-03,
       -9.9997028483535289e-01, 4.6548229038146640e-03, 0., 0., 0., 1. ]
mean-rme22: 2.1368174117850215e-03
max-rme22: 8.9982966758878624e-03
Hcamera2end23: !!opencv-matrix
   rows: 4
   cols: 4
   dt: d
   data: [ 9.9997157999464481e-01, 7.3029066569543196e-03,
       1.8726338065820553e-03, -1.4271987556996973e-02,
       -1.9195142382769205e-03, 6.4177040278885489e-03,
       9.9997756401836324e-01, 2.8594516783608040e-02,
       7.2907247995514061e-03, -9.9995273919789351e-01,
       6.4315396700145300e-03, 3.3343305572650250e-02, 0., 0., 0., 1. ]
Hobj2base23: !!opencv-matrix
   rows: 4
   cols: 4
   dt: d
   data: [ 9.9996077150173901e-01, 6.3046133037658238e-03,
       -6.2215198092504748e-03, -7.3847166713107115e-01,
       6.3317136108926707e-03, -9.9997051102678092e-01,
       4.3458577505681795e-03, 8.9416749956671301e-02,
       -6.1939373904289314e-03, -4.3850801507516390e-03,
       -9.9997120269119488e-01, 3.9721206541704452e-03, 0., 0., 0., 1. ]
mean-rme23: 2.1365595704534359e-03
max-rme23: 8.9437426413218057e-03
Hcamera2end24: !!opencv-matrix
   rows: 4
   cols: 4
   dt: d
   data: [ 9.9997518432962373e-01, 6.7652250762523670e-03,
       1.9653128510827502e-03, -1.4277329775161393e-02,
       -2.0060337112494816e-03, 6.0176294555008836e-03,
       9.9997988177987140e-01, 2.8561888611973844e-02,
       6.7532624474631146e-03, -9.9995900909257462e-01,
       6.0310513935590837e-03, 3.3294790895568131e-02, 0., 0., 0., 1. ]
Hobj2base24: !!opencv-matrix
   rows: 4
   cols: 4
   dt: d
   data: [ 9.9996544823838296e-01, 5.9141422303105448e-03,
       -5.8416822140101056e-03, -7.3820838451252946e-01,
       5.9389481485255828e-03, -9.9997338298427918e-01,
       4.2381856807778805e-03, 8.9429382478314418e-02,
       -5.8164614929481946e-03, -4.2727326917657189e-03,
       -9.9997395592637583e-01, 3.9259379098943552e-03, 0., 0., 0., 1. ]
mean-rme24: 2.1468933337906271e-03
max-rme24: 8.7987980460654258e-03
Hcamera2end25: !!opencv-matrix
   rows: 4
   cols: 4
   dt: d
   data: [ 9.9997039168939594e-01, 7.3636130234651619e-03,
       2.2344905004559614e-03, -1.4319296285713880e-02,
       -2.2765644014620654e-03, 5.7103377823635171e-03,
       9.9998110446994815e-01, 2.8397703648055741e-02,
       7.3507141885648993e-03, -9.9995658368033757e-01,
       5.7269324481842299e-03, 3.3234345118829403e-02, 0., 0., 0., 1. ]
Hobj2base25: !!opencv-matrix
   rows: 4
   cols: 4
   dt: d
   data: [ 9.9996444955323449e-01, 6.3255412897565760e-03,
       -5.5755858067440709e-03, -7.3811121466495544e-01,
       6.3512421994344646e-03, -9.9996923218952105e-01,
       4.6039544768039301e-03, 8.9357104487944691e-02,
       -5.5462917540374758e-03, -4.6392027000277530e-03,
       -9.9997385788133863e-01, 4.0760578398388722e-03, 0., 0., 0., 1. ]
mean-rme25: 2.1737007099579355e-03
max-rme25: 8.5821413648006772e-03
