%YAML:1.0
---
Hcamera2end0: !!opencv-matrix
   rows: 4
   cols: 4
   dt: d
   data: [ 9.9997567240357532e-01, 6.8184381989471292e-03,
       -1.4708846129292677e-03, -2.2379750301457293e-02,
       1.5145633331989008e-03, -6.4052402844809730e-03,
       9.9997833926281010e-01, 2.7676156859541248e-02,
       6.8088691371726981e-03, -9.9995623994124117e-01,
       -6.4154114168659682e-03, 3.3754606611292343e-02, 0., 0., 0., 1. ]
Hobj2base0: !!opencv-matrix
   rows: 4
   cols: 4
   dt: d
   data: [ 9.9998785753874331e-01, 3.2234287730412941e-03,
       3.7275034566102692e-03, -7.3578769734539107e-01,
       3.2181991245805197e-03, -9.9999383015260856e-01,
       1.4081374615616028e-03, 8.1897040767565182e-02,
       3.7320194892927852e-03, -1.3961245149460976e-03,
       -9.9999206140192465e-01, 2.0414738450804104e-03, 0., 0., 0., 1. ]
mean-rme0: 1.3331258850316423e-03
max-rme0: 3.3392990563574920e-03
Hcamera2end1: !!opencv-matrix
   rows: 4
   cols: 4
   dt: d
   data: [ 9.9996343149357036e-01, -5.6734993170222620e-03,
       -6.3989906316031259e-03, -2.3243710414530310e-02,
       6.4173892197299963e-03, 3.2306470363921980e-03,
       9.9997418968457819e-01, 2.8796784752823934e-02,
       -5.6526800020954542e-03, -9.9997868693548964e-01,
       3.2669379498104778e-03, 3.2612288859671039e-02, 0., 0., 0., 1. ]
Hobj2base1: !!opencv-matrix
   rows: 4
   cols: 4
   dt: d
   data: [ 9.9996670413447453e-01, -6.2110277293971139e-03,
       -5.2928023750152455e-03, -7.3592858919976412e-01,
       -6.2315424386507065e-03, -9.9997310160001374e-01,
       -3.8683271945653065e-03, 8.2112462769107303e-02,
       -5.2686337196280880e-03, 3.9011807178825262e-03,
       -9.9997851091297707e-01, 2.6539270225275041e-03, 0., 0., 0., 1. ]
mean-rme1: 1.7840041475341592e-03
max-rme1: 5.8005946782742346e-03
Hcamera2end2: !!opencv-matrix
   rows: 4
   cols: 4
   dt: d
   data: [ 9.9997978975947799e-01, -4.8822602792733018e-03,
       -4.0722975278878774e-03, -1.4631706316544656e-02,
       4.0898996772889464e-03, 3.6007812282716767e-03,
       9.9998515343737771e-01, 2.8819749025279749e-02,
       -4.8675243419959704e-03, -9.9998159878525350e-01,
       3.6206764103576816e-03, 3.3518478315603860e-02, 0., 0., 0., 1. ]
Hobj2base2: !!opencv-matrix
   rows: 4
   cols: 4
   dt: d
   data: [ 9.9997182894658732e-01, -5.3683532214272075e-03,
       -5.2461506752149853e-03, -7.3721039606104133e-01,
       -5.3759498468651037e-03, -9.9998451983397296e-01,
       -1.4350106836124139e-03, 9.1244204289923581e-02,
       -5.2383658197053774e-03, 1.4631733007688514e-03,
       -9.9998520921433154e-01, 3.9383303345301643e-03, 0., 0., 0., 1. ]
mean-rme2: 1.9243824008489385e-03
max-rme2: 6.1400046022563048e-03
Hcamera2end3: !!opencv-matrix
   rows: 4
   cols: 4
   dt: d
   data: [ 9.9999004614438614e-01, -4.0536401951436060e-03,
       -1.8642996853373670e-03, -1.0834080559405776e-02,
       1.8701913653075969e-03, 1.4501249653571247e-03,
       9.9999719975700030e-01, 3.0791171542986474e-02,
       -4.0509253764494119e-03, -9.9999073252643345e-01,
       1.4576916139136253e-03, 3.3019632074571884e-02, 0., 0., 0., 1. ]
Hobj2base3: !!opencv-matrix
   rows: 4
   cols: 4
   dt: d
   data: [ 9.9997966508290947e-01, -5.2539405829708221e-03,
       -3.6146270931958777e-03, -7.3614393939815848e-01,
       -5.2549583512288755e-03, -9.9998615558328230e-01,
       -2.7212955393334019e-04, 9.5097792876758805e-02,
       -3.6131472982848844e-03, 2.9111873503139088e-04,
       -9.9999343018666020e-01, 7.8860948504319269e-04, 0., 0., 0., 1. ]
mean-rme3: 2.2627931761412452e-03
max-rme3: 7.5818054496774867e-03
Hcamera2end4: !!opencv-matrix
   rows: 4
   cols: 4
   dt: d
   data: [ 9.9999314590917776e-01, -3.4494858883980361e-03,
       -1.3450582781953169e-03, -1.0796648130101748e-02,
       1.3498880550594976e-03, 1.3981981705935009e-03,
       9.9999811142027395e-01, 3.1506238708151744e-02,
       -3.4475987157450072e-03, -9.9999307302049922e-01,
       1.4028450070131537e-03, 3.3413534034849986e-02, 0., 0., 0., 1. ]
Hobj2base4: !!opencv-matrix
   rows: 4
   cols: 4
   dt: d
   data: [ 9.9998701011833446e-01, -4.0295142535460441e-03,
       -3.1213153436443508e-03, -7.3633204409836217e-01,
       -4.0306390578654277e-03, -9.9999181422777506e-01,
       -3.5415565527326532e-04, 9.4723439638240578e-02,
       -3.1198627180070077e-03, 3.6673195036921976e-04,
       -9.9999506596997634e-01, -4.1766936909948257e-05, 0., 0., 0., 1. ]
mean-rme4: 2.4020400238530201e-03
max-rme4: 8.0043826738072643e-03
Hcamera2end5: !!opencv-matrix
   rows: 4
   cols: 4
   dt: d
   data: [ 9.9998451931296461e-01, -5.2057047374400719e-03,
       -1.9651393349233272e-03, -1.0535832623068911e-02,
       1.9708591667663916e-03, 1.0938603202825803e-03,
       9.9999745958864550e-01, 3.1959293974654988e-02,
       -5.2035419248663483e-03, -9.9998585195380973e-01,
       1.1041030974745514e-03, 3.3737395912226235e-02, 0., 0., 0., 1. ]
Hobj2base5: !!opencv-matrix
   rows: 4
   cols: 4
   dt: d
   data: [ 9.9998522382630783e-01, -4.4622345100263500e-03,
       -3.1049303094555772e-03, -7.3681624831484460e-01,
       -4.4659989334530151e-03, -9.9998929951625204e-01,
       -1.2065266351259432e-03, 9.4743950979859548e-02,
       -3.0995132804107388e-03, 1.2203754227292929e-03,
       -9.9999445183523461e-01, -3.1196082277614519e-04, 0., 0., 0., 1. ]
mean-rme5: 2.4019342347306170e-03
max-rme5: 7.9301854214578194e-03
Hcamera2end6: !!opencv-matrix
   rows: 4
   cols: 4
   dt: d
   data: [ 9.9998216399770312e-01, -5.7599012190112202e-03,
       -1.5796279365872094e-03, -1.0629081688575036e-02,
       1.5810002340334709e-03, 2.3370471112471591e-04,
       9.9999872290936831e-01, 3.1579826459165815e-02,
       -5.7595246966047307e-03, -9.9998338432198697e-01,
       2.4280694794220903e-04, 3.3263712486973372e-02, 0., 0., 0., 1. ]
Hobj2base6: !!opencv-matrix
   rows: 4
   cols: 4
   dt: d
   data: [ 9.9998284702609086e-01, -5.1833937734881222e-03,
       -2.7272848370937957e-03, -7.3607118542035666e-01,
       -5.1878560537610367e-03, -9.9998521184153333e-01,
       -1.6316396077794347e-03, 9.4694634361458793e-02,
       -2.7187870749898996e-03, 1.6457603814602610e-03,
       -9.9999494982205195e-01, -1.3689208395992192e-05, 0., 0., 0., 1. ]
mean-rme6: 2.4092545463049318e-03
max-rme6: 8.3550781750132974e-03
Hcamera2end7: !!opencv-matrix
   rows: 4
   cols: 4
   dt: d
   data: [ 9.9998358755039929e-01, -5.4981029003655091e-03,
       -1.6110537948789629e-03, -1.0634977331849814e-02,
       1.6116430258169734e-03, 1.0274102044194322e-04,
       9.9999869602466995e-01, 3.1641943219460178e-02,
       -5.4979302096640915e-03, -9.9998488004008335e-01,
       1.1160031340473608e-04, 3.3256277252957087e-02, 0., 0., 0., 1. ]
Hobj2base7: !!opencv-matrix
   rows: 4
   cols: 4
   dt: d
   data: [ 9.9998338881472515e-01, -5.0488129184086709e-03,
       -2.7805723750750347e-03, -7.3609021171721156e-01,
       -5.0529602961728150e-03, -9.9998612877620396e-01,
       -1.4865555579229364e-03, 9.4701738860412554e-02,
       -2.7730284642285647e-03, 1.5005809862850318e-03,
       -9.9999502927256612e-01, -7.5600264137370553e-05, 0., 0., 0., 1. ]
mean-rme7: 2.2658307398666249e-03
max-rme7: 8.2832922354296734e-03
Hcamera2end8: !!opencv-matrix
   rows: 4
   cols: 4
   dt: d
   data: [ 9.9999649083851472e-01, -2.6415039624035856e-03,
       -2.0190956650733118e-04, -1.0886936230869757e-02,
       1.9988900134103164e-04, -7.6517146912524758e-04,
       9.9999968727845601e-01, 3.1354068284533972e-02,
       -2.6416576317880229e-03, -9.9999621847756970e-01,
       -7.6464077642590667e-04, 3.3227552644875820e-02, 0., 0., 0., 1. ]
Hobj2base8: !!opencv-matrix
   rows: 4
   cols: 4
   dt: d
   data: [ 9.9999467128862018e-01, -2.5729721413659773e-03,
       -2.0092806484358818e-03, -7.3606672928166816e-01,
       -2.5725623178443255e-03, -9.9999666963010414e-01,
       2.0652317291316731e-04, 9.4191471844749658e-02,
       -2.0098053351585501e-03, -2.0135307272864562e-04,
       -9.9999796006764674e-01, 2.1656955383988246e-04, 0., 0., 0., 1. ]
mean-rme8: 2.2681291692671916e-03
max-rme8: 8.8128648547150523e-03
Hcamera2end9: !!opencv-matrix
   rows: 4
   cols: 4
   dt: d
   data: [ 9.9999777088414832e-01, -2.1110545058284427e-03,
       -4.0934187749161336e-05, -1.1234110278013940e-02,
       3.8080606992805426e-05, -1.3517548725279216e-03,
       9.9999908565389795e-01, 3.1551770345378170e-02,
       -2.1111079085817273e-03, -9.9999685809888328e-01,
       -1.3516714690728904e-03, 3.3421149502490768e-02, 0., 0., 0., 1. ]
Hobj2base9: !!opencv-matrix
   rows: 4
   cols: 4
   dt: d
   data: [ 9.9999790014591139e-01, -1.7706865399996145e-03,
       -1.0316845180851875e-03, -7.3591661310003398e-01,
       -1.7700492901994267e-03, -9.9999824233543899e-01,
       6.1826494559676733e-04, 9.3907813232496001e-02,
       -1.0327774581471939e-03, -6.1643751488164704e-04,
       -9.9999927668749455e-01, -1.7186277054574242e-04, 0., 0., 0., 1. ]
mean-rme9: 2.2464781940964205e-03
max-rme9: 8.6302484069924468e-03
Hcamera2end10: !!opencv-matrix
   rows: 4
   cols: 4
   dt: d
   data: [ 9.9999581921779235e-01, -2.8770917608020173e-03,
       2.8963759485015343e-04, -1.1288038226981108e-02,
       -2.9253505753194234e-04, -1.0067106159139527e-03,
       9.9999945047833694e-01, 3.1467012699238184e-02,
       -2.8767985985362647e-03, -9.9999535442757725e-01,
       -1.0075480572797613e-03, 3.3571515774820579e-02, 0., 0., 0., 1. ]
Hobj2base10: !!opencv-matrix
   rows: 4
   cols: 4
   dt: d
   data: [ 9.9999716926228410e-01, -2.0547783136753328e-03,
       -1.1997305948701755e-03, -7.3619984001546068e-01,
       -2.0534020812276754e-03, -9.9999723370348859e-01,
       1.1472250271680302e-03, 9.3849676366965881e-02,
       -1.2020845691663470e-03, -1.1447582503744584e-03,
       -9.9999862225966929e-01, -7.2954745467465609e-06, 0., 0., 0., 1. ]
mean-rme10: 2.2150012725225144e-03
max-rme10: 9.0182672165649569e-03
Hcamera2end11: !!opencv-matrix
   rows: 4
   cols: 4
   dt: d
   data: [ 9.9999805301571609e-01, -1.9658913828871178e-03,
       1.7098493441055620e-04, -1.1221401962562978e-02,
       -1.7250515233337117e-04, -7.7315345081263587e-04,
       9.9999968623780777e-01, 3.1646453591996228e-02,
       -1.9657585684726511e-03, -9.9999776874991686e-01,
       -7.7349107188751098e-04, 3.3612840908629107e-02, 0., 0., 0., 1. ]
Hobj2base11: !!opencv-matrix
   rows: 4
   cols: 4
   dt: d
   data: [ 9.9999810082185048e-01, -1.5188157739078945e-03,
       -1.2212908487117689e-03, -7.3634257635098066e-01,
       -1.5178353787289201e-03, -9.9999852545758139e-01,
       8.0327979326982922e-04, 9.3809342352906458e-02,
       -1.2225090818874867e-03, -8.0142454924050531e-04,
       -9.9999893159454767e-01, -2.0684313845184706e-04, 0., 0., 0., 1. ]
mean-rme11: 2.1693106957170246e-03
max-rme11: 8.8180128353665399e-03
Hcamera2end12: !!opencv-matrix
   rows: 4
   cols: 4
   dt: d
   data: [ 9.9999653964705870e-01, -2.5775758127755859e-03,
       5.2611485247273915e-04, -1.1895399449728668e-02,
       -5.2918016514736928e-04, -1.1886854566862670e-03,
       9.9999915349726065e-01, 3.2406883914514135e-02,
       -2.5769482457769178e-03, -9.9999597155679310e-01,
       -1.1900453454094517e-03, 3.3964376776079053e-02, 0., 0., 0., 1. ]
Hobj2base12: !!opencv-matrix
   rows: 4
   cols: 4
   dt: d
   data: [ 9.9999707362390922e-01, -2.2781678608362033e-03,
       -8.1406069532040642e-04, -7.3644559473770388e-01,
       -2.2777903428585259e-03, -9.9999729801063886e-01,
       4.6437331482403324e-04, 9.3192824647143138e-02,
       -8.1511641609833033e-04, -4.6251769630276601e-04,
       -9.9999956083120800e-01, -9.5337867664668167e-04, 0., 0., 0., 1. ]
mean-rme12: 2.1952024634108638e-03
max-rme12: 9.2211023813628945e-03
Hcamera2end13: !!opencv-matrix
   rows: 4
   cols: 4
   dt: d
   data: [ 9.9999590080099454e-01, -2.8518052425780685e-03,
       -2.5610167119474985e-04, -1.1724812913258722e-02,
       2.5494515280801377e-04, -4.0589519261469142e-04,
       9.9999988512602433e-01, 3.2551154649362958e-02,
       -2.8519088654170204e-03, -9.9999585121936940e-01,
       -4.0516647484611923e-04, 3.4061509962025872e-02, 0., 0., 0., 1. ]
Hobj2base13: !!opencv-matrix
   rows: 4
   cols: 4
   dt: d
   data: [ 9.9999617943759689e-01, -2.3464028349824296e-03,
       -1.4613363560468963e-03, -7.3680769755142406e-01,
       -2.3463300072718912e-03, -9.9999724603531837e-01,
       5.1548775818256455e-05, 9.3200830210975458e-02,
       -1.4614532857719035e-03, -4.8119801530031438e-05,
       -9.9999893091881797e-01, -1.0176891769700790e-03, 0., 0., 0., 1. ]
mean-rme13: 2.2278415704759147e-03
max-rme13: 8.8653231898013496e-03
Hcamera2end14: !!opencv-matrix
   rows: 4
   cols: 4
   dt: d
   data: [ 9.9999720120839175e-01, -1.9963311366607093e-03,
       1.2697390976158496e-03, -1.2130761166247863e-02,
       -1.2655467632530042e-03, 2.0998821331890127e-03,
       9.9999699443869172e-01, 3.2822658057228227e-02,
       -1.9989914390099810e-03, -9.9999580256970066e-01,
       2.0973498056481299e-03, 3.3463695008945152e-02, 0., 0., 0., 1. ]
Hobj2base14: !!opencv-matrix
   rows: 4
   cols: 4
   dt: d
   data: [ 9.9999440789270233e-01, -1.0456548459079559e-03,
       -3.1766002686817842e-03, -7.3727285274902465e-01,
       -1.0394651005475773e-03, -9.9999755934066870e-01,
       1.9495704683252298e-03, 9.3059346628405953e-02,
       -3.1786310934903391e-03, -1.9462576010003017e-03,
       -9.9999305416873896e-01, -6.5839094537563088e-04, 0., 0., 0., 1. ]
mean-rme14: 2.3692135724725253e-03
max-rme14: 9.5909011751386664e-03
Hcamera2end15: !!opencv-matrix
   rows: 4
   cols: 4
   dt: d
   data: [ 9.9999991293585866e-01, -4.0723749172789502e-04,
       9.1026921483670909e-05, -1.1735204841069916e-02,
       -9.0702794601050363e-05, 7.9586379823104458e-04,
       9.9999967918685762e-01, 3.2715914919761377e-02,
       -4.0730980611222879e-04, -9.9999960037914037e-01,
       7.9582679136136480e-04, 3.3649630303999895e-02, 0., 0., 0., 1. ]
Hobj2base15: !!opencv-matrix
   rows: 4
   cols: 4
   dt: d
   data: [ 9.9999851183966459e-01, 1.5147305356959039e-04,
       -1.7185384401244570e-03, -7.3709558393723962e-01,
       1.5349026262746556e-04, -9.9999929940819432e-01,
       1.1737222243271524e-03, 9.2912007338494113e-02,
       -1.7183594488411468e-03, -1.1739842565568037e-03,
       -9.9999783449854029e-01, -9.3202030840225250e-04, 0., 0., 0., 1. ]
mean-rme15: 2.4471261674143849e-03
max-rme15: 8.7471742999344904e-03
Hcamera2end16: !!opencv-matrix
   rows: 4
   cols: 4
   dt: d
   data: [ 9.9999974469991404e-01, -6.8655032071080987e-04,
       1.9811300781753170e-04, -1.1841638407310430e-02,
       -1.9739790897286636e-04, 1.0414938445355570e-03,
       9.9999943816216086e-01, 3.2957969197266249e-02,
       -6.8675626845902558e-04, -9.9999922196931190e-01,
       1.0413580550443502e-03, 3.3675592882410517e-02, 0., 0., 0., 1. ]
Hobj2base16: !!opencv-matrix
   rows: 4
   cols: 4
   dt: d
   data: [ 9.9999733557628745e-01, 3.0122144538342030e-05,
       -2.3082315703382354e-03, -7.3739663405891631e-01,
       3.3341619346892509e-05, -9.9999902677429087e-01,
       1.3947540313396761e-03, 9.3011397447924915e-02,
       -2.3081873109254002e-03, -1.3948272753023445e-03,
       -9.9999636335749242e-01, -9.1291273757563250e-04, 0., 0., 0., 1. ]
mean-rme16: 2.4423488981495387e-03
max-rme16: 8.7011283241815174e-03
Hcamera2end17: !!opencv-matrix
   rows: 4
   cols: 4
   dt: d
   data: [ 9.9999977706794962e-01, -6.5996808174359446e-04,
       1.0151936816422009e-04, -1.1774034786321093e-02,
       -1.0077492909847153e-04, 1.1279279395906006e-03,
       9.9999935881128288e-01, 3.2922579078642523e-02,
       -6.6008216511126883e-04, -9.9999914610998253e-01,
       1.1278611799026006e-03, 3.3552811739480770e-02, 0., 0., 0., 1. ]
Hobj2base17: !!opencv-matrix
   rows: 4
   cols: 4
   dt: d
   data: [ 9.9999707379987623e-01, -1.9036287166739049e-04,
       -2.4116703053953556e-03, -7.3730053618983038e-01,
       -1.8739846195977116e-04, -9.9999922677766873e-01,
       1.2293599475706426e-03, 9.2998815325758363e-02,
       -2.4119024651279527e-03, -1.2289044069114269e-03,
       -9.9999633625351692e-01, -8.6536528350375627e-04, 0., 0., 0., 1. ]
mean-rme17: 2.3692536987380678e-03
max-rme17: 8.7083349463813187e-03
Hcamera2end18: !!opencv-matrix
   rows: 4
   cols: 4
   dt: d
   data: [ 9.9999998651772726e-01, 4.3946302685706498e-05,
       -1.5821904991853913e-04, -1.1632184178792101e-02,
       1.5816587679809126e-04, 1.2073361290106943e-03,
       9.9999925866123873e-01, 3.2598751043217584e-02,
       4.4137293681873282e-05, -9.9999927020383073e-01,
       1.2073291619275617e-03, 3.3657133839965374e-02, 0., 0., 0., 1. ]
Hobj2base18: !!opencv-matrix
   rows: 4
   cols: 4
   dt: d
   data: [ 9.9999649235821297e-01, 3.7773069247330033e-04,
       -2.6215626626867007e-03, -7.3759558531760716e-01,
       3.8091967875799248e-04, -9.9999918805838228e-01,
       1.2160521262961990e-03, 9.2872706489718418e-02,
       -2.6211011939191228e-03, -1.2170464656282604e-03,
       -9.9999582430449729e-01, -5.2919991463049509e-04, 0., 0., 0., 1. ]
mean-rme18: 2.3377236442144521e-03
max-rme18: 8.8472602696021696e-03
Hcamera2end19: !!opencv-matrix
   rows: 4
   cols: 4
   dt: d
   data: [ 9.9999997539927987e-01, 1.1402794445962685e-04,
       -1.9026052566488457e-04, -1.1960202741771345e-02,
       1.9019055470297338e-04, 6.1332697716887097e-04,
       9.9999979382876469e-01, 3.3149598629037075e-02,
       1.1414461286342529e-04, -9.9999980541380451e-01,
       6.1330527504255272e-04, 3.3737335655138527e-02, 0., 0., 0., 1. ]
Hobj2base19: !!opencv-matrix
   rows: 4
   cols: 4
   dt: d
   data: [ 9.9999786932215606e-01, 2.3880341690113405e-04,
       -2.0504448483427275e-03, -7.3754443529943214e-01,
       2.4204275388473929e-04, -9.9999872295112713e-01,
       1.5797187789394699e-03, 9.2675552777825271e-02,
       -2.0500649875822914e-03, -1.5802117083854497e-03,
       -9.9999665007664085e-01, -1.2373135246757162e-03, 0., 0., 0., 1. ]
mean-rme19: 2.3162445716711087e-03
max-rme19: 9.0245327630042449e-03
Hcamera2end20: !!opencv-matrix
   rows: 4
   cols: 4
   dt: d
   data: [ 9.9999970219882206e-01, 7.6822941755120200e-04,
       -7.3660227964126603e-05, -1.2049985851998759e-02,
       7.3396892549377655e-05, 3.4280481833859344e-04,
       9.9999993854887459e-01, 3.3114614722141708e-02,
       7.6825462142370579e-04, -9.9999964615414683e-01,
       3.4274833059899645e-04, 3.3478371692196703e-02, 0., 0., 0., 1. ]
Hobj2base20: !!opencv-matrix
   rows: 4
   cols: 4
   dt: d
   data: [ 9.9999829565134202e-01, 5.7956258872030042e-04,
       -1.7529408481188249e-03, -7.3722208950967760e-01,
       5.8261098149012800e-04, -9.9999831821002516e-01,
       1.7390059130666627e-03, 9.2722110055417944e-02,
       -1.7519300372717032e-03, -1.7400242317822849e-03,
       -9.9999695152376211e-01, -1.2204657584339478e-03, 0., 0., 0., 1. ]
mean-rme20: 2.3247269873630069e-03
max-rme20: 9.2339276266319159e-03
Hcamera2end21: !!opencv-matrix
   rows: 4
   cols: 4
   dt: d
   data: [ 9.9999806727035812e-01, 1.9598112122023227e-03,
       -1.5682971906411981e-04, -1.1965347707463483e-02,
       1.5480000944181102e-04, 1.0357746661548983e-03,
       9.9999945160374859e-01, 3.3257485611702484e-02,
       1.9599725776991077e-03, -9.9999754315240874e-01,
       1.0354692854883663e-03, 3.3263745334654440e-02, 0., 0., 0., 1. ]
Hobj2base21: !!opencv-matrix
   rows: 4
   cols: 4
   dt: d
   data: [ 9.9999623417748251e-01, 1.7220459394986240e-03,
       -2.1368642061947471e-03, -7.3738142164621867e-01,
       1.7263090228162225e-03, -9.9999652034845021e-01,
       1.9947802259375367e-03, 9.2568989576682872e-02,
       -2.1334216674636316e-03, -1.9984616019089315e-03,
       -9.9999572732247954e-01, -1.2335440917384255e-03, 0., 0., 0., 1. ]
mean-rme21: 2.3091091654477442e-03
max-rme21: 9.3640395189288350e-03
Hcamera2end22: !!opencv-matrix
   rows: 4
   cols: 4
   dt: d
   data: [ 9.9999825423867894e-01, 1.8651647799126222e-03,
       -1.1260523213344668e-04, -1.2161710234660568e-02,
       1.1035296880473682e-04, 1.2076001065686182e-03,
       9.9999926476183199e-01, 3.3073793388158988e-02,
       1.8652993906626112e-03, -9.9999753142811609e-01,
       1.2073921719162328e-03, 3.3278230232374015e-02, 0., 0., 0., 1. ]
Hobj2base22: !!opencv-matrix
   rows: 4
   cols: 4
   dt: d
   data: [ 9.9999594772757971e-01, 1.7400508753276493e-03,
       -2.2531647456256951e-03, -7.3741632950951563e-01,
       1.7449743086198075e-03, -9.9999609041209769e-01,
       2.1850000415204237e-03, 9.2444957953145876e-02,
       -2.2493539254452256e-03, -2.1889229018992222e-03,
       -9.9999507449959335e-01, -9.6579595836302921e-04, 0., 0., 0., 1. ]
mean-rme22: 2.2502679232209184e-03
max-rme22: 9.3734800100852000e-03
Hcamera2end23: !!opencv-matrix
   rows: 4
   cols: 4
   dt: d
   data: [ 9.9999856389062858e-01, 1.6701982941729233e-03,
       -2.8749667591247761e-04, -1.2146554893171461e-02,
       2.8599240835303498e-04, 9.0082110304956498e-04,
       9.9999955336474156e-01, 3.2973571504263811e-02,
       1.6704565312761954e-03, -9.9999819947787827e-01,
       9.0034214533940560e-04, 3.3563086229638182e-02, 0., 0., 0., 1. ]
Hobj2base23: !!opencv-matrix
   rows: 4
   cols: 4
   dt: d
   data: [ 9.9999641471507594e-01, 1.7812486419115264e-03,
       -1.9994274854290800e-03, -7.3760175321701305e-01,
       1.7855486584481453e-03, -9.9999609270837708e-01,
       2.1509030585857422e-03, 9.2446127127686226e-02,
       -1.9955883799308263e-03, -2.1544654220497055e-03,
       -9.9999568794358473e-01, -9.4448447376001038e-04, 0., 0., 0., 1. ]
mean-rme23: 2.2345496350949959e-03
max-rme23: 9.4576129478922133e-03
Hcamera2end24: !!opencv-matrix
   rows: 4
   cols: 4
   dt: d
   data: [ 9.9999744915934241e-01, 2.2288226723848393e-03,
       -3.6609329870086803e-04, -1.2130574913207199e-02,
       3.6506669956596521e-04, 4.6099094359364212e-04,
       9.9999982710681234e-01, 3.2834292533767177e-02,
       2.2289910527317947e-03, -9.9999740991506803e-01,
       4.6017609874227094e-04, 3.3496277698459927e-02, 0., 0., 0., 1. ]
Hobj2base24: !!opencv-matrix
   rows: 4
   cols: 4
   dt: d
   data: [ 9.9999633626216344e-01, 2.0697373434561527e-03,
       -1.7446058521208066e-03, -7.3742973668111256e-01,
       2.0736240280018643e-03, -9.9999536587138138e-01,
       2.2289726675114273e-03, 9.2428843417677528e-02,
       -1.7399843794254075e-03, -2.2325821577542787e-03,
       -9.9999599400761019e-01, -8.5333063359151293e-04, 0., 0., 0., 1. ]
mean-rme24: 2.2501168683977083e-03
max-rme24: 9.6416225366827146e-03
