%YAML:1.0
---
Hcamera2end0: !!opencv-matrix
   rows: 4
   cols: 4
   dt: d
   data: [ 9.9993615813017667e-01, -4.3498817993273351e-03,
       1.0428719585555012e-02, -1.5783725947927423e-02,
       -1.0501899667863579e-02, -1.7154342760059560e-02,
       9.9979769885104097e-01, 2.4951818670898865e-02,
       -4.1701039829223387e-03, -9.9984339126325306e-01,
       -1.7198929616965897e-02, 3.1621382116090578e-02, 0., 0., 0., 1. ]
Hobj2base0: !!opencv-matrix
   rows: 4
   cols: 4
   dt: d
   data: [ 9.9980935938440396e-01, -5.8085694279571380e-03,
       1.8641496950310327e-02, -7.2660135602445808e-01,
       -5.9466085612119024e-03, -9.9995524733367169e-01,
       7.3580688006451705e-03, 9.3464635684454858e-02,
       1.8597922840133219e-02, -7.4675197392379388e-03,
       -9.9979915653844031e-01, 1.8283843759281289e-03, 0., 0., 0., 1. ]
mean-rme0: 7.7235005509914952e-04
max-rme0: 2.3001999714798993e-03
Hcamera2end1: !!opencv-matrix
   rows: 4
   cols: 4
   dt: d
   data: [ 9.9995323863487473e-01, 3.6400785653333250e-04,
       9.6637488536145434e-03, -1.5029928007827185e-02,
       -9.6577413174585881e-03, -1.3930274996272418e-02,
       9.9985632741468067e-01, 2.5544092429817093e-02,
       4.9857423760927243e-04, -9.9990290275446669e-01,
       -1.3926108103881063e-02, 3.0904407863398715e-02, 0., 0., 0., 1. ]
Hobj2base1: !!opencv-matrix
   rows: 4
   cols: 4
   dt: d
   data: [ 9.9989521655211866e-01, -1.9749839700633530e-03,
       1.4340688773891486e-02, -7.2707037971553756e-01,
       -2.0776882131667684e-03, -9.9997227729764449e-01,
       7.1503739658768575e-03, 9.3140536571481539e-02,
       1.4326169337282469e-02, -7.1794202050732801e-03,
       -9.9987160015555943e-01, 2.1617537531329256e-03, 0., 0., 0., 1. ]
mean-rme1: 8.6766927030347844e-04
max-rme1: 2.8116882295020629e-03
Hcamera2end2: !!opencv-matrix
   rows: 4
   cols: 4
   dt: d
   data: [ 9.9994541755050026e-01, -6.8517719635611835e-04,
       1.0425567225112117e-02, -1.5966999028360358e-02,
       -1.0435693419276623e-02, -1.6966478571245558e-02,
       9.9980159777215316e-01, 2.6588683706368174e-02,
       -5.0815609275594621e-04, -9.9985582417521635e-01,
       -1.6972702798444983e-02, 3.1064941262465853e-02, 0., 0., 0., 1. ]
Hobj2base2: !!opencv-matrix
   rows: 4
   cols: 4
   dt: d
   data: [ 9.9985971761813386e-01, -3.0926391113754014e-03,
       1.6461490452341174e-02, -7.2644977489721962e-01,
       -3.2130408896057895e-03, -9.9996824570480780e-01,
       7.2927327038939255e-03, 9.2536744558442935e-02,
       1.6438413938925180e-02, -7.3446011039071373e-03,
       -9.9983790455343158e-01, 6.8255434977892299e-04, 0., 0., 0., 1. ]
mean-rme2: 9.6672529827966105e-04
max-rme2: 3.0481133814588279e-03
Hcamera2end3: !!opencv-matrix
   rows: 4
   cols: 4
   dt: d
   data: [ 9.9990359325438416e-01, -1.3210205481700618e-02,
       4.2772266835291017e-03, -1.4427355504102027e-02,
       -4.4212136746401235e-03, -1.0889776292414499e-02,
       9.9993093043566961e-01, 2.7749514515900950e-02,
       -1.3162715016827706e-02, -9.9985344088192840e-01,
       -1.0947131585642200e-02, 3.3153538411743372e-02, 0., 0., 0., 1. ]
Hobj2base3: !!opencv-matrix
   rows: 4
   cols: 4
   dt: d
   data: [ 9.9983753552685872e-01, -1.4573639150587183e-02,
       1.0607148225892572e-02, -7.2931050212298931e-01,
       -1.4572872425988844e-02, -9.9989379886898311e-01,
       -1.4957476265703537e-04, 9.4621430331533016e-02,
       1.0608201583371116e-02, -5.0261558274613155e-06,
       -9.9994373143387660e-01, -1.6801117068103598e-04, 0., 0., 0., 1. ]
mean-rme3: 1.8088311910275225e-03
max-rme3: 7.0311256718979531e-03
Hcamera2end4: !!opencv-matrix
   rows: 4
   cols: 4
   dt: d
   data: [ 9.9993522510294974e-01, -9.9057037172238828e-03,
       5.6055893695385415e-03, -1.4804088052650143e-02,
       -5.6980499581829533e-03, -9.3306366401872953e-03,
       9.9994023393729026e-01, 2.7107827180616155e-02,
       -9.8528079747530750e-03, -9.9990740383985321e-01,
       -9.3864754438111042e-03, 3.2616595866373665e-02, 0., 0., 0., 1. ]
Hobj2base4: !!opencv-matrix
   rows: 4
   cols: 4
   dt: d
   data: [ 9.9989166790690431e-01, -1.1583117522619793e-02,
       9.0820613742835822e-03, -7.2923979070596545e-01,
       -1.1600403477974036e-02, -9.9993099624075654e-01,
       1.8529425561016274e-03, 9.4121173246481421e-02,
       9.0599718265170874e-03, -1.9580973993095518e-03,
       -9.9995704045977751e-01, 6.5674858144049717e-04, 0., 0., 0., 1. ]
mean-rme4: 1.8242768989913945e-03
max-rme4: 7.8599319315652560e-03
Hcamera2end5: !!opencv-matrix
   rows: 4
   cols: 4
   dt: d
   data: [ 9.9995466442894754e-01, -7.1491623521468565e-03,
       6.2895599570608491e-03, -1.4894841966778496e-02,
       -6.3673178256413781e-03, -1.0906282282935331e-02,
       9.9992025195536094e-01, 2.7564376248312150e-02,
       -7.0799965041013126e-03, -9.9991496762696164e-01,
       -1.0951308829283191e-02, 3.2879531078265120e-02, 0., 0., 0., 1. ]
Hobj2base5: !!opencv-matrix
   rows: 4
   cols: 4
   dt: d
   data: [ 9.9990720664778321e-01, -8.7520511646885461e-03,
       1.0439333993983401e-02, -7.2952473544936902e-01,
       -8.7869407568734927e-03, -9.9995594570860979e-01,
       3.3009565484270640e-03, 9.3790029322714213e-02,
       1.0409983955917464e-02, -3.3923800509497613e-03,
       -9.9994006019942372e-01, 2.0423977589900666e-04, 0., 0., 0., 1. ]
mean-rme5: 1.8082721461628768e-03
max-rme5: 8.3998447624526185e-03
Hcamera2end6: !!opencv-matrix
   rows: 4
   cols: 4
   dt: d
   data: [ 9.9995316781175203e-01, -7.3943830915695376e-03,
       6.2438194990962013e-03, -1.4967553588286204e-02,
       -6.3218865650479551e-03, -1.0581728833740645e-02,
       9.9992402749666331e-01, 2.7398633795752889e-02,
       -7.3277509169491824e-03, -9.9991667158497977e-01,
       -1.0627979719347369e-02, 3.2750770285604178e-02, 0., 0., 0., 1. ]
Hobj2base6: !!opencv-matrix
   rows: 4
   cols: 4
   dt: d
   data: [ 9.9991018347543004e-01, -8.5802961987166276e-03,
       1.0295800079360054e-02, -7.2965093742578135e-01,
       -8.6152759098817103e-03, -9.9995724970041677e-01,
       3.3579446950373379e-03, 9.3618740237085982e-02,
       1.0266547770719885e-02, -3.4463442545118006e-03,
       -9.9994135863467060e-01, 4.0480991644778935e-04, 0., 0., 0., 1. ]
mean-rme6: 1.7143460046696259e-03
max-rme6: 8.4944175013247358e-03
Hcamera2end7: !!opencv-matrix
   rows: 4
   cols: 4
   dt: d
   data: [ 9.9995625015232859e-01, -6.7184497513075557e-03,
       6.5084724961255577e-03, -1.4856808718847604e-02,
       -6.5805904507269409e-03, -1.0768610467433382e-02,
       9.9992036325795464e-01, 2.7996823974904005e-02,
       -6.6478275108089865e-03, -9.9991944648633535e-01,
       -1.0812350708642837e-02, 3.2696837598530648e-02, 0., 0., 0., 1. ]
Hobj2base7: !!opencv-matrix
   rows: 4
   cols: 4
   dt: d
   data: [ 9.9991494602402164e-01, -8.5351745927740516e-03,
       9.8616181455550289e-03, -7.2962265580210517e-01,
       -8.5767231900061754e-03, -9.9995448860854830e-01,
       4.1785800147337111e-03, 9.3614906751532237e-02,
       9.8255044196156258e-03, -4.2628049789294820e-03,
       -9.9994264233335528e-01, -9.0143381256688405e-05, 0., 0., 0., 1. ]
mean-rme7: 1.6699996158815987e-03
max-rme7: 8.7362231260894596e-03
Hcamera2end8: !!opencv-matrix
   rows: 4
   cols: 4
   dt: d
   data: [ 9.9995383710537766e-01, -7.1995345702793624e-03,
       6.3632036116457579e-03, -1.4836556257419073e-02,
       -6.4391139420597685e-03, -1.0570196410303545e-02,
       9.9992340144607506e-01, 2.8305421880756451e-02,
       -7.1317227843684990e-03, -9.9991821548055559e-01,
       -1.0616067082868330e-02, 3.2714231679737769e-02, 0., 0., 0., 1. ]
