%YAML:1.0
---
Hcamera2end0: !!opencv-matrix
   rows: 4
   cols: 4
   dt: d
   data: [ 9.9977167607691930e-01, 1.6698982236215312e-02,
       1.3331905588554509e-02, -8.8530289433346714e-03,
       -1.3566889363815051e-02, 1.4038401337755024e-02,
       9.9980941323877837e-01, 2.8826075122048222e-02,
       1.6508640990026028e-02, -9.9976200531934334e-01,
       1.4261749279374847e-02, 3.5415154083447434e-02, 0., 0., 0., 1. ]
Hobj2base0: !!opencv-matrix
   rows: 4
   cols: 4
   dt: d
   data: [ 9.9982888845937390e-01, 1.3640141714730309e-02,
       -1.2495612673856191e-02, -7.4358321848299214e-01,
       1.3843100237452803e-02, -9.9977127242963770e-01,
       1.6302496748625821e-02, 9.7456917657040551e-02,
       -1.2270386216773925e-02, -1.6472685222063688e-02,
       -9.9978902187594842e-01, 5.1980826028724947e-03, 0., 0., 0., 1. ]
mean-rme0: 9.3238872667103945e-04
max-rme0: 3.3866649412122030e-03
Hcamera2end1: !!opencv-matrix
   rows: 4
   cols: 4
   dt: d
   data: [ 9.9983868898912742e-01, 1.6522291785604784e-02,
       7.0434277631150361e-03, -1.2453901304269124e-02,
       -7.1363901096686494e-03, 5.5742846340982588e-03,
       9.9995899880296135e-01, 3.1923830168252919e-02,
       1.6482352280712438e-02, -9.9984795905426016e-01,
       5.6912949602968554e-03, 3.4813983744950802e-02, 0., 0., 0., 1. ]
Hobj2base1: !!opencv-matrix
   rows: 4
   cols: 4
   dt: d
   data: [ 9.9987967826029400e-01, 1.4445426494329405e-02,
       -5.6531986952408735e-03, -7.4100272945239987e-01,
       1.4506949399337932e-02, -9.9983428771228899e-01,
       1.0997523993389735e-02, 9.2259312813510491e-02,
       -5.4933979662860639e-03, -1.1078211419586656e-02,
       -9.9992354498257874e-01, -2.9214795627721272e-04, 0., 0., 0., 1. ]
mean-rme1: 1.4724434098018176e-03
max-rme1: 4.4062019654338980e-03
Hcamera2end2: !!opencv-matrix
   rows: 4
   cols: 4
   dt: d
   data: [ 9.9990640597666469e-01, 1.2493671590346696e-02,
       5.5756127037202320e-03, -1.2708465562515618e-02,
       -5.5903895110221390e-03, 1.1481318032317001e-03,
       9.9998371453663060e-01, 3.1571808214942709e-02,
       1.2487066586848020e-02, -9.9992129188429368e-01,
       1.2178688355697354e-03, 3.4812628984232985e-02, 0., 0., 0., 1. ]
Hobj2base2: !!opencv-matrix
   rows: 4
   cols: 4
   dt: d
   data: [ 9.9993849313465022e-01, 1.1075218541512697e-02,
       -5.9116991025896435e-04, -7.3952102596316782e-01,
       1.1079741771915539e-02, -9.9990423027136610e-01,
       8.2927442800657496e-03, 9.2304895220761518e-02,
       -4.9926933886647480e-04, -8.2987842293089330e-03,
       -9.9996543985801956e-01, -1.1951509390292145e-03, 0., 0., 0., 1. ]
mean-rme2: 1.5056838260022601e-03
max-rme2: 5.4248738364706672e-03
Hcamera2end3: !!opencv-matrix
   rows: 4
   cols: 4
   dt: d
   data: [ 9.9997608383306791e-01, 6.9159901819935195e-03,
       2.9011787610773703e-05, -1.0887628546802731e-02,
       -2.5473153726150548e-05, -5.1174729914160721e-04,
       9.9999986873290136e-01, 3.1344553801239523e-02,
       6.9160041208555078e-03, -9.9997595330813038e-01,
       -5.1155888802667526e-04, 3.3490889008053741e-02, 0., 0., 0., 1. ]
Hobj2base3: !!opencv-matrix
   rows: 4
   cols: 4
   dt: d
   data: [ 9.9997942798544237e-01, 6.2317372173486566e-03,
       1.5195582125562912e-03, -7.3708197810512910e-01,
       6.2266659515555168e-03, -9.9997510436868753e-01,
       3.3195291775325103e-03, 9.3567072467529405e-02,
       1.5402068157149777e-03, -3.3099991067464148e-03,
       -9.9999333581223349e-01, -1.6985281460889141e-03, 0., 0., 0., 1. ]
mean-rme3: 1.5752683997166464e-03
max-rme3: 8.5006955180834121e-03
Hcamera2end4: !!opencv-matrix
   rows: 4
   cols: 4
   dt: d
   data: [ 9.9994762145858973e-01, 9.9976725591548743e-03,
       2.1910916705663733e-03, -1.1450334208631355e-02,
       -2.1670817883381521e-03, -2.4117486756480844e-03,
       9.9999474359860885e-01, 3.2063029159022073e-02,
       1.0002904369809645e-02, -9.9994711360737709e-01,
       -2.3899565776415166e-03, 3.3919340123201087e-02, 0., 0., 0., 1. ]
Hobj2base4: !!opencv-matrix
   rows: 4
   cols: 4
   dt: d
   data: [ 9.9996425177950443e-01, 8.0981938312730904e-03,
       2.4319580027291664e-03, -7.3745845470758498e-01,
       8.0864393623310184e-03, -9.9995576030166511e-01,
       4.8048868829777096e-03, 9.3189826127229980e-02,
       2.4707613189564577e-03, -4.7850492359011558e-03,
       -9.9998549921602087e-01, -2.1505950184658785e-03, 0., 0., 0., 1. ]
mean-rme4: 1.8478037054352181e-03
max-rme4: 7.4168509125066562e-03
Hcamera2end5: !!opencv-matrix
   rows: 4
   cols: 4
   dt: d
   data: [ 9.9997030847818569e-01, 7.4014050194909121e-03,
       2.1450794343523655e-03, -1.1418431750718753e-02,
       -2.1206053020228662e-03, -3.3129522300920922e-03,
       9.9999226366041161e-01, 3.2429738116690143e-02,
       7.4084543054040112e-03, -9.9996712123512277e-01,
       -3.2971584047718494e-03, 3.4268875249665959e-02, 0., 0., 0., 1. ]
Hobj2base5: !!opencv-matrix
   rows: 4
   cols: 4
   dt: d
   data: [ 9.9997640347594519e-01, 6.1458265756267139e-03,
       3.0694147676776935e-03, -7.3748623151783343e-01,
       6.1339742791131227e-03, -9.9997375239143582e-01,
       3.8560196750195893e-03, 9.3205776282253183e-02,
       3.0930326310752258e-03, -3.8371009751217069e-03,
       -9.9998785482887209e-01, -2.4952182976160542e-03, 0., 0., 0., 1. ]
mean-rme5: 1.9958199962139870e-03
max-rme5: 7.5355537974593212e-03
Hcamera2end6: !!opencv-matrix
   rows: 4
   cols: 4
   dt: d
   data: [ 9.9997569242034523e-01, 6.5877753830659649e-03,
       2.2838090886232688e-03, -1.2358535973033975e-02,
       -2.2611590362631036e-03, -3.4435958696426017e-03,
       9.9999151436764655e-01, 3.2541032564880785e-02,
       6.5955839971706736e-03, -9.9997237104981496e-01,
       -3.4286161563255035e-03, 3.4581529837128443e-02, 0., 0., 0., 1. ]
Hobj2base6: !!opencv-matrix
   rows: 4
   cols: 4
   dt: d
   data: [ 9.9998099843625632e-01, 5.0652203946420418e-03,
       3.5137314612423798e-03, -7.3733215976831368e-01,
       5.0520854748348967e-03, -9.9998025533911661e-01,
       3.7370261265492442e-03, 9.2444069501286100e-02,
       3.5325909447577485e-03, -3.7192034455312759e-03,
       -9.9998684407693506e-01, -2.5615712943187394e-03, 0., 0., 0., 1. ]
mean-rme6: 2.0144064635807860e-03
max-rme6: 7.5323091410819665e-03
Hcamera2end7: !!opencv-matrix
   rows: 4
   cols: 4
   dt: d
   data: [ 9.9997099665058908e-01, 7.0576524224435517e-03,
       2.8627608896929779e-03, -1.4767829221608705e-02,
       -2.8298018749375181e-03, -4.6755398362421374e-03,
       9.9998506566277690e-01, 3.2424990714699391e-02,
       7.0709319736636678e-03, -9.9996416379264486e-01,
       -4.6554324718688367e-03, 3.4384741214507381e-02, 0., 0., 0., 1. ]
Hobj2base7: !!opencv-matrix
   rows: 4
   cols: 4
   dt: d
   data: [ 9.9997354655227211e-01, 5.5799075509173962e-03,
       4.6659219232639861e-03, -7.3639743918087985e-01,
       5.5596252173656163e-03, -9.9997508964541248e-01,
       4.3486384180649266e-03, 9.0288793697444331e-02,
       4.6900706938395719e-03, -4.3225826043990102e-03,
       -9.9997965905138009e-01, -3.1215378831959684e-03, 0., 0., 0., 1. ]
mean-rme7: 2.1000241186671562e-03
max-rme7: 7.6795914706235535e-03
Hcamera2end8: !!opencv-matrix
   rows: 4
   cols: 4
   dt: d
   data: [ 9.9997125624932948e-01, 7.0379594807341468e-03,
       2.8202484793873463e-03, -1.4800834609349530e-02,
       -2.7880153673430822e-03, -4.5855106680319224e-03,
       9.9998559992743130e-01, 3.2169609831620080e-02,
       7.0507904130956214e-03, -9.9996471948677301e-01,
       -4.5657569240695750e-03, 3.4428829154211540e-02, 0., 0., 0., 1. ]
Hobj2base8: !!opencv-matrix
   rows: 4
   cols: 4
   dt: d
   data: [ 9.9997252009172111e-01, 5.7170614339988263e-03,
       4.7195624768001576e-03, -7.3612757703407428e-01,
       5.6965399407066216e-03, -9.9997431214293742e-01,
       4.3502283805486397e-03, 9.0315839964257710e-02,
       4.7443117642573781e-03, -4.3232236605199982e-03,
       -9.9997940040936051e-01, -2.9811497134945852e-03, 0., 0., 0., 1. ]
mean-rme8: 2.1271316257646315e-03
max-rme8: 7.5972422184119315e-03
Hcamera2end9: !!opencv-matrix
   rows: 4
   cols: 4
   dt: d
   data: [ 9.9997734428160978e-01, 6.1962300851452594e-03,
       2.6301437661931984e-03, -1.3753757333359151e-02,
       -2.6055724715511337e-03, -3.9702638133785051e-03,
       9.9998872393509908e-01, 3.2079164124903636e-02,
       6.2066025806715771e-03, -9.9997292150236960e-01,
       -3.9540291376622960e-03, 3.4164696471909617e-02, 0., 0., 0., 1. ]
Hobj2base9: !!opencv-matrix
   rows: 4
   cols: 4
   dt: d
   data: [ 9.9997987193931859e-01, 4.7928092049090709e-03,
       4.1574867587699819e-03, -7.3593782066233315e-01,
       4.7767553079483063e-03, -9.9998113045328418e-01,
       3.8628158250649525e-03, 9.1407940073598759e-02,
       4.1759220481226095e-03, -3.8428787771309448e-03,
       -9.9998389684921962e-01, -3.0108853789804694e-03, 0., 0., 0., 1. ]
mean-rme9: 2.0848843521043044e-03
max-rme9: 7.4895275269271921e-03
Hcamera2end10: !!opencv-matrix
   rows: 4
   cols: 4
   dt: d
   data: [ 9.9997350896840231e-01, 6.6417881253069289e-03,
       2.9779207375346525e-03, -1.4607221985167604e-02,
       -2.9541110438980962e-03, -3.5917659355746423e-03,
       9.9998918616423282e-01, 3.1875302176556757e-02,
       6.6524122963648570e-03, -9.9997149252764339e-01,
       -3.5720502063374404e-03, 3.3910336416916674e-02, 0., 0., 0., 1. ]
Hobj2base10: !!opencv-matrix
   rows: 4
   cols: 4
   dt: d
   data: [ 9.9997780096024003e-01, 5.3399188566517035e-03,
       3.9853297638896539e-03, -7.3584362553030902e-01,
       5.3231646075477743e-03, -9.9997699987232957e-01,
       4.2028139259672427e-03, 9.0595282959199691e-02,
       4.0076807861305457e-03, -4.1815060611852519e-03,
       -9.9998322661021510e-01, -2.9023931286064897e-03, 0., 0., 0., 1. ]
mean-rme10: 2.0371561933043556e-03
max-rme10: 7.6773376776670677e-03
Hcamera2end11: !!opencv-matrix
   rows: 4
   cols: 4
   dt: d
   data: [ 9.9998121493348868e-01, 5.7296313969330305e-03,
       2.1774076786930090e-03, -1.5376227413526204e-02,
       -2.1597440484378747e-03, -3.0872398531274214e-03,
       9.9999290220267800e-01, 3.2011583471658799e-02,
       5.7363129089328113e-03, -9.9997881991277426e-01,
       -3.0748073218120897e-03, 3.3993890686707558e-02, 0., 0., 0., 1. ]
Hobj2base11: !!opencv-matrix
   rows: 4
   cols: 4
   dt: d
   data: [ 9.9998293857752574e-01, 4.6270820192375632e-03,
       3.5654825540915708e-03, -7.3624828199828651e-01,
       4.6141006734164236e-03, -9.9998272825602696e-01,
       3.6405033453872997e-03, 8.9594282146483434e-02,
       3.5822658795601737e-03, -3.6239897377678171e-03,
       -9.9998701695049430e-01, -2.7671846493606445e-03, 0., 0., 0., 1. ]
mean-rme11: 2.0489223737807476e-03
max-rme11: 7.3883263157247525e-03
Hcamera2end12: !!opencv-matrix
   rows: 4
   cols: 4
   dt: d
   data: [ 9.9998610512502661e-01, 4.7196572224668292e-03,
       2.3482743838216056e-03, -1.5156768258865411e-02,
       -2.3363111811853009e-03, -2.5386778637759289e-03,
       9.9999404836467343e-01, 3.1818418172075341e-02,
       4.7255906449844539e-03, -9.9998563987209654e-01,
       -2.5276160012241977e-03, 3.4168476843926217e-02, 0., 0., 0., 1. ]
Hobj2base12: !!opencv-matrix
   rows: 4
   cols: 4
   dt: d
   data: [ 9.9998736283116274e-01, 3.9908085174312109e-03,
       3.0573886494170859e-03, -7.3626712286082963e-01,
       3.9795535869957994e-03, -9.9998531577008443e-01,
       3.6785047848965084e-03, 8.9988707440540050e-02,
       3.0720239622461939e-03, -3.6662912570438453e-03,
       -9.9998856042316486e-01, -2.3663658877640537e-03, 0., 0., 0., 1. ]
mean-rme12: 2.0528875506318511e-03
max-rme12: 7.4449954732191681e-03
Hcamera2end13: !!opencv-matrix
   rows: 4
   cols: 4
   dt: d
   data: [ 9.9998591147705274e-01, 4.7962414279754430e-03,
       2.2744044434991699e-03, -1.5142045078634876e-02,
       -2.2621122573335214e-03, -2.5667483139413250e-03,
       9.9999414730848690e-01, 3.1841392551462150e-02,
       4.8020511808245167e-03, -9.9998520382616529e-01,
       -2.5558625157253712e-03, 3.4234716064306676e-02, 0., 0., 0., 1. ]
Hobj2base13: !!opencv-matrix
   rows: 4
   cols: 4
   dt: d
   data: [ 9.9998628612689433e-01, 4.3092781283967513e-03,
       2.9761855038229132e-03, -7.3634190416043377e-01,
       4.2993310292107449e-03, -9.9998517802701370e-01,
       3.3405806356491203e-03, 8.9967691137989594e-02,
       2.9905368819511217e-03, -3.3277392166649105e-03,
       -9.9998999137034561e-01, -2.3609950931138064e-03, 0., 0., 0., 1. ]
mean-rme13: 1.9761999269653288e-03
max-rme13: 7.4214218211810234e-03
Hcamera2end14: !!opencv-matrix
   rows: 4
   cols: 4
   dt: d
   data: [ 9.9999143960960257e-01, 3.6647309179785141e-03,
       1.9210556507563009e-03, -1.5112116445878272e-02,
       -1.9108646045910413e-03, -2.7823218365394808e-03,
       9.9999430362460617e-01, 3.1741675988796382e-02,
       3.6700550373817940e-03, -9.9998941416021836e-01,
       -2.7752952141817389e-03, 3.4275142347066204e-02, 0., 0., 0., 1. ]
Hobj2base14: !!opencv-matrix
   rows: 4
   cols: 4
   dt: d
   data: [ 9.9998976064304856e-01, 3.2558912856769104e-03,
       3.1428937293915640e-03, -7.3603554187206499e-01,
       3.2463447292263581e-03, -9.9999011632996626e-01,
       3.0378427016482649e-03, 9.0152722845243838e-02,
       3.1527535516465443e-03, -3.0276086795995518e-03,
       -9.9999044681973137e-01, -2.4182764173069334e-03, 0., 0., 0., 1. ]
mean-rme14: 1.9800565109745968e-03
max-rme14: 7.5168549674666796e-03
Hcamera2end15: !!opencv-matrix
   rows: 4
   cols: 4
   dt: d
   data: [ 9.9998962456735874e-01, 4.1978699614993800e-03,
       1.7687977327448289e-03, -1.5281959569440310e-02,
       -1.7591934790546842e-03, -2.2904781090780091e-03,
       9.9999582946547083e-01, 3.1942361660119586e-02,
       4.2019038466239948e-03, -9.9998856573353778e-01,
       -2.2830694789144346e-03, 3.4239910955257288e-02, 0., 0., 0., 1. ]
Hobj2base15: !!opencv-matrix
   rows: 4
   cols: 4
   dt: d
   data: [ 9.9998732051283290e-01, 4.1274438929325150e-03,
       2.8849645535830668e-03, -7.3604876982081890e-01,
       4.1183574849658925e-03, -9.9998656310688427e-01,
       3.1484499848678563e-03, 8.9878921759865282e-02,
       2.8979208392849645e-03, -3.1365287487735666e-03,
       -9.9999088207954046e-01, -2.5936606607978507e-03, 0., 0., 0., 1. ]
mean-rme15: 2.0293301381677743e-03
max-rme15: 7.5761156711564026e-03
Hcamera2end16: !!opencv-matrix
   rows: 4
   cols: 4
   dt: d
   data: [ 9.9998982383377277e-01, 4.2162648610062602e-03,
       1.6047864412486676e-03, -1.5259113678633187e-02,
       -1.5941953165728546e-03, -2.5141296269093338e-03,
       9.9999556883693841e-01, 3.1716941889749023e-02,
       4.2202808191859550e-03, -9.9998795105883209e-01,
       -2.5073824930135213e-03, 3.4255128468746995e-02, 0., 0., 0., 1. ]
Hobj2base16: !!opencv-matrix
   rows: 4
   cols: 4
   dt: d
   data: [ 9.9998555691430424e-01, 4.2729062126633964e-03,
       3.2600974351198165e-03, -7.3605615532015678e-01,
       4.2632937739114597e-03, -9.9998656145187037e-01,
       2.9497867486626712e-03, 8.9890743004041665e-02,
       3.2726577862679193e-03, -2.9358453915423847e-03,
       -9.9999033521472169e-01, -2.4514516804688465e-03, 0., 0., 0., 1. ]
mean-rme16: 2.0051627518210186e-03
max-rme16: 7.6899546124096219e-03
Hcamera2end17: !!opencv-matrix
   rows: 4
   cols: 4
   dt: d
   data: [ 9.9998016400736556e-01, 5.9588346018078549e-03,
       2.0405592347609645e-03, -1.5286066071855743e-02,
       -2.0245495472049225e-03, -2.6915117595984750e-03,
       9.9999432846570613e-01, 3.1596406497045641e-02,
       5.9642929952495767e-03, -9.9997862379884694e-01,
       -2.6793944148959525e-03, 3.4269899628878754e-02, 0., 0., 0., 1. ]
Hobj2base17: !!opencv-matrix
   rows: 4
   cols: 4
   dt: d
   data: [ 9.9997547803347675e-01, 5.8277570619610572e-03,
       3.8833721617128813e-03, -7.3591978415609127e-01,
       5.8154794378161793e-03, -9.9997807993167065e-01,
       3.1654154667839630e-03, 8.9639636682406071e-02,
       3.9017343102703403e-03, -3.1427541736160258e-03,
       -9.9998744970403308e-01, -2.4974448323738323e-03, 0., 0., 0., 1. ]
mean-rme17: 2.0796339855389629e-03
max-rme17: 7.3342410263281532e-03
Hcamera2end18: !!opencv-matrix
   rows: 4
   cols: 4
   dt: d
   data: [ 9.9998074262202763e-01, 5.8128309302372325e-03,
       2.1737943036686694e-03, -1.5388895752300817e-02,
       -2.1570502199990526e-03, -2.8852580888567569e-03,
       9.9999351118900215e-01, 3.1567749817117380e-02,
       5.8190651694741344e-03, -9.9997894291946809e-01,
       -2.8726639581142521e-03, 3.4303723911226575e-02, 0., 0., 0., 1. ]
Hobj2base18: !!opencv-matrix
   rows: 4
   cols: 4
   dt: d
   data: [ 9.9997611633865480e-01, 5.6120852884970797e-03,
       4.0337638720965288e-03, -7.3579740071220101e-01,
       5.5984488797612558e-03, -9.9997860291190266e-01,
       3.3839456999510890e-03, 8.9716301626637643e-02,
       4.0526685531753611e-03, -3.3612820581070207e-03,
       -9.9998613873419484e-01, -2.5131818267330624e-03, 0., 0., 0., 1. ]
mean-rme18: 2.0374545231325830e-03
max-rme18: 7.3815840515142339e-03
Hcamera2end19: !!opencv-matrix
   rows: 4
   cols: 4
   dt: d
   data: [ 9.9998821437883023e-01, 4.6937970398399018e-03,
       1.2407146277051441e-03, -1.5171655682815387e-02,
       -1.2212292720392801e-03, -4.1518901119830254e-03,
       9.9999063515993136e-01, 3.1675976508559744e-02,
       4.6989043939758704e-03, -9.9998036484615371e-01,
       -4.1461089770369330e-03, 3.4520980785871340e-02, 0., 0., 0., 1. ]
Hobj2base19: !!opencv-matrix
   rows: 4
   cols: 4
   dt: d
   data: [ 9.9997765665994620e-01, 4.7676298243461718e-03,
       4.6857109109215084e-03, -7.3561173977450067e-01,
       4.7548718650836704e-03, -9.9998496871650100e-01,
       2.7301162255166638e-03, 8.9928669450377294e-02,
       4.6986566622131175e-03, -2.7077752706231948e-03,
       -9.9998529518121115e-01, -2.8175853706214403e-03, 0., 0., 0., 1. ]
mean-rme19: 2.1733674640221365e-03
max-rme19: 7.9749292023787444e-03
Hcamera2end20: !!opencv-matrix
   rows: 4
   cols: 4
   dt: d
   data: [ 9.9998831981229785e-01, 4.6597917129569712e-03,
       1.2831914001036374e-03, -1.5217278161409704e-02,
       -1.2640351076507583e-03, -4.1115968891831667e-03,
       9.9999074845033831e-01, 3.1698667819235998e-02,
       4.6650245684314176e-03, -9.9998069036967552e-01,
       -4.1056587246401932e-03, 3.4566165520538164e-02, 0., 0., 0., 1. ]
Hobj2base20: !!opencv-matrix
   rows: 4
   cols: 4
   dt: d
   data: [ 9.9997606143938778e-01, 5.0261197199871800e-03,
       4.7554882746285720e-03, -7.3569421460310513e-01,
       5.0132678045326541e-03, -9.9998375972285536e-01,
       2.7106155137184662e-03, 8.9922630940057660e-02,
       4.7690349222678369e-03, -2.6867100892226663e-03,
       -9.9998501883518598e-01, -2.8040782171220857e-03, 0., 0., 0., 1. ]
mean-rme20: 2.1240067932919797e-03
max-rme20: 7.9731903867916176e-03
Hcamera2end21: !!opencv-matrix
   rows: 4
   cols: 4
   dt: d
   data: [ 9.9999061473342721e-01, 4.2576096972140841e-03,
       8.0200045416061036e-04, -1.5590273224828158e-02,
       -7.8637817099802944e-04, -3.6696683331731705e-03,
       9.9999295754705009e-01, 3.1825230569283922e-02,
       4.2605227888679372e-03, -9.9998420302222302e-01,
       -3.6662858010312327e-03, 3.4401732384929100e-02, 0., 0., 0., 1. ]
Hobj2base21: !!opencv-matrix
   rows: 4
   cols: 4
   dt: d
   data: [ 9.9997980540274589e-01, 4.6937988630541896e-03,
       4.2845115146980459e-03, -7.3556317762544388e-01,
       4.6830880193308548e-03, -9.9998589293000184e-01,
       2.5065170238963838e-03, 8.9445883886670893e-02,
       4.2962161595511885e-03, -2.4864016612514079e-03,
       -9.9998768009085515e-01, -2.9898825803699120e-03, 0., 0., 0., 1. ]
mean-rme21: 2.1378247855992835e-03
max-rme21: 8.1898595970718580e-03
Hcamera2end22: !!opencv-matrix
   rows: 4
   cols: 4
   dt: d
   data: [ 9.9999337383197395e-01, 3.3718377542121640e-03,
       1.3722253114281690e-03, -1.5368195787962387e-02,
       -1.3576615369755185e-03, -4.3177387982038518e-03,
       9.9998975689095015e-01, 3.2376737650778184e-02,
       3.3777281265773796e-03, -9.9998499380832206e-01,
       -4.3131323737133354e-03, 3.4353743686430425e-02, 0., 0., 0., 1. ]
Hobj2base22: !!opencv-matrix
   rows: 4
   cols: 4
   dt: d
   data: [ 9.9998049096683073e-01, 3.9429120993931099e-03,
       4.8447012201620005e-03, -7.3528449431572673e-01,
       3.9297186034475320e-03, -9.9998855270890186e-01,
       2.7297917234902856e-03, 8.9912357797502757e-02,
       4.8554090902722226e-03, -2.7107001553799909e-03,
       -9.9998453843408686e-01, -3.7352805099506703e-03, 0., 0., 0., 1. ]
mean-rme22: 2.2203490336376842e-03
max-rme22: 7.9096762300997492e-03
Hcamera2end23: !!opencv-matrix
   rows: 4
   cols: 4
   dt: d
   data: [ 9.9999233592113501e-01, 3.5203428351376692e-03,
       1.7132674382793471e-03, -1.5631844162578651e-02,
       -1.6977170053915306e-03, -4.4155566690011749e-03,
       9.9998881024553110e-01, 3.2083810984749377e-02,
       3.5278684728285740e-03, -9.9998405489568987e-01,
       -4.4095462819306874e-03, 3.4340441760152420e-02, 0., 0., 0., 1. ]
Hobj2base23: !!opencv-matrix
   rows: 4
   cols: 4
   dt: d
   data: [ 9.9997993928453677e-01, 3.9883546090134633e-03,
       4.9207779879692328e-03, -7.3521909661058271e-01,
       3.9729115498032116e-03, -9.9998716512593888e-01,
       3.1441305962431531e-03, 8.9720019622098066e-02,
       4.9332547381583389e-03, -3.1245177070314623e-03,
       -9.9998295004804327e-01, -3.4508378084789236e-03, 0., 0., 0., 1. ]
mean-rme23: 2.1827033137544033e-03
max-rme23: 7.7357396427935599e-03
Hcamera2end24: !!opencv-matrix
   rows: 4
   cols: 4
   dt: d
   data: [ 9.9999641680470375e-01, 2.3100135670318560e-03,
       1.3528544168754863e-03, -1.5121334040957354e-02,
       -1.3428832335169668e-03, -4.3126130503354787e-03,
       9.9998979896461915e-01, 3.2014305382652125e-02,
       2.3158243401151489e-03, -9.9998803253138902e-01,
       -4.3094955189124651e-03, 3.4302389649285468e-02, 0., 0., 0., 1. ]
Hobj2base24: !!opencv-matrix
   rows: 4
   cols: 4
   dt: d
   data: [ 9.9998426229794701e-01, 2.7474354920581302e-03,
       4.8914982007227121e-03, -7.3492238525937914e-01,
       2.7343974211060137e-03, -9.9999269665562784e-01,
       2.6701509599974167e-03, 9.0255055236695178e-02,
       4.8987985439435059e-03, -2.6567336378917708e-03,
       -9.9998447164903692e-01, -3.5288068501589591e-03, 0., 0., 0., 1. ]
mean-rme24: 2.1927441654703630e-03
max-rme24: 7.9041506915592530e-03
