%YAML:1.0
---
Hcamera2end0: !!opencv-matrix
   rows: 4
   cols: 4
   dt: d
   data: [ 9.9999032898135176e-01, -4.2994678403096417e-03,
       9.2548368868243611e-04, -1.6003563756568303e-02,
       -8.7872162749386509e-04, 1.0865430776858531e-02,
       9.9994058336599900e-01, 2.8659972394371822e-02,
       -4.3092681593570655e-03, -9.9993172616450321e-01,
       1.0861547661696780e-02, 3.2534957367876129e-02, 0., 0., 0., 1. ]
Hobj2base0: !!opencv-matrix
   rows: 4
   cols: 4
   dt: d
   data: [ 9.9991216446907882e-01, -3.6668222643090140e-03,
       -1.2736473658111874e-02, -7.3581647371464365e-01,
       -3.6867935807029994e-03, -9.9999201036195839e-01,
       -1.5449159660099320e-03, 8.8741825880082489e-02,
       -1.2730706966036768e-02, 1.5917370168193488e-03,
       -9.9991769434959710e-01, 3.9301000651514968e-03, 0., 0., 0., 1. ]
mean-rme0: 1.3511655145122721e-03
max-rme0: 4.2052839735385594e-03
Hcamera2end1: !!opencv-matrix
   rows: 4
   cols: 4
   dt: d
   data: [ 9.9997323442739605e-01, 7.2254208111636551e-03,
       -1.1505315787308009e-03, -1.5565580187316963e-02,
       1.1312177159751775e-03, 2.6765614912117597e-03,
       9.9999577817361962e-01, 2.7590439234069248e-02,
       7.2284697752095176e-03, -9.9997031421571980e-01,
       2.6683163274838773e-03, 3.3389032561482040e-02, 0., 0., 0., 1. ]
Hobj2base1: !!opencv-matrix
   rows: 4
   cols: 4
   dt: d
   data: [ 9.9996463610445674e-01, 6.8953552082420934e-03,
       -4.8146253264038817e-03, -7.3582356050553532e-01,
       6.8927265363700431e-03, -9.9997608675218519e-01,
       -5.6235636459133626e-04, 8.6858721762135382e-02,
       -4.8183878399627898e-03, 5.2915058172961753e-04,
       -9.9998825150012904e-01, 3.1622805025302331e-03, 0., 0., 0., 1. ]
mean-rme1: 1.8000235532430128e-03
max-rme1: 4.3955706899460045e-03
Hcamera2end2: !!opencv-matrix
   rows: 4
   cols: 4
   dt: d
   data: [ 9.9997850298521551e-01, 6.3874745671998519e-03,
       -1.4811266322018687e-03, -1.7658116795220318e-02,
       1.4784762274405675e-03, 4.1963977384407158e-04,
       9.9999881900455512e-01, 2.8804156259292238e-02,
       6.3880885632664561e-03, -9.9997951182567413e-01,
       4.1018702354067571e-04, 3.3533006946024707e-02, 0., 0., 0., 1. ]
Hobj2base2: !!opencv-matrix
   rows: 4
   cols: 4
   dt: d
   data: [ 9.9997071574948027e-01, 6.6746042383846859e-03,
       -3.7439687142335793e-03, -7.3583835373350359e-01,
       6.6727257314740870e-03, -9.9997760501207211e-01,
       -5.1400937030035186e-04, 8.4772192196453919e-02,
       -3.7473156772209978e-03, 4.8901184154388213e-04,
       -9.9999285922082159e-01, 1.3555998412153047e-03, 0., 0., 0., 1. ]
mean-rme2: 1.8237870417057410e-03
max-rme2: 4.1955224860346085e-03
Hcamera2end3: !!opencv-matrix
   rows: 4
   cols: 4
   dt: d
   data: [ 9.9998312291446556e-01, 5.7068232368628286e-03,
       -1.0890614198345665e-03, -1.6771502199972321e-02,
       1.0947959837604290e-03, -1.0018334046208999e-03,
       9.9999889887518545e-01, 2.9619721044169517e-02,
       5.7057258948280763e-03, -9.9998321410830326e-01,
       -1.0080643037526649e-03, 3.3546872292762708e-02, 0., 0., 0., 1. ]
Hobj2base3: !!opencv-matrix
   rows: 4
   cols: 4
   dt: d
   data: [ 9.9997993117140882e-01, 6.0404631425307349e-03,
       -1.9105128756834991e-03, -7.3573035751957705e-01,
       6.0395425988028599e-03, -9.9998164309581927e-01,
       -4.8723360192524012e-04, 8.5827820122576268e-02,
       -1.9134209211959360e-03, 4.7568519981934737e-04,
       -9.9999805627009564e-01, -4.1471865122445615e-05, 0., 0., 0., 1. ]
mean-rme3: 1.8289027362436525e-03
max-rme3: 4.0611568356716532e-03
Hcamera2end4: !!opencv-matrix
   rows: 4
   cols: 4
   dt: d
   data: [ 9.9997421378730644e-01, 7.1797211723694755e-03,
       -1.5285400024364062e-04, -1.6827504325640851e-02,
       1.6397787253813727e-04, -1.5487828903091305e-03,
       9.9999878719067259e-01, 2.9252190157973000e-02,
       7.1794757270763759e-03, -9.9997302607392657e-01,
       -1.5499202684674529e-03, 3.3975975236792237e-02, 0., 0., 0., 1. ]
Hobj2base4: !!opencv-matrix
   rows: 4
   cols: 4
   dt: d
   data: [ 9.9997661333584009e-01, 6.7685945883903583e-03,
       -9.7923882779551931e-04, -7.3619355532312669e-01,
       6.7689122774428189e-03, -9.9997703897665380e-01,
       3.2147482690578720e-04, 8.5554272644880316e-02,
       -9.7704041069623438e-04, -3.2809569040598827e-04,
       -9.9999946887248603e-01, 1.9990893418470046e-04, 0., 0., 0., 1. ]
mean-rme4: 1.8319682978317009e-03
max-rme4: 4.4953431638688479e-03
Hcamera2end5: !!opencv-matrix
   rows: 4
   cols: 4
   dt: d
   data: [ 9.9997298605579898e-01, 7.3342431698614000e-03,
       -4.8583513072340432e-04, -1.6723442584242652e-02,
       4.9512184174848326e-04, -1.2644499986833591e-03,
       9.9999907800985599e-01, 2.9224098765566590e-02,
       7.3336220935310819e-03, -9.9997230463814635e-01,
       -1.2680471848878216e-03, 3.4144850372490668e-02, 0., 0., 0., 1. ]
Hobj2base5: !!opencv-matrix
   rows: 4
   cols: 4
   dt: d
   data: [ 9.9997641063373077e-01, 6.7411555141027790e-03,
       -1.3171933855586888e-03, -7.3639694796462651e-01,
       6.7406676869695053e-03, -9.9997721133628348e-01,
       -3.7444257735974964e-04, 8.5620123065901166e-02,
       -1.3196875441266593e-03, 3.6555498160512013e-04,
       -9.9999906239673120e-01, 4.0663936321067018e-04, 0., 0., 0., 1. ]
mean-rme5: 1.7619902623476804e-03
max-rme5: 4.5149529801387089e-03
Hcamera2end6: !!opencv-matrix
   rows: 4
   cols: 4
   dt: d
   data: [ 9.9997910389262767e-01, 6.4646529932163941e-03,
       6.3067200906192708e-06, -1.7107327152742262e-02,
       -2.5064342208396158e-06, -5.8786405994504243e-04,
       9.9999982720476766e-01, 2.9247252098505067e-02,
       6.4646555836492536e-03, -9.9997893111681346e-01,
       -5.8783557264696640e-04, 3.4566399232603427e-02, 0., 0., 0., 1. ]
Hobj2base6: !!opencv-matrix
   rows: 4
   cols: 4
   dt: d
   data: [ 9.9998255196222841e-01, 5.6535728478346913e-03,
       -1.7125668347170477e-03, -7.3680761957162499e-01,
       5.6542028434396910e-03, -9.9998394889162401e-01,
       3.6324828794962827e-04, 8.6020276216445091e-02,
       -1.7104856954634085e-03, -3.7292515024621735e-04,
       -9.9999846758158450e-01, 1.0090868030084577e-03, 0., 0., 0., 1. ]
mean-rme6: 1.8630140776229589e-03
max-rme6: 4.5958637301837246e-03
Hcamera2end7: !!opencv-matrix
   rows: 4
   cols: 4
   dt: d
   data: [ 9.9998419844344211e-01, 5.5693525104526815e-03,
       -7.6496799998270653e-04, -1.6929020079343590e-02,
       7.6837348129732246e-04, -6.0935407663209595e-04,
       9.9999951914478558e-01, 2.9218898409074268e-02,
       5.5688836960312033e-03, -9.9998430537695115e-01,
       -6.1362379066620676e-04, 3.4845870823325173e-02, 0., 0., 0., 1. ]
Hobj2base7: !!opencv-matrix
   rows: 4
   cols: 4
   dt: d
   data: [ 9.9998710824571913e-01, 4.8609957173983386e-03,
       -1.4676726473385790e-03, -7.3697839175286828e-01,
       4.8606974127224350e-03, -9.9998816536777757e-01,
       -2.0674875734813633e-04, 8.6142340783289847e-02,
       -1.4686602827966211e-03, 1.9961217935431661e-04,
       -9.9999890159537275e-01, 9.0309788176758858e-04, 0., 0., 0., 1. ]
mean-rme7: 1.7857187258510689e-03
max-rme7: 4.8207263021836366e-03
Hcamera2end8: !!opencv-matrix
   rows: 4
   cols: 4
   dt: d
   data: [ 9.9996543370007773e-01, 8.2846664181425358e-03,
       7.0406488023128100e-04, -1.7062906698517660e-02,
       -7.0346658629630819e-04, -7.5130843515625045e-05,
       9.9999974974502759e-01, 2.9588404165888704e-02,
       8.2847172418519140e-03, -9.9996567873987352e-01,
       -6.9300260516547141e-05, 3.4415199572275811e-02, 0., 0., 0., 1. ]
Hobj2base8: !!opencv-matrix
   rows: 4
   cols: 4
   dt: d
   data: [ 9.9997032552464027e-01, 7.5011670203231923e-03,
       -1.7551534058618170e-03, -7.3698772130898449e-01,
       7.5033252795609819e-03, -9.9997109769053605e-01,
       1.2263332880413334e-03, 8.5605183699267937e-02,
       -1.7459037470587439e-03, -1.2394663841641053e-03,
       -9.9999770776896701e-01, 8.2475096215774743e-04, 0., 0., 0., 1. ]
mean-rme8: 1.9373342681336734e-03
max-rme8: 8.2934981640305772e-03
Hcamera2end9: !!opencv-matrix
   rows: 4
   cols: 4
   dt: d
   data: [ 9.9995685783828492e-01, 9.2846443047398391e-03,
       2.7900236274209286e-04, -1.6910859512107357e-02,
       -2.7796997180917337e-04, -1.1248364290405988e-04,
       9.9999995504006145e-01, 2.9320839513704462e-02,
       9.2846752705049405e-03, -9.9995689043456493e-01,
       -1.0989793780091794e-04, 3.4404529768320029e-02, 0., 0., 0., 1. ]
Hobj2base9: !!opencv-matrix
   rows: 4
   cols: 4
   dt: d
   data: [ 9.9996251365836453e-01, 8.4818623543978632e-03,
       -1.7404852904432176e-03, -7.3714244456416411e-01,
       8.4846562578228622e-03, -9.9996271789886881e-01,
       1.6041884221985126e-03, 8.5548963295411493e-02,
       -1.7268138961069957e-03, -1.6188957064544782e-03,
       -9.9999719864130610e-01, 1.1040677774476926e-03, 0., 0., 0., 1. ]
mean-rme9: 1.9176878376936514e-03
max-rme9: 8.4824305555111223e-03
Hcamera2end10: !!opencv-matrix
   rows: 4
   cols: 4
   dt: d
   data: [ 9.9996710637820296e-01, 7.9486458810045894e-03,
       1.6140601791870411e-03, -1.7404521474443890e-02,
       -1.6076917577789529e-03, -8.0752019182495083e-04,
       9.9999838161786625e-01, 2.8907560568174985e-02,
       7.9499364032436237e-03, -9.9996808296055029e-01,
       -7.9471465709279876e-04, 3.4774833256012015e-02, 0., 0., 0., 1. ]
Hobj2base10: !!opencv-matrix
   rows: 4
   cols: 4
   dt: d
   data: [ 9.9995883389514151e-01, 9.0480380243509514e-03,
       -6.8082521897748255e-04, -7.3737244779791311e-01,
       9.0508757920154132e-03, -9.9994984880371662e-01,
       4.2873680529462608e-03, 8.5394102101644442e-02,
       -6.4199880561084579e-04, -4.2933536231964638e-03,
       -9.9999057743170727e-01, 1.5603567976463228e-03, 0., 0., 0., 1. ]
mean-rme10: 2.0590542031695886e-03
max-rme10: 9.2654152113227084e-03
Hcamera2end11: !!opencv-matrix
   rows: 4
   cols: 4
   dt: d
   data: [ 9.9997319910211324e-01, 7.1654131621096337e-03,
       1.5026415745443976e-03, -1.7151696467409962e-02,
       -1.5024741570626287e-03, -2.8747604454038012e-05,
       9.9999887087185368e-01, 2.7813591288575561e-02,
       7.1654482687855750e-03, -9.9997432768436179e-01,
       -1.7980985891563606e-05, 3.4590801913696165e-02, 0., 0., 0., 1. ]
Hobj2base11: !!opencv-matrix
   rows: 4
   cols: 4
   dt: d
   data: [ 9.9996527844686167e-01, 8.2237665317547674e-03,
       -1.3459438032647072e-03, -7.3708178411180048e-01,
       8.2290881815113796e-03, -9.9995815116181030e-01,
       3.9972531511971296e-03, 8.5934177008043275e-02,
       -1.3130150003965058e-03, -4.0081902506038563e-03,
       -9.9999110516170253e-01, 2.7497829759432066e-03, 0., 0., 0., 1. ]
mean-rme11: 2.0440405039175774e-03
max-rme11: 9.4448481699347941e-03
Hcamera2end12: !!opencv-matrix
   rows: 4
   cols: 4
   dt: d
   data: [ 9.9997743722693611e-01, 6.6389831069096081e-03,
       1.0241778924180377e-03, -1.6973216797141012e-02,
       -1.0229491337122882e-03, -1.8847543381883547e-04,
       9.9999945902589404e-01, 2.7760437526608506e-02,
       6.6391725477642390e-03, -9.9997794394692385e-01,
       -1.8167983927241949e-04, 3.4116823890893017e-02, 0., 0., 0., 1. ]
Hobj2base12: !!opencv-matrix
   rows: 4
   cols: 4
   dt: d
   data: [ 9.9996845509546761e-01, 7.8650387392011425e-03,
       -1.1090444601670839e-03, -7.3651934496780502e-01,
       7.8691476270767412e-03, -9.9996200433477522e-01,
       3.7505202841357833e-03, 8.5943016387685894e-02,
       -1.0795043339581689e-03, -3.7591292089135197e-03,
       -9.9999235177974399e-01, 2.7742138143661615e-03, 0., 0., 0., 1. ]
mean-rme12: 1.9945320439979214e-03
max-rme12: 9.5316165523234020e-03
Hcamera2end13: !!opencv-matrix
   rows: 4
   cols: 4
   dt: d
   data: [ 9.9998232895046324e-01, 5.9422911360847812e-03,
       -1.7596267062674814e-04, -1.6681185954925039e-02,
       1.7361881612073778e-04, 3.9494970931341911e-04,
       9.9999990693561247e-01, 2.7938663890066301e-02,
       5.9423600794747105e-03, -9.9998226643815080e-01,
       3.9391103658548143e-04, 3.3944104643317270e-02, 0., 0., 0., 1. ]
Hobj2base13: !!opencv-matrix
   rows: 4
   cols: 4
   dt: d
   data: [ 9.9997203514832234e-01, 7.3222259746301577e-03,
       -1.5211601161222337e-03, -7.3649436618136754e-01,
       7.3264576532894570e-03, -9.9996925451272833e-01,
       2.7951829121328113e-03, 8.6074816433566931e-02,
       -1.5006463863901844e-03, -2.8062494604319038e-03,
       -9.9999493649937476e-01, 2.5963553035601335e-03, 0., 0., 0., 1. ]
mean-rme13: 2.0188399933497411e-03
max-rme13: 1.0122941713742339e-02
Hcamera2end14: !!opencv-matrix
   rows: 4
   cols: 4
   dt: d
   data: [ 9.9998000415189048e-01, 6.3100035433097442e-03,
       -4.1851125265750981e-04, -1.6554745686113811e-02,
       4.1480355365456755e-04, 5.8888790692368520e-04,
       9.9999974057448882e-01, 2.7690744941539558e-02,
       6.3102483625494515e-03, -9.9997991833152156e-01,
       5.8625871971718091e-04, 3.4019496098139777e-02, 0., 0., 0., 1. ]
Hobj2base14: !!opencv-matrix
   rows: 4
   cols: 4
   dt: d
   data: [ 9.9997071386258052e-01, 7.4921975338372755e-03,
       -1.5615355503936516e-03, -7.3673107396871018e-01,
       7.4962013532848190e-03, -9.9996858988381754e-01,
       2.5741427779703151e-03, 8.6017946437447729e-02,
       -1.5422005162077357e-03, -2.5857729761772454e-03,
       -9.9999546768757130e-01, 2.8270680041810464e-03, 0., 0., 0., 1. ]
mean-rme14: 1.9689720807473583e-03
max-rme14: 1.0227437066093692e-02
Hcamera2end15: !!opencv-matrix
   rows: 4
   cols: 4
   dt: d
   data: [ 9.9998386394753058e-01, 5.6596664787075552e-03,
       -4.8991827522010603e-04, -1.6218503281517152e-02,
       4.8398763791189124e-04, 1.0491996205552745e-03,
       9.9999933246783856e-01, 2.8004983985148956e-02,
       5.6601767227666203e-03, -9.9998343354052921e-01,
       1.0464434820046664e-03, 3.3810202816833820e-02, 0., 0., 0., 1. ]
Hobj2base15: !!opencv-matrix
   rows: 4
   cols: 4
   dt: d
   data: [ 9.9997292360307855e-01, 6.9729762948593397e-03,
       -2.3515234004670912e-03, -7.3695087247019664e-01,
       6.9779271883630345e-03, -9.9997344091064377e-01,
       2.1038073773646036e-03, 8.6432126169775650e-02,
       -2.3367911471756618e-03, -2.1201591729111987e-03,
       -9.9999502215371860e-01, 2.6886592349010937e-03, 0., 0., 0., 1. ]
mean-rme15: 1.9446526004175528e-03
max-rme15: 1.0200089010623026e-02
Hcamera2end16: !!opencv-matrix
   rows: 4
   cols: 4
   dt: d
   data: [ 9.9998317655008151e-01, 5.7803801637975171e-03,
       -4.8355141456700489e-04, -1.6163968584064280e-02,
       4.7540824663588931e-04, 1.4100509574118680e-03,
       9.9999889287103538e-01, 2.8224943846103998e-02,
       5.7810555963062789e-03, -9.9998229932407268e-01,
       1.4072791950916486e-03, 3.4077036655948627e-02, 0., 0., 0., 1. ]
Hobj2base16: !!opencv-matrix
   rows: 4
   cols: 4
   dt: d
   data: [ 9.9997139808522162e-01, 6.9757478281917218e-03,
       -2.9226620955410017e-03, -7.3748862264153547e-01,
       6.9809711325441717e-03, -9.9997404706009907e-01,
       1.7807999026419458e-03, 8.6420197825330169e-02,
       -2.9101638328139874e-03, -1.8011519880740459e-03,
       -9.9999414338184089e-01, 2.8386741260600797e-03, 0., 0., 0., 1. ]
mean-rme16: 1.9457474945445954e-03
max-rme16: 1.0158557371439558e-02
Hcamera2end17: !!opencv-matrix
   rows: 4
   cols: 4
   dt: d
   data: [ 9.9998465511889967e-01, 5.5348484424972352e-03,
       -2.3447697946344347e-04, -1.6273607576020359e-02,
       2.2646063337850540e-04, 1.4489229541209125e-03,
       9.9999892466834905e-01, 2.8400807911644295e-02,
       5.5351822297772793e-03, -9.9998363290355485e-01,
       1.4476472952864583e-03, 3.3788116542820962e-02, 0., 0., 0., 1. ]
Hobj2base17: !!opencv-matrix
   rows: 4
   cols: 4
   dt: d
   data: [ 9.9997418944399974e-01, 6.6402263309670913e-03,
       -2.7436909609796054e-03, -7.3713654622219393e-01,
       6.6454619238557888e-03, -9.9997610690025929e-01,
       1.9035399707430529e-03, 8.6510579604450272e-02,
       -2.7309854694620400e-03, -1.9217239331300565e-03,
       -9.9999442433220143e-01, 2.6814804936462007e-03, 0., 0., 0., 1. ]
mean-rme17: 1.9300217659514686e-03
max-rme17: 1.0101416265834162e-02
Hcamera2end18: !!opencv-matrix
   rows: 4
   cols: 4
   dt: d
   data: [ 9.9998868642231598e-01, 4.7544588750475011e-03,
       -1.4882263449604409e-04, -1.6338476823290995e-02,
       1.4619436017457039e-04, 5.5314474557388582e-04,
       9.9999983632903644e-01, 2.8114894247643948e-02,
       4.7545404173389297e-03, -9.9998854451023400e-01,
       5.5244341245463957e-04, 3.3978205794987434e-02, 0., 0., 0., 1. ]
Hobj2base18: !!opencv-matrix
   rows: 4
   cols: 4
   dt: d
   data: [ 9.9997913477662947e-01, 6.1245744174866189e-03,
       -2.0541663974101196e-03, -7.3697998231590223e-01,
       6.1290523970882835e-03, -9.9997883922174613e-01,
       2.1807855104356956e-03, 8.6568547699627893e-02,
       -2.0407665465032479e-03, -2.1933301013409619e-03,
       -9.9999551227741446e-01, 2.8378342501774942e-03, 0., 0., 0., 1. ]
mean-rme18: 1.9781258639652135e-03
max-rme18: 9.9845516497372166e-03
Hcamera2end19: !!opencv-matrix
   rows: 4
   cols: 4
   dt: d
   data: [ 9.9997769747390974e-01, 6.6732510679425351e-03,
       -2.6884003074072269e-04, -1.6182307034304177e-02,
       2.6528388974820941e-04, 5.3377427268341826e-04,
       9.9999982235472606e-01, 2.8749496599445128e-02,
       6.6733933823628971e-03, -9.9997759115152685e-01,
       5.3199206216814066e-04, 3.4046453090388562e-02, 0., 0., 0., 1. ]
Hobj2base19: !!opencv-matrix
   rows: 4
   cols: 4
   dt: d
   data: [ 9.9996755411552674e-01, 7.9276732873838664e-03,
       -1.4292349210340322e-03, -7.3705872389687754e-01,
       7.9317700451394940e-03, -9.9996438447420588e-01,
       2.8838874931383469e-03, 8.6282066225793444e-02,
       -1.4063215002376632e-03, -2.8951302855920362e-03,
       -9.9999482022681851e-01, 2.1770022440477589e-03, 0., 0., 0., 1. ]
mean-rme19: 2.0546738854409765e-03
max-rme19: 1.0086897205501405e-02
Hcamera2end20: !!opencv-matrix
   rows: 4
   cols: 4
   dt: d
   data: [ 9.9997861721879933e-01, 6.5378125325258832e-03,
       -1.4870261445306928e-04, -1.5216578352977265e-02,
       1.3999483305107479e-04, 1.3323479979724384e-03,
       9.9999910262472691e-01, 2.8075447510298751e-02,
       6.5380047892852362e-03, -9.9997774068031220e-01,
       1.3314042486927136e-03, 3.4145512878399620e-02, 0., 0., 0., 1. ]
Hobj2base20: !!opencv-matrix
   rows: 4
   cols: 4
   dt: d
   data: [ 9.9996682995705344e-01, 7.7802059503879395e-03,
       -2.4098508275181250e-03, -7.3724174070619641e-01,
       7.7868512268465936e-03, -9.9996587157489958e-01,
       2.7605494784666705e-03, 8.7215594549880926e-02,
       -2.3882909396259477e-03, -2.7792230607946908e-03,
       -9.9999328597024406e-01, 3.2309949106621547e-03, 0., 0., 0., 1. ]
mean-rme20: 2.0767211594730274e-03
max-rme20: 9.9225081769631907e-03
Hcamera2end21: !!opencv-matrix
   rows: 4
   cols: 4
   dt: d
   data: [ 9.9998164548042934e-01, 6.0565784533108680e-03,
       -1.6297144467274441e-04, -1.5172854058460788e-02,
       1.5811966393001640e-04, 8.0154638475271600e-04,
       9.9999966626072678e-01, 2.8554803208785628e-02,
       6.0567070611650727e-03, -9.9998133751627194e-01,
       8.0057400860422678e-04, 3.4449387536051701e-02, 0., 0., 0., 1. ]
Hobj2base21: !!opencv-matrix
   rows: 4
   cols: 4
   dt: d
   data: [ 9.9997345479182986e-01, 7.1425662512934257e-03,
       -1.4399510540611343e-03, -7.3712153243289569e-01,
       7.1463040602203392e-03, -9.9997106502978417e-01,
       2.6075738679733262e-03, 8.7242373785345856e-02,
       -1.4212846200131327e-03, -2.6177949774463371e-03,
       -9.9999556353990093e-01, 2.5646605474644486e-03, 0., 0., 0., 1. ]
mean-rme21: 2.1328699386608209e-03
max-rme21: 9.7894458754201885e-03
Hcamera2end22: !!opencv-matrix
   rows: 4
   cols: 4
   dt: d
   data: [ 9.9999154415313707e-01, 3.9914824052967790e-03,
       -9.8979312622571899e-04, -1.4966930226879893e-02,
       9.9082606627696394e-04, -2.5681693481249823e-04,
       9.9999947615424689e-01, 2.8345370719095118e-02,
       3.9912261187388968e-03, -9.9999200102464314e-01,
       -2.6076962801790948e-04, 3.4453305885411227e-02, 0., 0., 0., 1. ]
Hobj2base22: !!opencv-matrix
   rows: 4
   cols: 4
   dt: d
   data: [ 9.9998523370585302e-01, 5.4101414630262643e-03,
       -5.1258131124360892e-04, -7.3655574191560902e-01,
       5.4108287952615271e-03, -9.9998445122544499e-01,
       1.3491623678917053e-03, 8.7431215363699605e-02,
       -5.0527418196547340e-04, -1.3519159354821186e-03,
       -9.9999895851011034e-01, 2.4746689127077242e-03, 0., 0., 0., 1. ]
mean-rme22: 2.2165885153022876e-03
max-rme22: 9.9366280222698555e-03
Hcamera2end23: !!opencv-matrix
   rows: 4
   cols: 4
   dt: d
   data: [ 9.9998993872298914e-01, 3.9147410095922396e-03,
       -2.1902638243591283e-03, -1.4536082130042162e-02,
       2.1905314380468903e-03, -6.4074113083734119e-05,
       9.9999759873038041e-01, 2.8222778689693626e-02,
       3.9145912700316197e-03, -9.9999233531929432e-01,
       -7.2648831669797076e-05, 3.4757788502093545e-02, 0., 0., 0., 1. ]
Hobj2base23: !!opencv-matrix
   rows: 4
   cols: 4
   dt: d
   data: [ 9.9998391189473923e-01, 5.6098978700974975e-03,
       -8.3964134092141200e-04, -7.3697627737764326e-01,
       5.6102309128794907e-03, -9.9998418458786120e-01,
       3.9482053496714750e-04, 8.7365697711089235e-02,
       -8.3741315876937337e-04, -3.9952476485939078e-04,
       -9.9999956955948943e-01, 2.5275979073508554e-03, 0., 0., 0., 1. ]
mean-rme23: 2.2365858778055667e-03
max-rme23: 1.0354052396884444e-02
Hcamera2end24: !!opencv-matrix
   rows: 4
   cols: 4
   dt: d
   data: [ 9.9998705246797703e-01, 4.6900914590986467e-03,
       -1.9743197594592633e-03, -1.4539531248757006e-02,
       1.9748175371047273e-03, -1.0150519241691747e-04,
       9.9999804489428412e-01, 2.7986333331034216e-02,
       4.6898818857669510e-03, -9.9998899630885985e-01,
       -1.1076595303927128e-04, 3.4553863845344771e-02, 0., 0., 0., 1. ]
Hobj2base24: !!opencv-matrix
   rows: 4
   cols: 4
   dt: d
   data: [ 9.9997976601044236e-01, 6.3118853436707530e-03,
       -7.9225823392656237e-04, -7.3691238547746984e-01,
       6.3125590364912273e-03, -9.9997971371037320e-01,
       8.5074445699592934e-04, 8.7238080152632583e-02,
       -7.8687236047724786e-04, -8.5572841991527805e-04,
       -9.9999932428015148e-01, 2.8104465242781503e-03, 0., 0., 0., 1. ]
mean-rme24: 2.2735700810834415e-03
max-rme24: 1.0265597849589359e-02
