%YAML:1.0
---
Hcamera2end0: !!opencv-matrix
   rows: 4
   cols: 4
   dt: d
   data: [ 9.9991331296517449e-01, -1.2632424796502778e-02,
       3.7132733227963838e-03, -1.2828780326991317e-02,
       -3.5995141915954511e-03, 9.0161766988725578e-03,
       9.9995287491727292e-01, 2.6177853653535040e-02,
       -1.2665309020848742e-02, -9.9987955794760375e-01,
       8.9699245209198253e-03, 3.5249869541216519e-02, 0., 0., 0., 1. ]
Hobj2base0: !!opencv-matrix
   rows: 4
   cols: 4
   dt: d
   data: [ 9.9991252767245420e-01, -1.1413440674411943e-02,
       -6.6835900274641270e-03, -7.3784122337194002e-01,
       -1.1380144335593884e-02, -9.9992274905498557e-01,
       4.9988235836807065e-03, 9.3370090667720451e-02,
       -6.7401274902326091e-03, -4.9223261057543726e-03,
       -9.9996517008700025e-01, 5.6313556149226547e-03, 0., 0., 0., 1. ]
mean-rme0: 1.0662333273732021e-03
max-rme0: 3.1821289763998006e-03
Hcamera2end1: !!opencv-matrix
   rows: 4
   cols: 4
   dt: d
   data: [ 9.9992952266649593e-01, -1.1470935607855290e-02,
       3.0606104348879460e-03, -1.3218118465321648e-02,
       -2.9736070270259141e-03, 7.5940792279237668e-03,
       9.9996674325795887e-01, 2.6337689295065692e-02,
       -1.1493796640037159e-02, -9.9990536932099738e-01,
       7.5594339627392815e-03, 3.5285649613732692e-02, 0., 0., 0., 1. ]
Hobj2base1: !!opencv-matrix
   rows: 4
   cols: 4
   dt: d
   data: [ 9.9993665108087282e-01, -1.0054803653850621e-02,
       -5.0591252851962028e-03, -7.3768854027308550e-01,
       -1.0038659240516175e-02, -9.9994447034399481e-01,
       3.2064854780695790e-03, 9.2582190949138096e-02,
       -5.0910849356103401e-03, -3.1554955158871823e-03,
       -9.9998206169022263e-01, 4.9103112392363136e-03, 0., 0., 0., 1. ]
mean-rme1: 9.5738672976877943e-04
max-rme1: 3.1966525594382400e-03
Hcamera2end2: !!opencv-matrix
   rows: 4
   cols: 4
   dt: d
   data: [ 9.9991363839519010e-01, -1.2610977484114905e-02,
       3.6985129698579545e-03, -1.3157738381027547e-02,
       -3.6583503106870034e-03, 3.2063207728766363e-03,
       9.9998816792005396e-01, 2.7098752625862581e-02,
       -1.2622686888985123e-02, -9.9991533779315378e-01,
       3.1599084964720747e-03, 3.5248181310443626e-02, 0., 0., 0., 1. ]
Hobj2base2: !!opencv-matrix
   rows: 4
   cols: 4
   dt: d
   data: [ 9.9994233286249856e-01, -1.0540635049987810e-02,
       -2.0557145344114753e-03, -7.3661588592236782e-01,
       -1.0535196732878201e-02, -9.9994102199921797e-01,
       2.6385891986401644e-03, 9.2916531311557721e-02,
       -2.0834056982677630e-03, -2.6167796817073751e-03,
       -9.9999440592675004e-01, 3.1815373598480523e-03, 0., 0., 0., 1. ]
mean-rme2: 1.1335381243343769e-03
max-rme2: 4.3757502714683316e-03
Hcamera2end3: !!opencv-matrix
   rows: 4
   cols: 4
   dt: d
   data: [ 9.9998722745458635e-01, -4.8003628066583025e-03,
       1.5815955911179320e-03, -1.1674229835447367e-02,
       -1.5879357723491581e-03, -1.3172474001357237e-03,
       9.9999787165736975e-01, 2.5427720982339346e-02,
       -4.7982692371610347e-03, -9.9998761061135688e-01,
       -1.3248532433545179e-03, 3.5753699182378383e-02, 0., 0., 0., 1. ]
Hobj2base3: !!opencv-matrix
   rows: 4
   cols: 4
   dt: d
   data: [ 9.9999192997446384e-01, -3.4893305604669976e-03,
       1.9911198323489085e-03, -7.3667085326384851e-01,
       -3.4911870329398932e-03, -9.9999347364829605e-01,
       9.2966333455372062e-04, 9.2405881099137666e-02,
       1.9878629349163938e-03, -9.3660720388659662e-04,
       -9.9999758558103413e-01, 3.6072485063593320e-03, 0., 0., 0., 1. ]
mean-rme3: 1.5331922626923399e-03
max-rme3: 4.5694345533699166e-03
Hcamera2end4: !!opencv-matrix
   rows: 4
   cols: 4
   dt: d
   data: [ 9.9999796819285403e-01, -1.8406527517364031e-03,
       8.2195353352080929e-04, -1.1246038148327519e-02,
       -8.2247366763431350e-04, -2.8184222238736290e-04,
       9.9999962205094262e-01, 2.5098692412951672e-02,
       -1.8404203948528437e-03, -9.9999826627970179e-01,
       -2.8335553815783676e-04, 3.5588227170463602e-02, 0., 0., 0., 1. ]
Hobj2base4: !!opencv-matrix
   rows: 4
   cols: 4
   dt: d
   data: [ 9.9999881356508646e-01, -1.2866636626264933e-03,
       8.4697404843600576e-04, -7.3689880506231809e-01,
       -1.2869449338033980e-03, -9.9999911689731702e-01,
       3.3162829151023830e-04, 9.2473235728574507e-02,
       8.4654660639876594e-04, -3.3271790701555257e-04,
       -9.9999958632873343e-01, 4.0320415565860464e-03, 0., 0., 0., 1. ]
mean-rme4: 1.6816159190966590e-03
max-rme4: 4.2129034749334437e-03
Hcamera2end5: !!opencv-matrix
   rows: 4
   cols: 4
   dt: d
   data: [ 9.9999650384353045e-01, -2.4023257647411665e-03,
       1.1050482505584563e-03, -1.1294566058161979e-02,
       -1.1055574775166773e-03, -2.1065486168692082e-04,
       9.9999936668339584e-01, 2.5023232151298803e-02,
       -2.4020914595219924e-03, -9.9999709222349698e-01,
       -2.1331003441726892e-04, 3.5450756409559962e-02, 0., 0., 0., 1. ]
Hobj2base5: !!opencv-matrix
   rows: 4
   cols: 4
   dt: d
   data: [ 9.9999717643791386e-01, -2.3220395512133386e-03,
       5.0522126087152396e-04, -7.3667252355131818e-01,
       -2.3221259114642326e-03, -9.9999728934112686e-01,
       1.7041610872847740e-04, 9.2428413127171927e-02,
       5.0482417844439887e-04, -1.7158881492890634e-04,
       -9.9999985785490386e-01, 4.0181296189440848e-03, 0., 0., 0., 1. ]
mean-rme5: 1.6493562679105627e-03
max-rme5: 4.5059668247874052e-03
Hcamera2end6: !!opencv-matrix
   rows: 4
   cols: 4
   dt: d
   data: [ 9.9999660954015790e-01, -2.2904752591616827e-03,
       1.2388023555272548e-03, -1.1811664415801934e-02,
       -1.2397635520883224e-03, -4.1827720472742413e-04,
       9.9999914401489087e-01, 2.5031922679968371e-02,
       -2.2899551357624887e-03, -9.9999728937995969e-01,
       -4.2111543431855303e-04, 3.5433066735544791e-02, 0., 0., 0., 1. ]
Hobj2base6: !!opencv-matrix
   rows: 4
   cols: 4
   dt: d
   data: [ 9.9999736416466423e-01, -2.1637281524180063e-03,
       7.6807825540467023e-04, -7.3652655166783798e-01,
       -2.1639689111400016e-03, -9.9999760970593243e-01,
       3.1276344714992188e-04, 9.1969110572775722e-02,
       7.6739968439612700e-04, -3.1442472022299452e-04,
       -9.9999965611735098e-01, 3.8974882143727511e-03, 0., 0., 0., 1. ]
mean-rme6: 1.5496233264785495e-03
max-rme6: 4.5019428191803434e-03
Hcamera2end7: !!opencv-matrix
   rows: 4
   cols: 4
   dt: d
   data: [ 9.9999500667139307e-01, -2.9635487120266207e-03,
       1.0972744924979475e-03, -1.1562302306429326e-02,
       -1.1016278256467749e-03, -1.4677268663803034e-03,
       9.9999831609557188e-01, 2.6479933389287263e-02,
       -2.9619332224413890e-03, -9.9999453156348661e-01,
       -1.4709842652615990e-03, 3.5759955611184197e-02, 0., 0., 0., 1. ]
Hobj2base7: !!opencv-matrix
   rows: 4
   cols: 4
   dt: d
   data: [ 9.9999369725283427e-01, -2.6631883249458432e-03,
       2.3479528429645141e-03, -7.3610310455507366e-01,
       -2.6630536366433685e-03, -9.9999645223693245e-01,
       -6.0488648858460974e-05, 9.1669983222380638e-02,
       2.3481056056475652e-03, 5.4235543256677028e-05,
       -9.9999724172548099e-01, 2.1204560715619202e-03, 0., 0., 0., 1. ]
mean-rme7: 1.7312055501036044e-03
max-rme7: 6.2201221308406940e-03
Hcamera2end8: !!opencv-matrix
   rows: 4
   cols: 4
   dt: d
   data: [ 9.9999229488613983e-01, -3.9043801282474069e-03,
       4.0741154354344451e-04, -1.1541436504442055e-02,
       -4.1363269780964095e-04, -1.5927032125091500e-03,
       9.9999864610131761e-01, 2.6595588097527757e-02,
       -3.9037259564380809e-03, -9.9999110951662529e-01,
       -1.5943059198351150e-03, 3.5816100296821113e-02, 0., 0., 0., 1. ]
