%YAML:1.0
---
Hcamera2end0: !!opencv-matrix
   rows: 4
   cols: 4
   dt: d
   data: [ 9.9998635934376046e-01, -5.2214776812948109e-03,
       1.3151895449485572e-04, -1.8825167668357973e-02,
       -1.2125994304744208e-04, 1.9650396399883974e-03,
       9.9999806195574148e-01, 2.8667926957721773e-02,
       -5.2217260017989632e-03, -9.9998443727391895e-01,
       1.9643796794719393e-03, 3.2919304872931439e-02, 0., 0., 0., 1. ]
Hobj2base0: !!opencv-matrix
   rows: 4
   cols: 4
   dt: d
   data: [ 9.9998406810223905e-01, -4.9237484706243818e-03,
       -2.7604787074862135e-03, -7.3628749163618423e-01,
       -4.9236195107965983e-03, -9.9998787748029971e-01,
       5.3510353913395539e-05, 8.6841289145495340e-02,
       -2.7607087150519432e-03, -3.9917954568590145e-05,
       -9.9999618843970972e-01, 3.0953862720265644e-03, 0., 0., 0., 1. ]
mean-rme0: 9.5105667388422689e-04
max-rme0: 3.2719052890082256e-03
Hcamera2end1: !!opencv-matrix
   rows: 4
   cols: 4
   dt: d
   data: [ 9.9997752202356649e-01, -6.0916520102368716e-03,
       -2.8012895947861971e-03, -1.9636877302248706e-02,
       2.8268047266542702e-03, 4.1839722083029107e-03,
       9.9998725169453928e-01, 2.9043799590697677e-02,
       -6.0798538341842899e-03, -9.9997269270332911e-01,
       4.2010980717698265e-03, 3.3104874302550394e-02, 0., 0., 0., 1. ]
Hobj2base1: !!opencv-matrix
   rows: 4
   cols: 4
   dt: d
   data: [ 9.9997698985615702e-01, -5.0984039860567168e-03,
       -4.4750458114016251e-03, -7.3703609858377184e-01,
       -5.1088580683931011e-03, -9.9998424040480027e-01,
       -2.3277695914977921e-03, 8.5434743784024672e-02,
       -4.4631073767272249e-03, 2.3505784030846662e-03,
       -9.9998727764592799e-01, 2.7549408036180523e-03, 0., 0., 0., 1. ]
mean-rme1: 1.0725495000287787e-03
max-rme1: 3.0598164702133612e-03
Hcamera2end2: !!opencv-matrix
   rows: 4
   cols: 4
   dt: d
   data: [ 9.9997479252128085e-01, -6.9190240632000296e-03,
       -1.5941856962458363e-03, -1.8283688902440705e-02,
       1.6057172564705306e-03, 1.6614105417119829e-03,
       9.9999733068998964e-01, 2.9600598422895773e-02,
       -6.9163569972586440e-03, -9.9997468309003956e-01,
       1.6724786580772921e-03, 3.2675278077667097e-02, 0., 0., 0., 1. ]
Hobj2base2: !!opencv-matrix
   rows: 4
   cols: 4
   dt: d
   data: [ 9.9997912666043343e-01, -6.0674378225242008e-03,
       -2.2209101077291940e-03, -7.3600379044257691e-01,
       -6.0704862016282635e-03, -9.9998063812024984e-01,
       -1.3684231411141580e-03, 8.7326944008275897e-02,
       -2.2125642844111398e-03, 1.3818765817172898e-03,
       -9.9999659748241143e-01, 1.3809196795996279e-03, 0., 0., 0., 1. ]
mean-rme2: 1.1649385415593767e-03
max-rme2: 3.3345395794581179e-03
Hcamera2end3: !!opencv-matrix
   rows: 4
   cols: 4
   dt: d
   data: [ 9.9987291565460079e-01, -1.5544249036643450e-02,
       -3.5396132916385246e-03, -1.8039492268388423e-02,
       3.6399534302972696e-03, 6.4315886804920952e-03,
       9.9997269233018082e-01, 3.0652303473945996e-02,
       -1.5521059222643347e-02, -9.9985849548270189e-01,
       6.4873516688570554e-03, 3.3723892906190558e-02, 0., 0., 0., 1. ]
Hobj2base3: !!opencv-matrix
   rows: 4
   cols: 4
   dt: d
   data: [ 9.9988644038203423e-01, -1.3933430533540033e-02,
       -5.7415898244020493e-03, -7.3769211267438917e-01,
       -1.3961176535605907e-02, -9.9989091555937581e-01,
       -4.8210508786641522e-03, 8.8419206502174080e-02,
       -5.6737897287712320e-03, 4.9006627511016931e-03,
       -9.9997189541242282e-01, 7.1587797426677280e-04, 0., 0., 0., 1. ]
mean-rme3: 1.3299551772137893e-03
max-rme3: 4.4314822116826580e-03
Hcamera2end4: !!opencv-matrix
   rows: 4
   cols: 4
   dt: d
   data: [ 9.9988136160676500e-01, -1.5290313779717037e-02,
       -1.8625294412332226e-03, -1.9034258505667666e-02,
       1.9591469763987268e-03, 6.3063268389395022e-03,
       9.9997819575475011e-01, 3.0363006360819490e-02,
       -1.5278234666561873e-02, -9.9986320891725888e-01,
       6.3355346384658118e-03, 3.2929268484670003e-02, 0., 0., 0., 1. ]
Hobj2base4: !!opencv-matrix
   rows: 4
   cols: 4
   dt: d
   data: [ 9.9987904723331300e-01, -1.4144252446923267e-02,
       -6.4676909728191949e-03, -7.3682102166480590e-01,
       -1.4162918140753255e-02, -9.9989564102554707e-01,
       -2.8493521805096817e-03, 8.8276860642444999e-02,
       -6.4267140546708738e-03, 2.9406089212879109e-03,
       -9.9997502477093470e-01, 5.8278590853608203e-04, 0., 0., 0., 1. ]
mean-rme4: 1.4281593064870170e-03
max-rme4: 6.5167653749981236e-03
Hcamera2end5: !!opencv-matrix
   rows: 4
   cols: 4
   dt: d
   data: [ 9.9995839662537800e-01, -8.9851646223314714e-03,
       -1.5722070833395882e-03, -1.8842427926121265e-02,
       1.5993732439835819e-03, 3.0170607845967368e-03,
       9.9999416965772780e-01, 3.1260295349686537e-02,
       -8.9803687914099435e-03, -9.9995508107161080e-01,
       3.0313058965764084e-03, 3.3224597053422907e-02, 0., 0., 0., 1. ]
Hobj2base5: !!opencv-matrix
   rows: 4
   cols: 4
   dt: d
   data: [ 9.9995265394183896e-01, -8.9003664341021534e-03,
       -3.9336181832547393e-03, -7.3714183910383191e-01,
       -8.9077656672793999e-03, -9.9995858117377634e-01,
       -1.8675244963553058e-03, 8.7863364280350589e-02,
       -3.9168336050645538e-03, 1.9024758254328666e-03,
       -9.9999051945518125e-01, -6.3912590747876178e-04, 0., 0., 0., 1. ]
mean-rme5: 1.7474649942770715e-03
max-rme5: 7.0591578248131170e-03
Hcamera2end6: !!opencv-matrix
   rows: 4
   cols: 4
   dt: d
   data: [ 9.9997061897740336e-01, -7.3857449657911403e-03,
       -2.0523043753503515e-03, -1.6994901332026909e-02,
       2.0733544095296276e-03, 2.8435622369030744e-03,
       9.9999380765847634e-01, 3.0577326055764773e-02,
       -7.3798633755155271e-03, -9.9996868197214328e-01,
       2.8587919570292053e-03, 3.3704167519691901e-02, 0., 0., 0., 1. ]
Hobj2base6: !!opencv-matrix
   rows: 4
   cols: 4
   dt: d
   data: [ 9.9997137275724890e-01, -7.0653811773340805e-03,
       -2.7081460082972989e-03, -7.3725323119265529e-01,
       -7.0713624489543853e-03, -9.9997256554165093e-01,
       -2.2054471576613407e-03, 8.9001729349088177e-02,
       -2.6924893869430841e-03, 2.2245343037795426e-03,
       -9.9999390095541751e-01, 3.8631666659035467e-05, 0., 0., 0., 1. ]
mean-rme6: 1.8335514128235643e-03
max-rme6: 7.2357935600520229e-03
Hcamera2end7: !!opencv-matrix
   rows: 4
   cols: 4
   dt: d
   data: [ 9.9997995473926626e-01, -5.7921778915277083e-03,
       -2.5574977864933944e-03, -1.4524790370006872e-02,
       2.5700618087059618e-03, 2.1627326680574432e-03,
       9.9999435866894082e-01, 3.0949489812688281e-02,
       -5.7866140319233336e-03, -9.9998088644867589e-01,
       2.1775755707055255e-03, 3.3068054947884493e-02, 0., 0., 0., 1. ]
Hobj2base7: !!opencv-matrix
   rows: 4
   cols: 4
   dt: d
   data: [ 9.9998190582575519e-01, -5.3609577125779241e-03,
       -2.7291305381617879e-03, -7.3692383004719164e-01,
       -5.3691780942682872e-03, -9.9998104451281811e-01,
       -3.0137255424646436e-03, 9.0804627087115841e-02,
       -2.7129223509723848e-03, 3.0283241994914492e-03,
       -9.9999173461827184e-01, -9.2135773323392099e-04, 0., 0., 0., 1. ]
mean-rme7: 2.0085792071541293e-03
max-rme7: 6.5699921375241832e-03
Hcamera2end8: !!opencv-matrix
   rows: 4
   cols: 4
   dt: d
   data: [ 9.9998179881012172e-01, -5.5159825692349873e-03,
       -2.4445827392832499e-03, -1.4527252735025111e-02,
       2.4532845492735060e-03, 1.5713486580096747e-03,
       9.9999575612015246e-01, 3.0789330845119870e-02,
       -5.5121178682609549e-03, -9.9998355226458147e-01,
       1.5848523324055730e-03, 3.2930417794268876e-02, 0., 0., 0., 1. ]
