%YAML:1.0
---
Hcamera2end0: !!opencv-matrix
   rows: 4
   cols: 4
   dt: d
   data: [ 9.9983298139574617e-01, -1.3114103104899038e-02,
       1.2729085318576269e-02, -8.7442896378482435e-03,
       -1.2653815589388004e-02, 5.8066808043601981e-03,
       9.9990307700749992e-01, 3.3362460866223700e-02,
       -1.3186745782158600e-02, -9.9989714608943192e-01,
       5.6397675383272894e-03, 3.4844341712207808e-02, 0., 0., 0., 1. ]
Hobj2base0: !!opencv-matrix
   rows: 4
   cols: 4
   dt: d
   data: [ 9.9989945677759628e-01, -1.1754097114430942e-02,
       -7.9320575446915030e-03, -7.3747927309729389e-01,
       -1.1670465754446351e-02, -9.9987667668036218e-01,
       1.0508646901934964e-02, 1.0209659749376709e-01,
       -8.0545989932501380e-03, -1.0415019522774720e-02,
       -9.9991332164513103e-01, 8.2242097542524202e-04, 0., 0., 0., 1. ]
mean-rme0: 1.2385758059884474e-03
max-rme0: 3.8144990586359562e-03
Hcamera2end1: !!opencv-matrix
   rows: 4
   cols: 4
   dt: d
   data: [ 9.9988947606474199e-01, -1.2703270177339264e-02,
       7.7241557323305980e-03, -8.8541961841001621e-03,
       -7.6526407160369568e-03, 5.6686608943983252e-03,
       9.9995465065858613e-01, 3.2261175498965677e-02,
       -1.2746479711945025e-02, -9.9990324192417002e-01,
       5.5708208091026501e-03, 3.6861764319339220e-02, 0., 0., 0., 1. ]
Hobj2base1: !!opencv-matrix
   rows: 4
   cols: 4
   dt: d
   data: [ 9.9992191391980867e-01, -1.0362182503478557e-02,
       -6.9850724199012997e-03, -7.3982080565485797e-01,
       -1.0320363580912215e-02, -9.9992876295378230e-01,
       5.9965918050140206e-03, 1.0036690808256693e-01,
       -7.0467126026569106e-03, -5.9240350676530761e-03,
       -9.9995762392714038e-01, 1.1001930272889944e-03, 0., 0., 0., 1. ]
mean-rme1: 1.5219803346811819e-03
max-rme1: 3.5940748877303641e-03
Hcamera2end2: !!opencv-matrix
   rows: 4
   cols: 4
   dt: d
   data: [ 9.9985533212646094e-01, -1.5618089371382704e-02,
       6.7372177248444381e-03, -9.1298943618271823e-03,
       -6.6329316557188940e-03, 6.7194731913760020e-03,
       9.9995542545539540e-01, 3.1001566405851080e-02,
       -1.5662663756047936e-02, -9.9985545153507960e-01,
       6.6149073800847447e-03, 3.5497189123745672e-02, 0., 0., 0., 1. ]
Hobj2base2: !!opencv-matrix
   rows: 4
   cols: 4
   dt: d
   data: [ 9.9986830402476945e-01, -1.3621059133109828e-02,
       -8.8227747746103986e-03, -7.3870065754426029e-01,
       -1.3592223562631426e-02, -9.9990210950205638e-01,
       3.3200710777823070e-03, 1.0051208933534332e-01,
       -8.8671339932710654e-03, -3.1997127106046341e-03,
       -9.9995556689950749e-01, 2.5338782598506781e-03, 0., 0., 0., 1. ]
mean-rme2: 1.7558119965648503e-03
max-rme2: 4.5892366970839427e-03
Hcamera2end3: !!opencv-matrix
   rows: 4
   cols: 4
   dt: d
   data: [ 9.9986586705043479e-01, -1.4337453512808964e-02,
       7.9174070408430577e-03, -9.0941325366115464e-03,
       -7.8264379762738642e-03, 6.3898877091208561e-03,
       9.9994895679912976e-01, 3.1030696682630858e-02,
       -1.4387313025227734e-02, -9.9987679579127775e-01,
       6.2768194239792852e-03, 3.4531134165145499e-02, 0., 0., 0., 1. ]
Hobj2base3: !!opencv-matrix
   rows: 4
   cols: 4
   dt: d
   data: [ 9.9988243621209894e-01, -1.2448630560829116e-02,
       -8.9523936306327677e-03, -7.3777454288168842e-01,
       -1.2410219536746954e-02, -9.9991360024013698e-01,
       4.3334173416773635e-03, 1.0080771274529973e-01,
       -9.0055652575253137e-03, -4.2218067183845921e-03,
       -9.9995053684791091e-01, 2.6966615920232459e-03, 0., 0., 0., 1. ]
mean-rme3: 1.7225271905578019e-03
max-rme3: 4.0541891441734923e-03
Hcamera2end4: !!opencv-matrix
   rows: 4
   cols: 4
   dt: d
   data: [ 9.9986498609423080e-01, -1.5020576596061670e-02,
       6.6627217790856241e-03, -9.1887830204363339e-03,
       -6.5901670245676778e-03, 4.8746911032827578e-03,
       9.9996640297823791e-01, 3.0890961309490497e-02,
       -1.5052550660003052e-02, -9.9987530205789621e-01,
       4.7750448436242321e-03, 3.4913880295531101e-02, 0., 0., 0., 1. ]
Hobj2base4: !!opencv-matrix
   rows: 4
   cols: 4
   dt: d
   data: [ 9.9989912612024512e-01, -1.2397887999823205e-02,
       -6.9303648615343712e-03, -7.3779109442088608e-01,
       -1.2379358367689148e-02, -9.9991969986490337e-01,
       2.7102229587409802e-03, 1.0048614311581730e-01,
       -6.9634093929967413e-03, -2.6241560977963573e-03,
       -9.9997231198388703e-01, 2.2530274512119752e-03, 0., 0., 0., 1. ]
mean-rme4: 1.7537478653351793e-03
max-rme4: 4.0498568041152372e-03
Hcamera2end5: !!opencv-matrix
   rows: 4
   cols: 4
   dt: d
   data: [ 9.9988207765504189e-01, -1.4284402733361765e-02,
       5.6379626451374121e-03, -9.1125777413088218e-03,
       -5.5526907603384154e-03, 6.0022245998737622e-03,
       9.9996656990380062e-01, 3.0894724478577745e-02,
       -1.4317765522486054e-02, -9.9987995736408453e-01,
       5.9221999323995078e-03, 3.4243589818218366e-02, 0., 0., 0., 1. ]
Hobj2base5: !!opencv-matrix
   rows: 4
   cols: 4
   dt: d
   data: [ 9.9989957281291975e-01, -1.1650352521599076e-02,
       -8.0692982757541078e-03, -7.3749549403600212e-01,
       -1.1636383738708511e-02, -9.9993071798394095e-01,
       1.7758957194318409e-03, 1.0001182434143963e-01,
       -8.0894290296743606e-03, -1.6818199199814168e-03,
       -9.9996586572729118e-01, 2.4386818101413020e-03, 0., 0., 0., 1. ]
mean-rme5: 1.7259045003594100e-03
max-rme5: 4.4547788308071656e-03
Hcamera2end6: !!opencv-matrix
   rows: 4
   cols: 4
   dt: d
   data: [ 9.9988873482518692e-01, -1.3658805822385935e-02,
       5.9962482598271451e-03, -8.9330741270262689e-03,
       -5.9187203230636008e-03, 5.7094099459900072e-03,
       9.9996618512217994e-01, 3.1065736262755966e-02,
       -1.3692578990989166e-02, -9.9989041382622279e-01,
       5.6279320358845197e-03, 3.4968602144931339e-02, 0., 0., 0., 1. ]
Hobj2base6: !!opencv-matrix
   rows: 4
   cols: 4
   dt: d
   data: [ 9.9991625947181628e-01, -1.0877616927435859e-02,
       -7.0108126398723573e-03, -7.3816184156425269e-01,
       -1.0862588575208524e-02, -9.9993862809194889e-01,
       2.1781228240695121e-03, 9.9851984755845613e-02,
       -7.0340751586247937e-03, -2.1017848536289707e-03,
       -9.9997305178044260e-01, 2.0853192474389729e-03, 0., 0., 0., 1. ]
mean-rme6: 1.8456484425746187e-03
max-rme6: 4.6264050137140300e-03
Hcamera2end7: !!opencv-matrix
   rows: 4
   cols: 4
   dt: d
   data: [ 9.9990350704612752e-01, -1.2552426219012496e-02,
       5.9508984927530220e-03, -8.9952639752312151e-03,
       -5.8888851398241505e-03, 4.9715376032286596e-03,
       9.9997030198184866e-01, 3.1407132326918968e-02,
       -1.2581638552460521e-02, -9.9990885605132829e-01,
       4.8971380886502214e-03, 3.4917487099788723e-02, 0., 0., 0., 1. ]
Hobj2base7: !!opencv-matrix
   rows: 4
   cols: 4
   dt: d
   data: [ 9.9993445937836212e-01, -9.8730132145882239e-03,
       -5.7965988102696570e-03, -7.3795793672461230e-01,
       -9.8589904145842695e-03, -9.9994841529869727e-01,
       2.4427545169632744e-03, 9.9871430026595473e-02,
       -5.8204171420774276e-03, -2.3854458052060849e-03,
       -9.9998021600059839e-01, 1.5587749463910616e-03, 0., 0., 0., 1. ]
mean-rme7: 1.8017325424033166e-03
max-rme7: 4.6670433308744763e-03
Hcamera2end8: !!opencv-matrix
   rows: 4
   cols: 4
   dt: d
   data: [ 9.9985715522569218e-01, -1.6053122153873452e-02,
       5.2883280059816580e-03, -9.9493575042304810e-03,
       -5.1362035610921092e-03, 9.5027984744461280e-03,
       9.9994165641507970e-01, 2.2773150821091652e-02,
       -1.6102439472485443e-02, -9.9982598190398464e-01,
       9.4189889461693266e-03, 3.3152854204112216e-02, 0., 0., 0., 1. ]
