%YAML:1.0
---
Hcamera2end0: !!opencv-matrix
   rows: 4
   cols: 4
   dt: d
   data: [ 9.9998736192417892e-01, 4.7101810906517100e-03,
       -1.7578924922806616e-03, -8.9718781445881132e-03,
       1.6813922189079188e-03, 1.6196500761212596e-02,
       9.9986741435217208e-01, 2.7135824084354755e-02,
       4.7380282953297728e-03, -9.9985773365873676e-01,
       1.6188376406772398e-02, 3.6508173539248803e-02, 0., 0., 0., 1. ]
Hobj2base0: !!opencv-matrix
   rows: 4
   cols: 4
   dt: d
   data: [ 9.9991084373904271e-01, 4.2513598874717069e-03,
       -1.2658219155274998e-02, -7.4297097417152580e-01,
       4.2705601561884386e-03, -9.9998977078925710e-01,
       1.4901787815376742e-03, 9.3881319456660173e-02,
       -1.2651754385386642e-02, -1.5441036091421729e-03,
       -9.9991877112844318e-01, 6.5561578513327664e-03, 0., 0., 0., 1. ]
mean-rme0: 1.8061330347826671e-03
max-rme0: 6.0912169245180003e-03
Hcamera2end1: !!opencv-matrix
   rows: 4
   cols: 4
   dt: d
   data: [ 9.9998659312433058e-01, 4.2164789006709060e-03,
       -3.0058072584018786e-03, -1.1542925975032692e-02,
       2.9386185999933810e-03, 1.5851477125055302e-02,
       9.9987003915192785e-01, 2.7420642844401190e-02,
       4.2635774084959794e-03, -9.9986546693974498e-01,
       1.5838873982948254e-02, 3.6967061184491931e-02, 0., 0., 0., 1. ]
Hobj2base1: !!opencv-matrix
   rows: 4
   cols: 4
   dt: d
   data: [ 9.9991400470457970e-01, 4.7370424272493421e-03,
       -1.2228803076845388e-02, -7.4360206006131779e-01,
       4.7306284453034683e-03, -9.9998865740327014e-01,
       -5.5337086811217315e-04, 9.0863899165281772e-02,
       -1.2231285711743849e-02, 4.9547335713355338e-04,
       -9.9992507227091276e-01, 6.1835555448119433e-03, 0., 0., 0., 1. ]
mean-rme1: 1.6342029771789772e-03
max-rme1: 6.3186838615254259e-03
Hcamera2end2: !!opencv-matrix
   rows: 4
   cols: 4
   dt: d
   data: [ 9.9992903963700552e-01, 1.1851227612335577e-02,
       1.2099978084100117e-03, -1.2414287454190749e-02,
       -1.3248844710097808e-03, 9.6910239570194845e-03,
       9.9995216322372316e-01, 2.7934774071290476e-02,
       1.1838934570062435e-02, -9.9988280936255003e-01,
       9.7060377858676494e-03, 3.5906972679596492e-02, 0., 0., 0., 1. ]
Hobj2base2: !!opencv-matrix
   rows: 4
   cols: 4
   dt: d
   data: [ 9.9993257832879778e-01, 9.7397711708218562e-03,
       -6.3226303278542595e-03, -7.4109396830737873e-01,
       9.7731711595029132e-03, -9.9993833637452090e-01,
       5.2733835478855472e-03, 9.0898735414746662e-02,
       -6.2708789024932968e-03, -5.3348201559262429e-03,
       -9.9996610731149027e-01, 5.3209204065593962e-03, 0., 0., 0., 1. ]
mean-rme2: 1.7626402750143123e-03
max-rme2: 4.9532944001292739e-03
Hcamera2end3: !!opencv-matrix
   rows: 4
   cols: 4
   dt: d
   data: [ 9.9992672161763951e-01, 1.2045043044841733e-02,
       1.2117479306753744e-03, -1.3652878127275827e-02,
       -1.3337642682520181e-03, 1.0127138464916308e-02,
       9.9994782970882501e-01, 2.6395415432617926e-02,
       1.2032143112360342e-02, -9.9987617133551121e-01,
       1.0142461612614451e-02, 3.5094778299006285e-02, 0., 0., 0., 1. ]
Hobj2base3: !!opencv-matrix
   rows: 4
   cols: 4
   dt: d
   data: [ 9.9992281847068176e-01, 1.0035317322286406e-02,
       -7.3245824378657667e-03, -7.4043119269702407e-01,
       1.0064690421911245e-02, -9.9994141146762905e-01,
       3.9844245303162287e-03, 8.9061703607856174e-02,
       -7.2841683368220734e-03, -4.0578366610444123e-03,
       -9.9996523682239769e-01, 6.4915689458698994e-03, 0., 0., 0., 1. ]
mean-rme3: 1.7978862304773807e-03
max-rme3: 5.5175142273267835e-03
Hcamera2end4: !!opencv-matrix
   rows: 4
   cols: 4
   dt: d
   data: [ 9.9993453435422863e-01, 1.1387009604385571e-02,
       1.1238407634428377e-03, -1.3615021203057289e-02,
       -1.2406369941278684e-03, 1.0255104519273694e-02,
       9.9994664540221723e-01, 2.6044831751069593e-02,
       1.1374876950576054e-02, -9.9988257752776577e-01,
       1.0268560307601593e-02, 3.4782900201187870e-02, 0., 0., 0., 1. ]
Hobj2base4: !!opencv-matrix
   rows: 4
   cols: 4
   dt: d
   data: [ 9.9992229866839710e-01, 9.6953802001047279e-03,
       -7.8355745471759917e-03, -7.4026689469436446e-01,
       9.7320565248989153e-03, -9.9994180151620649e-01,
       4.6562491685518291e-03, 8.9076876080783463e-02,
       -7.7899744226221628e-03, -4.7321436261893333e-03,
       -9.9995846069484107e-01, 7.0018815330080818e-03, 0., 0., 0., 1. ]
mean-rme4: 1.7016716007488999e-03
max-rme4: 5.6539777669777913e-03
Hcamera2end5: !!opencv-matrix
   rows: 4
   cols: 4
   dt: d
   data: [ 9.9991508024306597e-01, 1.2919417887858610e-02,
       1.7090769268235514e-03, -1.3815083923277507e-02,
       -1.8361894087705541e-03, 9.8334203731338388e-03,
       9.9994996487435339e-01, 2.5754698654855281e-02,
       1.2901965391289828e-02, -9.9986818755534179e-01,
       9.8563078197589915e-03, 3.4179943790336946e-02, 0., 0., 0., 1. ]
Hobj2base5: !!opencv-matrix
   rows: 4
   cols: 4
   dt: d
   data: [ 9.9990316604462870e-01, 1.1189352147793340e-02,
       -8.2738704631188185e-03, -7.3977575840414755e-01,
       1.1235684780656726e-02, -9.9992133764165492e-01,
       5.5747570739321682e-03, 8.8884598948855531e-02,
       -8.2108417009169200e-03, -5.6671798485940549e-03,
       -9.9995023133710337e-01, 7.4569009344392758e-03, 0., 0., 0., 1. ]
mean-rme5: 1.6651061960164591e-03
max-rme5: 5.4905502355550861e-03
Hcamera2end6: !!opencv-matrix
   rows: 4
   cols: 4
   dt: d
   data: [ 9.9994005499995198e-01, 1.0847490347289691e-02,
       1.4894159454165506e-03, -1.3711960566651717e-02,
       -1.5896046981610217e-03, 9.2333649515509153e-03,
       9.9995610810103819e-01, 2.6449741245373911e-02,
       1.0833261909350689e-02, -9.9989853331467438e-01,
       9.2500546791077776e-03, 3.4216531852180286e-02, 0., 0., 0., 1. ]
Hobj2base6: !!opencv-matrix
   rows: 4
   cols: 4
   dt: d
   data: [ 9.9991722458775611e-01, 1.0128142589783218e-02,
       -7.9350299558255122e-03, -7.3999427474157786e-01,
       1.0158895086269621e-02, -9.9994100520208784e-01,
       3.8448622945150626e-03, 8.8877522294137160e-02,
       -7.8956205167799130e-03, -3.9251551712812510e-03,
       -9.9996112541115112e-01, 6.5697075444397009e-03, 0., 0., 0., 1. ]
mean-rme6: 1.7034844671703834e-03
max-rme6: 5.9782332539797534e-03
Hcamera2end7: !!opencv-matrix
   rows: 4
   cols: 4
   dt: d
   data: [ 9.9991707018769271e-01, 1.2652407210580884e-02,
       2.4019448449834023e-03, -1.3959220908220627e-02,
       -2.5132873992254638e-03, 8.7915713863099265e-03,
       9.9995819495567317e-01, 2.7322408235898144e-02,
       1.2630761406565954e-02, -9.9988130538796305e-01,
       8.8226414385571550e-03, 3.4761666887254974e-02, 0., 0., 0., 1. ]
Hobj2base7: !!opencv-matrix
   rows: 4
   cols: 4
   dt: d
   data: [ 9.9989836063417048e-01, 1.1625043834949255e-02,
       -8.2538934409025592e-03, -7.4104431995923614e-01,
       1.1662646208959694e-02, -9.9992176272664346e-01,
       4.5222902434364411e-03, 8.8588947472189331e-02,
       -8.2006758564708605e-03, -4.6180928397717008e-03,
       -9.9995571008621154e-01, 6.1945348889793595e-03, 0., 0., 0., 1. ]
mean-rme7: 1.7900986298841843e-03
max-rme7: 5.9419849112408163e-03
Hcamera2end8: !!opencv-matrix
   rows: 4
   cols: 4
   dt: d
   data: [ 9.9991424989716360e-01, 1.2867715834140085e-02,
       2.4320242195330251e-03, -1.3965309250458859e-02,
       -2.5538585016813492e-03, 9.4602688629652487e-03,
       9.9995198940738839e-01, 2.7485885331174478e-02,
       1.2844090444479307e-02, -9.9987245446719453e-01,
       9.4923199694176841e-03, 3.4770743249668556e-02, 0., 0., 0., 1. ]
