%YAML:1.0
---
Hcamera2end0: !!opencv-matrix
   rows: 4
   cols: 4
   dt: d
   data: [ 9.9999731377286349e-01, -1.8894193921889194e-03,
       1.3425875828702027e-03, -1.3124156901259466e-02,
       -1.3390490022861838e-03, 1.8728606703241057e-03,
       9.9999734966682730e-01, 2.8219642152686211e-02,
       -1.8919288640784505e-03, -9.9999646123737351e-01,
       1.8703256142429403e-03, 3.5295691067711035e-02, 0., 0., 0., 1. ]
Hobj2base0: !!opencv-matrix
   rows: 4
   cols: 4
   dt: d
   data: [ 9.9999330003632703e-01, -1.2507073861957069e-03,
       -3.4402926460632998e-03, -7.3780009102993482e-01,
       -1.2445712302674185e-03, -9.9999763208911041e-01,
       1.7851774771857727e-03, 9.4798566743289306e-02,
       -3.4425172344132661e-03, -1.7808838273105346e-03,
       -9.9999248873573277e-01, 2.0262032121261264e-03, 0., 0., 0., 1. ]
mean-rme0: 1.3109933734097485e-03
max-rme0: 3.8340964708034331e-03
Hcamera2end1: !!opencv-matrix
   rows: 4
   cols: 4
   dt: d
   data: [ 9.9999962963080158e-01, -6.3313560560767106e-04,
       -5.8299019255301241e-04, -1.2606376745390363e-02,
       5.8406052945258861e-04, 1.6916663528346865e-03,
       9.9999839856784201e-01, 2.8445574482479603e-02,
       -6.3214836679117742e-04, -9.9999836870079717e-01,
       1.6920355158106526e-03, 3.3749228171861115e-02, 0., 0., 0., 1. ]
Hobj2base1: !!opencv-matrix
   rows: 4
   cols: 4
   dt: d
   data: [ 9.9999238451183792e-01, -1.4375950585390459e-03,
       -3.6282556106533095e-03, -7.3602994223800189e-01,
       -1.4375415697664229e-03, -9.9999896658607046e-01,
       1.7350134451989020e-05, 9.4509274145739355e-02,
       -3.6282768036309731e-03, -1.2134234056193102e-05,
       -9.9999341770843553e-01, 1.9561126244742122e-03, 0., 0., 0., 1. ]
mean-rme1: 1.3747366725931800e-03
max-rme1: 3.8841993954198267e-03
Hcamera2end2: !!opencv-matrix
   rows: 4
   cols: 4
   dt: d
   data: [ 9.9999562851385848e-01, -2.9545507384248237e-03,
       1.1654658793441982e-04, -1.8235781087901224e-02,
       -1.2207210863265840e-04, -1.8700615452937885e-03,
       9.9999824398256687e-01, 3.1182903697944610e-02,
       -2.9543276008898883e-03, -9.9999388673118961e-01,
       -1.8704140385843449e-03, 3.4937156596499930e-02, 0., 0., 0., 1. ]
Hobj2base2: !!opencv-matrix
   rows: 4
   cols: 4
   dt: d
   data: [ 9.9999289624222709e-01, -3.7027465717592981e-03,
       -7.0507652623478406e-04, -7.3608626923974485e-01,
       -3.7027639509301081e-03, -9.9999314447357124e-01,
       -2.3344855459123917e-05, 8.8981618174279853e-02,
       -7.0498525248050481e-04, 2.5955421566914679e-05,
       -9.9999975116102369e-01, -4.5762245649930838e-04, 0., 0., 0., 1. ]
mean-rme2: 1.8058630077823126e-03
max-rme2: 4.9933554252511447e-03
Hcamera2end3: !!opencv-matrix
   rows: 4
   cols: 4
   dt: d
   data: [ 9.9998183056271395e-01, -5.9909745959003712e-03,
       -6.6840693819437795e-04, -1.8112301787313701e-02,
       6.6770346351968657e-04, -1.1942175616463935e-04,
       9.9999976995523776e-01, 3.1511194313723886e-02,
       -5.9910530400384384e-03, -9.9998204681975922e-01,
       -1.1541939185111261e-04, 3.5687583217282833e-02, 0., 0., 0., 1. ]
Hobj2base3: !!opencv-matrix
   rows: 4
   cols: 4
   dt: d
   data: [ 9.9997758887330457e-01, -6.4353849512903839e-03,
       -1.8459609044990065e-03, -7.3710273458837372e-01,
       -6.4369259419457675e-03, -9.9997893826433093e-01,
       -8.3006756297317262e-04, 8.9304405328174907e-02,
       -1.8405802210550691e-03, 8.4193127385784035e-04,
       -9.9999795170599204e-01, -6.6268568632323521e-04, 0., 0., 0., 1. ]
mean-rme3: 1.6886736595885022e-03
max-rme3: 5.0968391620175163e-03
Hcamera2end4: !!opencv-matrix
   rows: 4
   cols: 4
   dt: d
   data: [ 9.9999127658495335e-01, -4.1602343441603917e-03,
       3.7310078665288814e-04, -1.8544990707903251e-02,
       -3.7011692644012295e-04, 7.1798050983029604e-04,
       9.9999967375867105e-01, 3.1091278611843180e-02,
       -4.1605008660130288e-03, -9.9999108843738671e-01,
       7.1643447343949784e-04, 3.5137198413989122e-02, 0., 0., 0., 1. ]
Hobj2base4: !!opencv-matrix
   rows: 4
   cols: 4
   dt: d
   data: [ 9.9998644264522529e-01, -4.6013231820744935e-03,
       -2.4376937300922275e-03, -7.3683697622585564e-01,
       -4.5990143084865057e-03, -9.9998897140152931e-01,
       9.5191528046715103e-04, 8.9029136048999244e-02,
       -2.4420469155942686e-03, -9.4069138666957614e-04,
       -9.9999657574742540e-01, -3.3514761311052578e-04, 0., 0., 0., 1. ]
mean-rme4: 1.7476857629455304e-03
max-rme4: 5.4216139205501834e-03
Hcamera2end5: !!opencv-matrix
   rows: 4
   cols: 4
   dt: d
   data: [ 9.9998714500881969e-01, -4.2671556682677301e-03,
       2.7388317970681812e-03, -1.9308565026328953e-02,
       -2.7381984763845384e-03, 1.5425265378110620e-04,
       9.9999623923053960e-01, 3.1407844515223202e-02,
       -4.2675620925519677e-03, -9.9999088375275769e-01,
       1.4256635171516763e-04, 3.5478394179038746e-02, 0., 0., 0., 1. ]
Hobj2base5: !!opencv-matrix
   rows: 4
   cols: 4
   dt: d
   data: [ 9.9998406741134027e-01, -5.4394055694954374e-03,
       -1.5092350786221731e-03, -7.3699091043588527e-01,
       -5.4353735530335611e-03, -9.9998168260380904e-01,
       2.6629253076446788e-03, 8.8755334719131676e-02,
       -1.5236921641148453e-03, -2.6546796239194674e-03,
       -9.9999531550816956e-01, -3.5460639793381696e-04, 0., 0., 0., 1. ]
mean-rme5: 1.9706401825074159e-03
max-rme5: 7.4616865900800355e-03
Hcamera2end6: !!opencv-matrix
   rows: 4
   cols: 4
   dt: d
   data: [ 9.9998249834494257e-01, -5.1556962019022236e-03,
       2.9020338524331918e-03, -1.9534565326827211e-02,
       -2.9004066982368341e-03, 3.2305204091331863e-04,
       9.9999574163011518e-01, 3.2278503559264315e-02,
       -5.1566117549996099e-03, -9.9998665712801038e-01,
       3.0809277116994327e-04, 3.5316798922844651e-02, 0., 0., 0., 1. ]
Hobj2base6: !!opencv-matrix
   rows: 4
   cols: 4
   dt: d
   data: [ 9.9997996875639317e-01, -6.1279609487490481e-03,
       -1.5843549392261611e-03, -7.3713692763089878e-01,
       -6.1239588706752963e-03, -9.9997807657688687e-01,
       2.5186292580244786e-03, 8.8970141282712231e-02,
       -1.5997542664800185e-03, -2.5088762822638839e-03,
       -9.9999557315324461e-01, -1.2025146948793225e-03, 0., 0., 0., 1. ]
mean-rme6: 1.9224157392781253e-03
max-rme6: 7.6428792864547679e-03
Hcamera2end7: !!opencv-matrix
   rows: 4
   cols: 4
   dt: d
   data: [ 9.9997615873992296e-01, -6.3529569825360090e-03,
       2.7058989867561186e-03, -1.9905047349398290e-02,
       -2.7002459351030822e-03, 8.9823880584216642e-04,
       9.9999595091127125e-01, 3.1184287121598892e-02,
       -6.3553618023240903e-03, -9.9997941634046938e-01,
       8.8106284442923677e-04, 3.5428905313996131e-02, 0., 0., 0., 1. ]
Hobj2base7: !!opencv-matrix
   rows: 4
   cols: 4
   dt: d
   data: [ 9.9997017221173501e-01, -7.3943698947099160e-03,
       -2.2311388780839997e-03, -7.3711757472848383e-01,
       -7.3884265855712070e-03, -9.9996916627061050e-01,
       2.6603873118267703e-03, 8.9074278518482611e-02,
       -2.2507419715984433e-03, -2.6438233525543928e-03,
       -9.9999397216116104e-01, 8.4144083864047853e-05, 0., 0., 0., 1. ]
mean-rme7: 1.9229603409897575e-03
max-rme7: 7.9473427224115156e-03
Hcamera2end8: !!opencv-matrix
   rows: 4
   cols: 4
   dt: d
   data: [ 9.9997102236116953e-01, -7.2005142182214286e-03,
       2.4712411761262380e-03, -2.0069941525408343e-02,
       -2.4686380709064266e-03, 3.7038200838346302e-04,
       9.9999688431676759e-01, 3.1139111747423308e-02,
       -7.2014070869700283e-03, -9.9997400736827202e-01,
       3.5259581205815405e-04, 3.5296745995680084e-02, 0., 0., 0., 1. ]
