%YAML:1.0
---
Hcamera2end0: !!opencv-matrix
   rows: 4
   cols: 4
   dt: d
   data: [ 9.9986999681081978e-01, 5.6485802704502857e-03,
       -1.5102417636246087e-02, -1.1034342212556291e-02,
       1.5087691646096248e-02, 2.6406166966395084e-03,
       9.9988268747101217e-01, 2.8607950666175577e-02,
       5.6877973173834646e-03, -9.9998056015324110e-01,
       2.5550493706887334e-03, 3.4043563924501440e-02, 0., 0., 0., 1. ]
Hobj2base0: !!opencv-matrix
   rows: 4
   cols: 4
   dt: d
   data: [ 9.9997349697772020e-01, 5.7868364189494238e-03,
       -4.4179029425315871e-03, -7.3926455675370495e-01,
       5.7305935422131398e-03, -9.9990370440290910e-01,
       -1.2638916844194086e-02, 8.7141396334035739e-02,
       -4.4906168622199007e-03, 1.2613264668626778e-02,
       -9.9991036594016602e-01, 2.5162636629581145e-03, 0., 0., 0., 1. ]
mean-rme0: 1.2859057513079164e-03
max-rme0: 4.7084727963790374e-03
Hcamera2end1: !!opencv-matrix
   rows: 4
   cols: 4
   dt: d
   data: [ 9.9995899588894821e-01, 2.3294341125878154e-03,
       -8.7510157971303661e-03, -1.1165015754014322e-02,
       8.7438987765678360e-03, 3.0481063342755466e-03,
       9.9995712572187812e-01, 3.0184240082362996e-02,
       2.3560082664643828e-03, -9.9999264136517019e-01,
       3.0276130132977919e-03, 3.2276033330028202e-02, 0., 0., 0., 1. ]
Hobj2base1: !!opencv-matrix
   rows: 4
   cols: 4
   dt: d
   data: [ 9.9998775560058195e-01, 1.5684533781090944e-03,
       -4.6934638500312651e-03, -7.3684901401571490e-01,
       1.5376964347743496e-03, -9.9997736890771227e-01,
       -6.5495925127287214e-03, 8.9593842927516376e-02,
       -4.7036303623195557e-03, 6.5422951942730343e-03,
       -9.9996753659056581e-01, 2.0144280400565102e-03, 0., 0., 0., 1. ]
mean-rme1: 1.6289805069971605e-03
max-rme1: 5.1178690548137062e-03
Hcamera2end2: !!opencv-matrix
   rows: 4
   cols: 4
   dt: d
   data: [ 9.9996499906883651e-01, 2.5490982854494927e-03,
       -7.9688603446689786e-03, -1.0150365082296914e-02,
       7.9587693480894575e-03, 3.9446010049027924e-03,
       9.9996054827846903e-01, 2.8698617924615411e-02,
       2.5804316936572924e-03, -9.9998897104960283e-01,
       3.9241752548950792e-03, 3.2163532300554423e-02, 0., 0., 0., 1. ]
Hobj2base2: !!opencv-matrix
   rows: 4
   cols: 4
   dt: d
   data: [ 9.9998197114117882e-01, 1.4732883949398951e-03,
       -5.8212381765293409e-03, -7.3694742173777850e-01,
       1.4348206580881012e-03, -9.9997714527960579e-01,
       -6.6068304148097128e-03, 9.0447319278044655e-02,
       -5.8308389003359409e-03, 6.5983588684055744e-03,
       -9.9996123073745347e-01, 3.8358662725921366e-03, 0., 0., 0., 1. ]
mean-rme2: 1.7212881811660711e-03
max-rme2: 5.1026773227657030e-03
Hcamera2end3: !!opencv-matrix
   rows: 4
   cols: 4
   dt: d
   data: [ 9.9996856439286019e-01, 3.1109731769031843e-03,
       -7.2932895167335489e-03, -8.3853243255556913e-03,
       7.2820967330323363e-03, 3.5941206426292061e-03,
       9.9996702613835076e-01, 2.9184476206563958e-02,
       3.1370835585088188e-03, -9.9998870200752721e-01,
       3.5713532516565838e-03, 3.1867497763641478e-02, 0., 0., 0., 1. ]
Hobj2base3: !!opencv-matrix
   rows: 4
   cols: 4
   dt: d
   data: [ 9.9998313139150352e-01, 2.2616795704708593e-03,
       -5.3499287811615412e-03, -7.3646524958492643e-01,
       2.2300384117271547e-03, -9.9998003204813601e-01,
       -5.9129039981240432e-03, 9.2075273699602680e-02,
       -5.3631950482158760e-03, 5.9008737089794273e-03,
       -9.9996820740878811e-01, 2.9651684710575751e-03, 0., 0., 0., 1. ]
mean-rme3: 1.7406705570022849e-03
max-rme3: 5.0433682191418916e-03
Hcamera2end4: !!opencv-matrix
   rows: 4
   cols: 4
   dt: d
   data: [ 9.9996671076676424e-01, 2.4771935035974510e-03,
       -7.7743726849303068e-03, -8.2906428060044324e-03,
       7.7687500784736855e-03, 2.2713440781473304e-03,
       9.9996724322264530e-01, 2.8398085630780365e-02,
       2.4947706340806165e-03, -9.9999435223826361e-01,
       2.2520237696191936e-03, 3.1536733744274792e-02, 0., 0., 0., 1. ]
Hobj2base4: !!opencv-matrix
   rows: 4
   cols: 4
   dt: d
   data: [ 9.9998388994082177e-01, 2.1207591374890343e-03,
       -5.2651913073717910e-03, -7.3592314591174135e-01,
       2.0883057920786561e-03, -9.9997883648808283e-01,
       -6.1616194996693564e-03, 9.2171410648074076e-02,
       -5.2781471882884659e-03, 6.1505249061109962e-03,
       -9.9996715556344062e-01, 3.6486168389006147e-03, 0., 0., 0., 1. ]
mean-rme4: 1.8692558896054679e-03
max-rme4: 4.7458897351959906e-03
Hcamera2end5: !!opencv-matrix
   rows: 4
   cols: 4
   dt: d
   data: [ 9.9996568829905819e-01, 2.9659708783773618e-03,
       -7.7346778432808242e-03, -8.4764214793421940e-03,
       7.7281637770791958e-03, 2.2014749680061563e-03,
       9.9996771397510631e-01, 2.8644828070815708e-02,
       2.9829028186253229e-03, -9.9999317823908884e-01,
       2.1784779229492290e-03, 3.1778561527181511e-02, 0., 0., 0., 1. ]
Hobj2base5: !!opencv-matrix
   rows: 4
   cols: 4
   dt: d
   data: [ 9.9998254558073818e-01, 2.1592100490579903e-03,
       -5.4996677927814609e-03, -7.3628612691672324e-01,
       2.1267975646934341e-03, -9.9998037692015518e-01,
       -5.8925806522851848e-03, 9.2390122046848155e-02,
       -5.5122831917205411e-03, 5.8807811206436347e-03,
       -9.9996751504607673e-01, 3.6761567444031714e-03, 0., 0., 0., 1. ]
mean-rme5: 1.8929021960263650e-03
max-rme5: 4.8257895574866927e-03
Hcamera2end6: !!opencv-matrix
   rows: 4
   cols: 4
   dt: d
   data: [ 9.9996382727049193e-01, 2.2804674926455337e-03,
       -8.1941209757198201e-03, -8.4288487724852711e-03,
       8.1894649866195643e-03, 2.0435853483008470e-03,
       9.9996437757660006e-01, 2.8305840736737770e-02,
       2.2971316424351467e-03, -9.9999531160247912e-01,
       2.0248356175567306e-03, 3.1822665119162249e-02, 0., 0., 0., 1. ]
Hobj2base6: !!opencv-matrix
   rows: 4
   cols: 4
   dt: d
   data: [ 9.9998534050956145e-01, 1.5911634475939953e-03,
       -5.1756125105664273e-03, -7.3632863771648982e-01,
       1.5586705168105313e-03, -9.9997909052318934e-01,
       -6.2760706365626940e-03, 9.2599081452111209e-02,
       -5.1854905454080738e-03, 6.2679115579385497e-03,
       -9.9996691143882632e-01, 3.9182659158580836e-03, 0., 0., 0., 1. ]
mean-rme6: 1.8907837876836501e-03
max-rme6: 4.8600436597697194e-03
Hcamera2end7: !!opencv-matrix
   rows: 4
   cols: 4
   dt: d
   data: [ 9.9996621131163621e-01, 3.4517574982107723e-03,
       -7.4606705613975074e-03, -8.6379761130384002e-03,
       7.4531535078278862e-03, 2.1855088186299998e-03,
       9.9996983657208005e-01, 2.7730424499356386e-02,
       3.4679587426771057e-03, -9.9999165442586435e-01,
       2.1597084946476386e-03, 3.1312527550904405e-02, 0., 0., 0., 1. ]
Hobj2base7: !!opencv-matrix
   rows: 4
   cols: 4
   dt: d
   data: [ 9.9998333863160449e-01, 2.8717311925557979e-03,
       -5.0075562051210328e-03, -7.3567788763473607e-01,
       2.8435061123969247e-03, -9.9998008303457886e-01,
       -5.6345369947184932e-03, 9.2325894409795828e-02,
       -5.0236373454405955e-03, 5.6202040989444544e-03,
       -9.9997158778322648e-01, 4.1746423844649105e-03, 0., 0., 0., 1. ]
mean-rme7: 1.9898504019131820e-03
max-rme7: 4.6234028260048084e-03
Hcamera2end8: !!opencv-matrix
   rows: 4
   cols: 4
   dt: d
   data: [ 9.9997426987402160e-01, 4.8152433369050745e-03,
       -5.3172381481154662e-03, -9.3440247505934479e-03,
       5.3044756183780991e-03, 2.6593474005947026e-03,
       9.9998239504994124e-01, 2.7950423272455741e-02,
       4.8292989482341415e-03, -9.9998487053705432e-01,
       2.6337366343739399e-03, 3.0581268328725656e-02, 0., 0., 0., 1. ]
