%YAML:1.0
---
Hcamera2end0: !!opencv-matrix
   rows: 4
   cols: 4
   dt: d
   data: [ 9.9997567240357532e-01, 6.8184381989471292e-03,
       -1.4708846129292677e-03, -2.2379750301457293e-02,
       1.5145633331989008e-03, -6.4052402844809730e-03,
       9.9997833926281010e-01, 2.7676156859541248e-02,
       6.8088691371726981e-03, -9.9995623994124117e-01,
       -6.4154114168659682e-03, 3.3754606611292343e-02, 0., 0., 0., 1. ]
Hobj2base0: !!opencv-matrix
   rows: 4
   cols: 4
   dt: d
   data: [ 9.9998785753874331e-01, 3.2234287730412941e-03,
       3.7275034566102692e-03, -7.3578769734539107e-01,
       3.2181991245805197e-03, -9.9999383015260856e-01,
       1.4081374615616028e-03, 8.1897040767565182e-02,
       3.7320194892927852e-03, -1.3961245149460976e-03,
       -9.9999206140192465e-01, 2.0414738450804104e-03, 0., 0., 0., 1. ]
mean-rme0: 1.3331258850316423e-03
max-rme0: 3.3392990563574920e-03
Hcamera2end1: !!opencv-matrix
   rows: 4
   cols: 4
   dt: d
   data: [ 9.9996343149357036e-01, -5.6734993170222620e-03,
       -6.3989906316031259e-03, -2.3243710414530310e-02,
       6.4173892197299963e-03, 3.2306470363921980e-03,
       9.9997418968457819e-01, 2.8796784752823934e-02,
       -5.6526800020954542e-03, -9.9997868693548964e-01,
       3.2669379498104778e-03, 3.2612288859671039e-02, 0., 0., 0., 1. ]
Hobj2base1: !!opencv-matrix
   rows: 4
   cols: 4
   dt: d
   data: [ 9.9996670413447453e-01, -6.2110277293971139e-03,
       -5.2928023750152455e-03, -7.3592858919976412e-01,
       -6.2315424386507065e-03, -9.9997310160001374e-01,
       -3.8683271945653065e-03, 8.2112462769107303e-02,
       -5.2686337196280880e-03, 3.9011807178825262e-03,
       -9.9997851091297707e-01, 2.6539270225275041e-03, 0., 0., 0., 1. ]
mean-rme1: 1.7840041475341592e-03
max-rme1: 5.8005946782742346e-03
Hcamera2end2: !!opencv-matrix
   rows: 4
   cols: 4
   dt: d
   data: [ 9.9997978975947799e-01, -4.8822602792733018e-03,
       -4.0722975278878774e-03, -1.4631706316544656e-02,
       4.0898996772889464e-03, 3.6007812282716767e-03,
       9.9998515343737771e-01, 2.8819749025279749e-02,
       -4.8675243419959704e-03, -9.9998159878525350e-01,
       3.6206764103576816e-03, 3.3518478315603860e-02, 0., 0., 0., 1. ]
Hobj2base2: !!opencv-matrix
   rows: 4
   cols: 4
   dt: d
   data: [ 9.9997182894658732e-01, -5.3683532214272075e-03,
       -5.2461506752149853e-03, -7.3721039606104133e-01,
       -5.3759498468651037e-03, -9.9998451983397296e-01,
       -1.4350106836124139e-03, 9.1244204289923581e-02,
       -5.2383658197053774e-03, 1.4631733007688514e-03,
       -9.9998520921433154e-01, 3.9383303345301643e-03, 0., 0., 0., 1. ]
mean-rme2: 1.9243824008489385e-03
max-rme2: 6.1400046022563048e-03
Hcamera2end3: !!opencv-matrix
   rows: 4
   cols: 4
   dt: d
   data: [ 9.9999004614438614e-01, -4.0536401951436060e-03,
       -1.8642996853373670e-03, -1.0834080559405776e-02,
       1.8701913653075969e-03, 1.4501249653571247e-03,
       9.9999719975700030e-01, 3.0791171542986474e-02,
       -4.0509253764494119e-03, -9.9999073252643345e-01,
       1.4576916139136253e-03, 3.3019632074571884e-02, 0., 0., 0., 1. ]
Hobj2base3: !!opencv-matrix
   rows: 4
   cols: 4
   dt: d
   data: [ 9.9997966508290947e-01, -5.2539405829708221e-03,
       -3.6146270931958777e-03, -7.3614393939815848e-01,
       -5.2549583512288755e-03, -9.9998615558328230e-01,
       -2.7212955393334019e-04, 9.5097792876758805e-02,
       -3.6131472982848844e-03, 2.9111873503139088e-04,
       -9.9999343018666020e-01, 7.8860948504319269e-04, 0., 0., 0., 1. ]
mean-rme3: 2.2627931761412452e-03
max-rme3: 7.5818054496774867e-03
Hcamera2end4: !!opencv-matrix
   rows: 4
   cols: 4
   dt: d
   data: [ 9.9999314590917776e-01, -3.4494858883980361e-03,
       -1.3450582781953169e-03, -1.0796648130101748e-02,
       1.3498880550594976e-03, 1.3981981705935009e-03,
       9.9999811142027395e-01, 3.1506238708151744e-02,
       -3.4475987157450072e-03, -9.9999307302049922e-01,
       1.4028450070131537e-03, 3.3413534034849986e-02, 0., 0., 0., 1. ]
Hobj2base4: !!opencv-matrix
   rows: 4
   cols: 4
   dt: d
   data: [ 9.9998701011833446e-01, -4.0295142535460441e-03,
       -3.1213153436443508e-03, -7.3633204409836217e-01,
       -4.0306390578654277e-03, -9.9999181422777506e-01,
       -3.5415565527326532e-04, 9.4723439638240578e-02,
       -3.1198627180070077e-03, 3.6673195036921976e-04,
       -9.9999506596997634e-01, -4.1766936909948257e-05, 0., 0., 0., 1. ]
mean-rme4: 2.4020400238530201e-03
max-rme4: 8.0043826738072643e-03
Hcamera2end5: !!opencv-matrix
   rows: 4
   cols: 4
   dt: d
   data: [ 9.9998451931296461e-01, -5.2057047374400719e-03,
       -1.9651393349233272e-03, -1.0535832623068911e-02,
       1.9708591667663916e-03, 1.0938603202825803e-03,
       9.9999745958864550e-01, 3.1959293974654988e-02,
       -5.2035419248663483e-03, -9.9998585195380973e-01,
       1.1041030974745514e-03, 3.3737395912226235e-02, 0., 0., 0., 1. ]
Hobj2base5: !!opencv-matrix
   rows: 4
   cols: 4
   dt: d
   data: [ 9.9998522382630783e-01, -4.4622345100263500e-03,
       -3.1049303094555772e-03, -7.3681624831484460e-01,
       -4.4659989334530151e-03, -9.9998929951625204e-01,
       -1.2065266351259432e-03, 9.4743950979859548e-02,
       -3.0995132804107388e-03, 1.2203754227292929e-03,
       -9.9999445183523461e-01, -3.1196082277614519e-04, 0., 0., 0., 1. ]
mean-rme5: 2.4019342347306170e-03
max-rme5: 7.9301854214578194e-03
Hcamera2end6: !!opencv-matrix
   rows: 4
   cols: 4
   dt: d
   data: [ 9.9998216399770312e-01, -5.7599012190112202e-03,
       -1.5796279365872094e-03, -1.0629081688575036e-02,
       1.5810002340334709e-03, 2.3370471112471591e-04,
       9.9999872290936831e-01, 3.1579826459165815e-02,
       -5.7595246966047307e-03, -9.9998338432198697e-01,
       2.4280694794220903e-04, 3.3263712486973372e-02, 0., 0., 0., 1. ]
Hobj2base6: !!opencv-matrix
   rows: 4
   cols: 4
   dt: d
   data: [ 9.9998284702609086e-01, -5.1833937734881222e-03,
       -2.7272848370937957e-03, -7.3607118542035666e-01,
       -5.1878560537610367e-03, -9.9998521184153333e-01,
       -1.6316396077794347e-03, 9.4694634361458793e-02,
       -2.7187870749898996e-03, 1.6457603814602610e-03,
       -9.9999494982205195e-01, -1.3689208395992192e-05, 0., 0., 0., 1. ]
mean-rme6: 2.4092545463049318e-03
max-rme6: 8.3550781750132974e-03
Hcamera2end7: !!opencv-matrix
   rows: 4
   cols: 4
   dt: d
   data: [ 9.9998358755039929e-01, -5.4981029003655091e-03,
       -1.6110537948789629e-03, -1.0634977331849814e-02,
       1.6116430258169734e-03, 1.0274102044194322e-04,
       9.9999869602466995e-01, 3.1641943219460178e-02,
       -5.4979302096640915e-03, -9.9998488004008335e-01,
       1.1160031340473608e-04, 3.3256277252957087e-02, 0., 0., 0., 1. ]
Hobj2base7: !!opencv-matrix
   rows: 4
   cols: 4
   dt: d
   data: [ 9.9998338881472515e-01, -5.0488129184086709e-03,
       -2.7805723750750347e-03, -7.3609021171721156e-01,
       -5.0529602961728150e-03, -9.9998612877620396e-01,
       -1.4865555579229364e-03, 9.4701738860412554e-02,
       -2.7730284642285647e-03, 1.5005809862850318e-03,
       -9.9999502927256612e-01, -7.5600264137370553e-05, 0., 0., 0., 1. ]
mean-rme7: 2.2658307398666249e-03
max-rme7: 8.2832922354296734e-03
Hcamera2end8: !!opencv-matrix
   rows: 4
   cols: 4
   dt: d
   data: [ 9.9999649083851472e-01, -2.6415039624035856e-03,
       -2.0190956650733118e-04, -1.0886936230869757e-02,
       1.9988900134103164e-04, -7.6517146912524758e-04,
       9.9999968727845601e-01, 3.1354068284533972e-02,
       -2.6416576317880229e-03, -9.9999621847756970e-01,
       -7.6464077642590667e-04, 3.3227552644875820e-02, 0., 0., 0., 1. ]
