%YAML:1.0
---
Hcamera2end0: !!opencv-matrix
   rows: 4
   cols: 4
   dt: d
   data: [ 9.9992086897480992e-01, -3.4382598460595513e-03,
       -1.2100998218821522e-02, -1.9101766503127976e-02,
       1.2099137186618935e-02, -5.6155776742650154e-04,
       9.9992664507563422e-01, 2.5538561206403621e-02,
       -3.4448030423119879e-03, -9.9999393149263904e-01,
       -5.1991335322387755e-04, 3.4005392955648736e-02, 0., 0., 0., 1. ]
Hobj2base0: !!opencv-matrix
   rows: 4
   cols: 4
   dt: d
   data: [ 9.9999231757684548e-01, -3.9137734012819753e-03,
       2.1717516605640748e-04, -7.3653265209114371e-01,
       -3.9114981601418297e-03, -9.9994588670544937e-01,
       -9.6397013955469967e-03, 8.2814185921532710e-02,
       2.5489102091087019e-04, 9.6387778590193342e-03,
       -9.9995351341547445e-01, 3.3372283442578143e-03, 0., 0., 0., 1. ]
mean-rme0: 1.6063044943337773e-03
max-rme0: 4.8750157045156783e-03
Hcamera2end1: !!opencv-matrix
   rows: 4
   cols: 4
   dt: d
   data: [ 9.9994292901787785e-01, 1.6274176525441896e-04,
       -1.0682332248397441e-02, -1.7670017960135471e-02,
       1.0682957459605392e-02, -4.5081378633100577e-03,
       9.9993277329674601e-01, 2.6301286349921054e-02,
       1.1457339818460050e-04, -9.9998982505229694e-01,
       -4.5096191428097843e-03, 3.4297066929115959e-02, 0., 0., 0., 1. ]
Hobj2base1: !!opencv-matrix
   rows: 4
   cols: 4
   dt: d
   data: [ 9.9998847340931740e-01, -1.1842984265742510e-03,
       4.6530082462454183e-03, -7.3613234671689376e-01,
       -1.1475036379262724e-03, -9.9996811659691920e-01,
       -7.9024695514536246e-03, 8.4286387706695026e-02,
       4.6622187747638009e-03, 7.8970391190318553e-03,
       -9.9995794936049642e-01, 1.9669386356604740e-03, 0., 0., 0., 1. ]
mean-rme1: 1.4274694115634159e-03
max-rme1: 5.1737556674617824e-03
Hcamera2end2: !!opencv-matrix
   rows: 4
   cols: 4
   dt: d
   data: [ 9.9998960849476226e-01, -2.4326640858776004e-03,
       -3.8555217464550273e-03, -1.8344427053401734e-02,
       3.8481637920724249e-03, -3.0221142331516848e-03,
       9.9998802915884499e-01, 3.0159615267725932e-02,
       -2.4442867919884322e-03, -9.9999247445718664e-01,
       -3.0127215389823547e-03, 3.2795304681139836e-02, 0., 0., 0., 1. ]
Hobj2base2: !!opencv-matrix
   rows: 4
   cols: 4
   dt: d
   data: [ 9.9997896870503200e-01, -5.1340459149727801e-03,
       3.9627919657260775e-03, -7.3458425508049252e-01,
       -5.1241272594886225e-03, -9.9998372385084577e-01,
       -2.5090542488539576e-03, 8.5815672746415467e-02,
       3.9756090664497500e-03, 2.4886956298586999e-03,
       -9.9998900040281069e-01, -1.4820599090718603e-03, 0., 0., 0., 1. ]
mean-rme2: 2.2531398947473347e-03
max-rme2: 7.4296433453180100e-03
Hcamera2end3: !!opencv-matrix
   rows: 4
   cols: 4
   dt: d
   data: [ 9.9999806090714849e-01, -1.7686604934618920e-03,
       -8.6603810642191139e-04, -1.9599312673339492e-02,
       8.5970432896106345e-04, -3.5787414408594564e-03,
       9.9999322673614455e-01, 3.0288650372818873e-02,
       -1.7717478403185148e-03, -9.9999203219313626e-01,
       -3.5772139762648703e-03, 3.2189151562319690e-02, 0., 0., 0., 1. ]
Hobj2base3: !!opencv-matrix
   rows: 4
   cols: 4
   dt: d
   data: [ 9.9998302920144022e-01, -4.0813386845731789e-03,
       4.1574010695839998e-03, -7.3379297919548669e-01,
       -4.0812089117879613e-03, -9.9999167104425402e-01,
       -3.9698087216037295e-05, 8.5144332531820355e-02,
       4.1575284641135329e-03, 2.2730191212732918e-05,
       -9.9999135718285492e-01, -1.3541230380825404e-03, 0., 0., 0., 1. ]
mean-rme3: 2.2523674630716517e-03
max-rme3: 7.2101609920545984e-03
Hcamera2end4: !!opencv-matrix
   rows: 4
   cols: 4
   dt: d
   data: [ 9.9999977416920693e-01, -5.5430814999581969e-04,
       -3.8000527625733970e-04, -1.9550305910895561e-02,
       3.7798054664927612e-04, -3.6482575975271825e-03,
       9.9999327365098234e-01, 3.1164251738255051e-02,
       -5.5569077866194575e-04, -9.9999319145631038e-01,
       -3.6480472559408117e-03, 3.2651124833593843e-02, 0., 0., 0., 1. ]
Hobj2base4: !!opencv-matrix
   rows: 4
   cols: 4
   dt: d
   data: [ 9.9999097431598183e-01, -2.6738754027298365e-03,
       3.3017687538573798e-03, -7.3472284545732813e-01,
       -2.6751072802959621e-03, -9.9999635391063291e-01,
       3.6873632665839455e-04, 8.4855314132319129e-02,
       3.3007707603194898e-03, -3.7756558419212177e-04,
       -9.9999448116307965e-01, -1.8681196350119390e-03, 0., 0., 0., 1. ]
mean-rme4: 2.2196727536704041e-03
max-rme4: 7.6031224422765942e-03
Hcamera2end5: !!opencv-matrix
   rows: 4
   cols: 4
   dt: d
   data: [ 9.9999735611299545e-01, 2.2821284882677843e-03,
       2.8223497645950280e-04, -1.9580686326273078e-02,
       -2.7513018716178363e-04, -3.1129441545341141e-03,
       9.9999511692911336e-01, 3.0860499206119728e-02,
       2.2829959261927782e-03, -9.9999255070638104e-01,
       -3.1123080418233862e-03, 3.2591315002844436e-02, 0., 0., 0., 1. ]
Hobj2base5: !!opencv-matrix
   rows: 4
   cols: 4
   dt: d
   data: [ 9.9999504425253372e-01, 2.6981181317178854e-04,
       3.1366657390768850e-03, -7.3479408739923324e-01,
       2.6677340533699123e-04, -9.9999949488452478e-01,
       9.6905244713682711e-04, 8.4415870589911568e-02,
       3.1369256164963007e-03, -9.6821086575700011e-04,
       -9.9999461111817789e-01, -1.4640648828295846e-03, 0., 0., 0., 1. ]
mean-rme5: 2.2046907873989039e-03
max-rme5: 7.7354248151215999e-03
Hcamera2end6: !!opencv-matrix
   rows: 4
   cols: 4
   dt: d
   data: [ 9.9999758197787225e-01, 2.1615658296024647e-03,
       4.0456343490441850e-04, -1.9603807361890806e-02,
       -3.9820662924114239e-04, -2.9404551948075675e-03,
       9.9999559756767331e-01, 3.0804672767314186e-02,
       2.1627459141089732e-03, -9.9999334065603263e-01,
       -2.9395873348789792e-03, 3.2566050428939140e-02, 0., 0., 0., 1. ]
Hobj2base6: !!opencv-matrix
   rows: 4
   cols: 4
   dt: d
   data: [ 9.9999496004666955e-01, 1.7948407630339469e-04,
       3.1698054713437513e-03, -7.3472832306778646e-01,
       1.7468745972905699e-04, -9.9999883950151292e-01,
       1.5134331564988540e-03, 8.4353662459275822e-02,
       3.1700734299414377e-03, -1.5128718036007522e-03,
       -9.9999383090764860e-01, -1.3619220612975751e-03, 0., 0., 0., 1. ]
mean-rme6: 2.1016834024588553e-03
max-rme6: 7.9115100233219382e-03
Hcamera2end7: !!opencv-matrix
   rows: 4
   cols: 4
   dt: d
   data: [ 9.9999568290435425e-01, 2.9332667397705021e-03,
       -1.7354794028591448e-04, -1.6804752871627887e-02,
       1.8109758100664196e-04, -2.5737299809331926e-03,
       9.9999667155328653e-01, 3.0842220551331845e-02,
       2.9328103110114190e-03, -9.9999238590112227e-01,
       -2.5742500774057486e-03, 3.2762866933792399e-02, 0., 0., 0., 1. ]
Hobj2base7: !!opencv-matrix
   rows: 4
   cols: 4
   dt: d
   data: [ 9.9999517190756138e-01, 1.5038388589053075e-03,
       2.7193069435425591e-03, -7.3502305573457616e-01,
       1.5000696410608565e-03, -9.9999791217124834e-01,
       1.3876037680464123e-03, 8.6631579550879911e-02,
       2.7213879985624879e-03, -1.3835179187764177e-03,
       -9.9999533995190726e-01, -9.6107612913974246e-04, 0., 0., 0., 1. ]
mean-rme7: 2.1538858850853760e-03
max-rme7: 7.7277126537290963e-03
Hcamera2end8: !!opencv-matrix
   rows: 4
   cols: 4
   dt: d
   data: [ 9.9999823111022945e-01, 1.8490297669014153e-03,
       -3.4476852128236229e-04, -1.6855402039401172e-02,
       3.4898987249333915e-04, -2.2831722756588846e-03,
       9.9999733266165691e-01, 3.0633991338133066e-02,
       1.8482376689841085e-03, -9.9999568409732675e-01,
       -2.2838135296414652e-03, 3.2782728659193905e-02, 0., 0., 0., 1. ]
Hobj2base8: !!opencv-matrix
   rows: 4
   cols: 4
   dt: d
   data: [ 9.9999620287145707e-01, 5.2315350836622829e-04,
       2.7056520608415100e-03, -7.3483373551980946e-01,
       5.1998757964979503e-04, -9.9999917955111761e-01,
       1.1706878357513463e-03, 8.6747905133074316e-02,
       2.7062622904407757e-03, -1.1692764850326589e-03,
       -9.9999565445901650e-01, -7.4980342404505824e-04, 0., 0., 0., 1. ]
mean-rme8: 2.1002222049165326e-03
max-rme8: 7.7325763184656060e-03
Hcamera2end9: !!opencv-matrix
   rows: 4
   cols: 4
   dt: d
   data: [ 9.9999868710200179e-01, 1.5738812881129220e-03,
       -3.8560596946160986e-04, -1.6880090465297006e-02,
       3.8962480528226652e-04, -2.5539481097107686e-03,
       9.9999666276521360e-01, 3.0435350975101656e-02,
       1.5728912180647380e-03, -9.9999550011324756e-01,
       -2.5545579798278428e-03, 3.2981416181380563e-02, 0., 0., 0., 1. ]
Hobj2base9: !!opencv-matrix
   rows: 4
   cols: 4
   dt: d
   data: [ 9.9999598652869381e-01, 5.2671951190494349e-04,
       2.7837911308543251e-03, -7.3497639318694219e-01,
       5.2338685931289756e-04, -9.9999914572271531e-01,
       1.1977562499993638e-03, 8.6755932174801959e-02,
       2.7844196343121785e-03, -1.1962944431420615e-03,
       -9.9999540793290898e-01, -5.9844147010043776e-04, 0., 0., 0., 1. ]
mean-rme9: 2.0070515185923316e-03
max-rme9: 7.7525262136324546e-03
Hcamera2end10: !!opencv-matrix
   rows: 4
   cols: 4
   dt: d
   data: [ 9.9999907476848771e-01, 1.3069550619625697e-03,
       -3.7726732509623133e-04, -1.7124749711092253e-02,
       3.8034848240633279e-04, -2.3580623919032817e-03,
       9.9999714743432533e-01, 3.0583410515577090e-02,
       1.3060617138964182e-03, -9.9999636569850681e-01,
       -2.3585573085238565e-03, 3.3564791931922848e-02, 0., 0., 0., 1. ]
Hobj2base10: !!opencv-matrix
   rows: 4
   cols: 4
   dt: d
   data: [ 9.9999640729877082e-01, 4.4478560741935522e-04,
       2.6433984403253334e-03, -7.3566385086071917e-01,
       4.4097338956306041e-04, -9.9999886226168067e-01,
       1.4425733306533514e-03, 8.7037930165743765e-02,
       2.6440370686847559e-03, -1.4414024795481773e-03,
       -9.9999546570315578e-01, -5.0717665066610240e-04, 0., 0., 0., 1. ]
mean-rme10: 2.0771265413112227e-03
max-rme10: 7.6823265999386436e-03
Hcamera2end11: !!opencv-matrix
   rows: 4
   cols: 4
   dt: d
   data: [ 9.9999889273842479e-01, -2.7049000074972859e-04,
       -1.4633376520125775e-03, -1.6957261400689396e-02,
       1.4627780030138737e-03, -2.0577652580551220e-03,
       9.9999681293624965e-01, 3.1431059540480623e-02,
       -2.7350034406196770e-04, -9.9999784621633181e-01,
       -2.0573673127475267e-03, 3.3509597861751575e-02, 0., 0., 0., 1. ]
Hobj2base11: !!opencv-matrix
   rows: 4
   cols: 4
   dt: d
   data: [ 9.9999636122331081e-01, -8.5179680305653407e-04,
       2.5596840320617053e-03, -7.3556694323015559e-01,
       -8.5412600623997975e-04, -9.9999922209178860e-01,
       9.0900197064472529e-04, 8.7244240621331515e-02,
       2.5589077558899114e-03, -9.1118495568908526e-04,
       -9.9999631085973162e-01, -1.4031564495253354e-03, 0., 0., 0., 1. ]
mean-rme11: 2.1686146390065479e-03
max-rme11: 7.2530417946523873e-03
Hcamera2end12: !!opencv-matrix
   rows: 4
   cols: 4
   dt: d
   data: [ 9.9999897512096547e-01, -3.0925423737611618e-04,
       -1.3978980060218344e-03, -1.6949950495724994e-02,
       1.3973493457932647e-03, -1.7672984122345525e-03,
       9.9999746203234341e-01, 3.1327596078956771e-02,
       -3.1172395542537214e-04, -9.9999839050777417e-01,
       -1.7668644647610421e-03, 3.3342401884297518e-02, 0., 0., 0., 1. ]
Hobj2base12: !!opencv-matrix
   rows: 4
   cols: 4
   dt: d
   data: [ 9.9999604465153114e-01, -1.0275257204136465e-03,
       2.6181810836690181e-03, -7.3547139618122181e-01,
       -1.0286078463466440e-03, -9.9999938611113692e-01,
       4.1199908740159271e-04, 8.7281932228283204e-02,
       2.6177561367377168e-03, -4.1469053940745154e-04,
       -9.9999648768611449e-01, -1.4984450428521380e-03, 0., 0., 0., 1. ]
mean-rme12: 2.1152398899369376e-03
max-rme12: 7.3038142842111464e-03
Hcamera2end13: !!opencv-matrix
   rows: 4
   cols: 4
   dt: d
   data: [ 9.9999935320286248e-01, 6.9958297013415836e-04,
       -8.9675945751914866e-04, -1.7090687837624637e-02,
       8.9801410766245982e-04, -1.7951778836891030e-03,
       9.9999798545148511e-01, 3.1238530134808006e-02,
       6.9797171804519722e-04, -9.9999814395829456e-01,
       -1.7958049579498425e-03, 3.2873315495684008e-02, 0., 0., 0., 1. ]
Hobj2base13: !!opencv-matrix
   rows: 4
   cols: 4
   dt: d
   data: [ 9.9999639478507529e-01, -3.0857217390416522e-04,
       2.6674332354113053e-03, -7.3512772261108583e-01,
       -3.0983764840207577e-04, -9.9999983965455663e-01,
       4.7401634198478886e-04, 8.7114694086680849e-02,
       2.6672865394474282e-03, -4.7484110429492756e-04,
       -9.9999633004748678e-01, -1.3273971427500157e-03, 0., 0., 0., 1. ]
mean-rme13: 2.0921883996703611e-03
max-rme13: 7.5094476689401557e-03
Hcamera2end14: !!opencv-matrix
   rows: 4
   cols: 4
   dt: d
   data: [ 9.9999846313780560e-01, 1.5752805404653837e-03,
       -7.6955392640695513e-04, -1.7124184778599439e-02,
       7.7200989073128684e-04, -1.5590508294756056e-03,
       9.9999848667947477e-01, 3.0605840418154756e-02,
       1.5740783828737180e-03, -9.9999754392284890e-01,
       -1.5602645655872216e-03, 3.2940806913577619e-02, 0., 0., 0., 1. ]
Hobj2base14: !!opencv-matrix
   rows: 4
   cols: 4
   dt: d
   data: [ 9.9999616980740358e-01, 2.9255358554029819e-04,
       2.7522323524932961e-03, -7.3500680794530349e-01,
       2.8960571980428580e-04, -9.9999938409444078e-01,
       1.0714192766628770e-03, 8.7239469299887393e-02,
       2.7525441049290941e-03, -1.0706181106891835e-03,
       -9.9999563862939511e-01, -6.6159391717283413e-04, 0., 0., 0., 1. ]
mean-rme14: 2.1623304578552898e-03
max-rme14: 7.3502250803488545e-03
Hcamera2end15: !!opencv-matrix
   rows: 4
   cols: 4
   dt: d
   data: [ 9.9999865450118730e-01, 9.7277119580474523e-04,
       -1.3208754732065104e-03, -1.6764293818399001e-02,
       1.3219501006157279e-03, -1.1048940786331229e-03,
       9.9999851582740196e-01, 3.0064796050386693e-02,
       9.7131032455543458e-04, -9.9999891646205097e-01,
       -1.1061785469794749e-03, 3.2796482493248867e-02, 0., 0., 0., 1. ]
Hobj2base15: !!opencv-matrix
   rows: 4
   cols: 4
   dt: d
   data: [ 9.9999661177522492e-01, 1.4120231113600516e-04,
       2.5993268316035797e-03, -7.3491499520918713e-01,
       1.3933703062214662e-04, -9.9999973269676290e-01,
       7.1776848240817995e-04, 8.7514820439319393e-02,
       2.5994274873636807e-03, -7.1740386796489302e-04,
       -9.9999636414760418e-01, -1.4944724169085348e-04, 0., 0., 0., 1. ]
mean-rme15: 2.1838540170795685e-03
max-rme15: 7.8334993217833715e-03
Hcamera2end16: !!opencv-matrix
   rows: 4
   cols: 4
   dt: d
   data: [ 9.9999849621325521e-01, 6.9484423606184305e-04,
       -1.5889501930250588e-03, -1.6885442275170821e-02,
       1.5894697515977153e-03, -7.4782202630019334e-04,
       9.9999845717287295e-01, 2.9482448715387730e-02,
       6.9365491208426872e-04, -9.9999947897671670e-01,
       -7.4892533563075681e-04, 3.2597562691209045e-02, 0., 0., 0., 1. ]
Hobj2base16: !!opencv-matrix
   rows: 4
   cols: 4
   dt: d
   data: [ 9.9999748457055171e-01, 2.8926703932035639e-04,
       2.2242250670905322e-03, -7.3488774030636961e-01,
       2.8841530029321411e-04, -9.9999988496853875e-01,
       3.8324864389147371e-04, 8.7024709209846229e-02,
       2.2243356724352156e-03, -3.8260617931590426e-04,
       -9.9999745296841991e-01, 3.8025580183120855e-04, 0., 0., 0., 1. ]
mean-rme16: 2.1625600563290794e-03
max-rme16: 7.9454751260557288e-03
Hcamera2end17: !!opencv-matrix
   rows: 4
   cols: 4
   dt: d
   data: [ 9.9999899302971040e-01, 1.3851624376073099e-04,
       -1.4123571840437615e-03, -1.7020242840669171e-02,
       1.4124757748948749e-03, -8.5982330631728665e-04,
       9.9999863280709900e-01, 2.9325737427804911e-02,
       1.3730167675862033e-04, -9.9999962075849413e-01,
       -8.6001809133939844e-04, 3.2596336879307686e-02, 0., 0., 0., 1. ]
Hobj2base17: !!opencv-matrix
   rows: 4
   cols: 4
   dt: d
   data: [ 9.9999747955860741e-01, -1.7300035631732737e-04,
       2.2385145318206878e-03, -7.3488122472686401e-01,
       -1.7416197984848866e-04, -9.9999985028740079e-01,
       5.1874153592687533e-04, 8.6987202545295891e-02,
       2.2384244542163062e-03, -5.1913009259201774e-04,
       -9.9999735997647021e-01, 5.3091173363423172e-04, 0., 0., 0., 1. ]
mean-rme17: 2.1282118321191662e-03
max-rme17: 7.8604626773814135e-03
Hcamera2end18: !!opencv-matrix
   rows: 4
   cols: 4
   dt: d
   data: [ 9.9999865484460693e-01, -2.5772804010270429e-04,
       -1.6198411138208984e-03, -1.6910851184103008e-02,
       1.6195619492292571e-03, -1.0797216342359750e-03,
       9.9999810560834801e-01, 2.9253995335893835e-02,
       -2.5947652935947414e-04, -9.9999938388853504e-01,
       -1.0793027753157602e-03, 3.2691734499939742e-02, 0., 0., 0., 1. ]
Hobj2base18: !!opencv-matrix
   rows: 4
   cols: 4
   dt: d
   data: [ 9.9999655603411419e-01, -4.9656984482434751e-04,
       2.5770794128167586e-03, -7.3471471235161656e-01,
       -4.9720994489094584e-04, -9.9999984570177602e-01,
       2.4774724022081431e-04, 8.7033970870290120e-02,
       2.5769559913693500e-03, -2.4902773650059686e-04,
       -9.9999664863588666e-01, 4.2626993164808269e-04, 0., 0., 0., 1. ]
mean-rme18: 2.1096074498422076e-03
max-rme18: 7.8799139064521795e-03
Hcamera2end19: !!opencv-matrix
   rows: 4
   cols: 4
   dt: d
   data: [ 9.9999893602451218e-01, -4.3433776335554661e-04,
       -1.3925877174966338e-03, -1.7032075358347342e-02,
       1.3921554211023465e-03, -9.9401934036835726e-04,
       9.9999853691334695e-01, 2.9224089008061865e-02,
       -4.3572138700611316e-04, -9.9999941163795614e-01,
       -9.9341361708438214e-04, 3.2586739460380792e-02, 0., 0., 0., 1. ]
Hobj2base19: !!opencv-matrix
   rows: 4
   cols: 4
   dt: d
   data: [ 9.9999676105116220e-01, -8.3654081741973724e-04,
       2.4037650978651634e-03, -7.3466707949263144e-01,
       -8.3757834992025050e-04, -9.9999955649979722e-01,
       4.3065382471512212e-04, 8.7097463122406071e-02,
       2.4034037722923032e-03, -4.3266577145368283e-04,
       -9.9999701822087328e-01, 4.1759884305262227e-04, 0., 0., 0., 1. ]
mean-rme19: 2.0646962977883014e-03
max-rme19: 7.8276568496859211e-03
Hcamera2end20: !!opencv-matrix
   rows: 4
   cols: 4
   dt: d
   data: [ 9.9999922904072813e-01, -1.2176982545133615e-03,
       2.4316436869621817e-04, -1.7791315581562935e-02,
       -2.4509500741974784e-04, -1.5855838906091435e-03,
       9.9999871292525322e-01, 2.8842087501899760e-02,
       -1.2173111297389141e-03, -9.9999800156534646e-01,
       -1.5858811199513934e-03, 3.3214308052473218e-02, 0., 0., 0., 1. ]
Hobj2base20: !!opencv-matrix
   rows: 4
   cols: 4
   dt: d
   data: [ 9.9999546697152408e-01, -1.2869731098034969e-03,
       2.7220831394557171e-03, -7.3508636204805533e-01,
       -1.2913663091088999e-03, -9.9999786567171900e-01,
       1.6127693767406805e-03, 8.6981543281606344e-02,
       2.7200017388165094e-03, -1.6162772724680572e-03,
       -9.9999499460663266e-01, 8.0272692592135817e-04, 0., 0., 0., 1. ]
mean-rme20: 2.1278038686393962e-03
max-rme20: 8.8795301578242225e-03
Hcamera2end21: !!opencv-matrix
   rows: 4
   cols: 4
   dt: d
   data: [ 9.9999858825200649e-01, -1.6803050824666394e-03,
       -8.2960074704909988e-06, -1.7131800841313740e-02,
       7.0887207507915528e-06, -7.1849725280070942e-04,
       9.9999974185569052e-01, 2.8563752337226272e-02,
       -1.6803106093640210e-03, -9.9999833016686956e-01,
       -7.1848432725007960e-04, 3.2842009867636912e-02, 0., 0., 0., 1. ]
Hobj2base21: !!opencv-matrix
   rows: 4
   cols: 4
   dt: d
   data: [ 9.9999642236225450e-01, -1.5809006781211481e-03,
       2.1577802801796032e-03, -7.3495685798457089e-01,
       -1.5839837469516546e-03, -9.9999772611064408e-01,
       1.4278546949334353e-03, 8.7610892270053170e-02,
       2.1555180771705143e-03, -1.4312674754798809e-03,
       -9.9999665260201342e-01, 1.0554774338109997e-03, 0., 0., 0., 1. ]
mean-rme21: 2.1674112629763600e-03
max-rme21: 8.9900686377314132e-03
Hcamera2end22: !!opencv-matrix
   rows: 4
   cols: 4
   dt: d
   data: [ 9.9999887872514992e-01, -1.4135147530407158e-03,
       4.9449417180255889e-04, -1.7443137123053305e-02,
       -4.9586544931970932e-04, -9.6993321741045690e-04,
       9.9999940667332876e-01, 2.8036692335480128e-02,
       -1.4130342880416657e-03, -9.9999853060171862e-01,
       -9.7063304297684283e-04, 3.2870522244011172e-02, 0., 0., 0., 1. ]
Hobj2base22: !!opencv-matrix
   rows: 4
   cols: 4
   dt: d
   data: [ 9.9999690753170845e-01, -1.2603324430699443e-03,
       2.1439424322479820e-03, -7.3496310833908007e-01,
       -1.2641229592408208e-03, -9.9999763883002268e-01,
       1.7675767375249923e-03, 8.7304332440764770e-02,
       2.1417096357275599e-03, -1.7702814782018738e-03,
       -9.9999613958421052e-01, 1.5759600658167641e-03, 0., 0., 0., 1. ]
mean-rme22: 2.1859580456060736e-03
max-rme22: 8.6409972790211231e-03
Hcamera2end23: !!opencv-matrix
   rows: 4
   cols: 4
   dt: d
   data: [ 9.9999988198639478e-01, -3.5863246053473036e-04,
       3.2773457979669296e-04, -1.7426179835365724e-02,
       -3.2804156431311550e-04, -8.5626265327909401e-04,
       9.9999957960141195e-01, 2.7975751611720435e-02,
       -3.5835168288528231e-04, -9.9999956909842058e-01,
       -8.5638019858169656e-04, 3.2835228545681890e-02, 0., 0., 0., 1. ]
Hobj2base23: !!opencv-matrix
   rows: 4
   cols: 4
   dt: d
   data: [ 9.9999810922412591e-01, -2.6158698042658618e-04,
       1.9269458800956921e-03, -7.3501085294002733e-01,
       -2.6523348219643456e-04, -9.9999817430824933e-01,
       1.8923613203865681e-03, 8.7273172266360124e-02,
       1.9264473450028199e-03, -1.8928688329212203e-03,
       -9.9999635291745292e-01, 1.6698211976229509e-03, 0., 0., 0., 1. ]
mean-rme23: 2.2119639229748692e-03
max-rme23: 8.8336464298112427e-03
Hcamera2end24: !!opencv-matrix
   rows: 4
   cols: 4
   dt: d
   data: [ 9.9999882439727106e-01, -1.5134443094092466e-03,
       -2.4635421292147814e-04, -1.7234084755779498e-02,
       2.4597144977757965e-04, -2.5308956777703173e-04,
       9.9999993772185636e-01, 2.7810155714558686e-02,
       -1.5135065648360130e-03, -9.9999882271530349e-01,
       -2.5271700615325798e-04, 3.2647637980586279e-02, 0., 0., 0., 1. ]
Hobj2base24: !!opencv-matrix
   rows: 4
   cols: 4
   dt: d
   data: [ 9.9999764197364172e-01, -1.1747013528564322e-03,
       1.8265059233175702e-03, -7.3479671304614314e-01,
       -1.1779897922656476e-03, -9.9999768550714574e-01,
       1.8003667407493983e-03, 8.7469166510060412e-02,
       1.8243868026366660e-03, -1.8025141007703498e-03,
       -9.9999671127244771e-01, 1.7477721966995615e-03, 0., 0., 0., 1. ]
mean-rme24: 2.3064925534629788e-03
max-rme24: 9.1493253259589402e-03
