%YAML:1.0
---
Hcamera2end0: !!opencv-matrix
   rows: 4
   cols: 4
   dt: d
   data: [ 9.9992009670782600e-01, 2.7226305629942174e-03,
       -1.2344532499427789e-02, -2.0059740957269603e-02,
       1.2316008594242254e-02, 1.0255693376007846e-02,
       9.9987156009443723e-01, 2.6219148965886018e-02,
       2.8488826087661196e-03, -9.9994370243338926e-01,
       1.0221341970930831e-02, 3.0662386012484749e-02, 0., 0., 0., 1. ]
Hobj2base0: !!opencv-matrix
   rows: 4
   cols: 4
   dt: d
   data: [ 9.9993833825365641e-01, 5.0378992412439608e-03,
       -9.8964267163100944e-03, -7.3795975969124561e-01,
       4.9562483311097350e-03, -9.9995362096545914e-01,
       -8.2578157249450380e-03, 8.1416873554213232e-02,
       -9.9375697731686197e-03, 8.2082573852097929e-03,
       -9.9991693115863445e-01, 3.5794453286439876e-03, 0., 0., 0., 1. ]
mean-rme0: 8.6798551773580967e-04
max-rme0: 2.2258851420653009e-03
Hcamera2end1: !!opencv-matrix
   rows: 4
   cols: 4
   dt: d
   data: [ 9.9991484585454915e-01, 1.1905812077156954e-02,
       -5.3434706377611281e-03, -1.9512023593767806e-02,
       5.3261702431396264e-03, 1.4843389764870318e-03,
       9.9998471420734403e-01, 2.7055065884061556e-02,
       1.1913561609119487e-02, -9.9992802159784777e-01,
       1.4208001968640804e-03, 2.9235962071245822e-02, 0., 0., 0., 1. ]
Hobj2base1: !!opencv-matrix
   rows: 4
   cols: 4
   dt: d
   data: [ 9.9992325104761592e-01, 1.2238015193349071e-02,
       -1.9295073189492965e-03, -7.3475512196081616e-01,
       1.2238608989326365e-02, -9.9992506153860972e-01,
       2.9623810294478485e-04, 8.2863364210245510e-02,
       -1.9257373582348863e-03, -3.1982985259939147e-04,
       -9.9999809462043099e-01, 2.1619725465400869e-03, 0., 0., 0., 1. ]
mean-rme1: 1.3216810266054588e-03
max-rme1: 4.0681479142837818e-03
Hcamera2end2: !!opencv-matrix
   rows: 4
   cols: 4
   dt: d
   data: [ 9.9991844016625886e-01, 1.2005956165149319e-02,
       -4.3554600257931231e-03, -1.5250015456259725e-02,
       4.3245364031655924e-03, 2.6004490359869958e-03,
       9.9998726794380177e-01, 2.7069715956867975e-02,
       1.2017129456466064e-02, -9.9992454449391910e-01,
       2.5483167493050018e-03, 2.9631760297559696e-02, 0., 0., 0., 1. ]
Hobj2base2: !!opencv-matrix
   rows: 4
   cols: 4
   dt: d
   data: [ 9.9992058999265765e-01, 1.1868653499834543e-02,
       -4.2365992064710822e-03, -7.3534124325236838e-01,
       1.1875744743983155e-02, -9.9992811523083214e-01,
       1.6525912051745578e-03, 8.7589640400225321e-02,
       -4.2166806271239782e-03, -1.7027727436534333e-03,
       -9.9998966003127876e-01, 3.2689648035066771e-03, 0., 0., 0., 1. ]
mean-rme2: 1.4164648859134193e-03
max-rme2: 3.9705277652938853e-03
Hcamera2end3: !!opencv-matrix
   rows: 4
   cols: 4
   dt: d
   data: [ 9.9991814999140582e-01, 1.2260611683311169e-02,
       -3.6565993649207221e-03, -1.5277928452326830e-02,
       3.6429140395741770e-03, 1.1383498580650464e-03,
       9.9999271664192679e-01, 2.6391441913081036e-02,
       1.2264684874254143e-02, -9.9992418790663906e-01,
       1.0935923296844230e-03, 2.8630810031505857e-02, 0., 0., 0., 1. ]
Hobj2base3: !!opencv-matrix
   rows: 4
   cols: 4
   dt: d
   data: [ 9.9990740090906416e-01, 1.2865782143661372e-02,
       -4.4341016127152771e-03, -7.3432615326468464e-01,
       1.2879311061892945e-02, -9.9991244865187201e-01,
       3.0361781218884547e-03, 8.7427421490602356e-02,
       -4.3946505948757805e-03, -3.0930051485046498e-03,
       -9.9998556007839423e-01, 4.1550179627857725e-03, 0., 0., 0., 1. ]
mean-rme3: 1.7899382180990532e-03
max-rme3: 7.0437323467129054e-03
Hcamera2end4: !!opencv-matrix
   rows: 4
   cols: 4
   dt: d
   data: [ 9.9990891771703982e-01, 1.3187407187948506e-02,
       -2.8720309185861640e-03, -1.5530557416363635e-02,
       2.8631003626409003e-03, 6.9603268468942936e-04,
       9.9999565908798571e-01, 2.7087921021212644e-02,
       1.3189348969964983e-02, -9.9991280011317030e-01,
       6.5821241814145726e-04, 2.9091409892259664e-02, 0., 0., 0., 1. ]
Hobj2base4: !!opencv-matrix
   rows: 4
   cols: 4
   dt: d
   data: [ 9.9988831828985014e-01, 1.4254508211982968e-02,
       -4.4899825311223735e-03, -7.3509964861453381e-01,
       1.4267905056326250e-02, -9.9989380936688432e-01,
       2.9659526436485490e-03, 8.6873241860685291e-02,
       -4.4472275407194742e-03, -3.0296840454437000e-03,
       -9.9998552148607911e-01, 3.8616779958725424e-03, 0., 0., 0., 1. ]
mean-rme4: 1.9131422700929990e-03
max-rme4: 6.9209134648840487e-03
Hcamera2end5: !!opencv-matrix
   rows: 4
   cols: 4
   dt: d
   data: [ 9.9990437230231410e-01, 1.3495560251471490e-02,
       -3.0192886933890087e-03, -1.5641277029401233e-02,
       2.9986581439780018e-03, 1.5486655182572751e-03,
       9.9999430482600649e-01, 2.6416308917156898e-02,
       1.3500159260196834e-02, -9.9990773148756640e-01,
       1.5080488512836387e-03, 2.8974130152499621e-02, 0., 0., 0., 1. ]
Hobj2base5: !!opencv-matrix
   rows: 4
   cols: 4
   dt: d
   data: [ 9.9988817921348383e-01, 1.4260953896083018e-02,
       -4.5004736548227165e-03, -7.3505730733368191e-01,
       1.4275223168867994e-02, -9.9989312760039373e-01,
       3.1545809519131882e-03, 8.6826239416817830e-02,
       -4.4550053448871637e-03, -3.2184734699782220e-03,
       -9.9998489706390092e-01, 4.6470039664386143e-03, 0., 0., 0., 1. ]
mean-rme5: 1.8360757983210919e-03
max-rme5: 7.0463748577516694e-03
Hcamera2end6: !!opencv-matrix
   rows: 4
   cols: 4
   dt: d
   data: [ 9.9995326900966308e-01, 8.6816648587306651e-03,
       -4.2530568029533339e-03, -1.5475188711166637e-02,
       4.2207701420877456e-03, 3.7338885843084535e-03,
       9.9998412146165960e-01, 2.7171992848788660e-02,
       8.6974074468273120e-03, -9.9995534238850903e-01,
       3.6970707841778028e-03, 3.0006866490818490e-02, 0., 0., 0., 1. ]
Hobj2base6: !!opencv-matrix
   rows: 4
   cols: 4
   dt: d
   data: [ 9.9993070829139497e-01, 1.0233169381741677e-02,
       -5.8190085301326544e-03, -7.3619303862703223e-01,
       1.0242501713886364e-02, -9.9994630188224320e-01,
       1.5762330623048208e-03, 8.7209694747039546e-02,
       -5.8025662004157095e-03, -1.6357250472657770e-03,
       -9.9998182714940342e-01, 3.9447270921099025e-03, 0., 0., 0., 1. ]
mean-rme6: 2.0665988150972729e-03
max-rme6: 8.1243447189284224e-03
Hcamera2end7: !!opencv-matrix
   rows: 4
   cols: 4
   dt: d
   data: [ 9.9995801374269566e-01, 8.0861057610304467e-03,
       -4.3111072109493680e-03, -1.5221899364525568e-02,
       4.2809161541688696e-03, 3.7472950269390459e-03,
       9.9998381563746430e-01, 2.7260355712354547e-02,
       8.1021298831755011e-03, -9.9996028554818239e-01,
       3.7125217512691266e-03, 3.0197955739908498e-02, 0., 0., 0., 1. ]
Hobj2base7: !!opencv-matrix
   rows: 4
   cols: 4
   dt: d
   data: [ 9.9992984907948856e-01, 1.0363303604503200e-02,
       -5.7357526334578784e-03, -7.3644183651370387e-01,
       1.0367941715830642e-02, -9.9994594763049238e-01,
       7.7948825092868143e-04, 8.6959024371831464e-02,
       -5.7273645290366153e-03, -8.3890151811046433e-04,
       -9.9998324662955929e-01, 3.9439595490642614e-03, 0., 0., 0., 1. ]
mean-rme7: 2.1245013470810128e-03
max-rme7: 8.1512383818023171e-03
Hcamera2end8: !!opencv-matrix
   rows: 4
   cols: 4
   dt: d
   data: [ 9.9995810832357701e-01, 8.6023438355206649e-03,
       -3.1275035521673776e-03, -1.5551093693851603e-02,
       3.0965646178517875e-03, 3.6075410851971190e-03,
       9.9998869840358018e-01, 2.7231137615819360e-02,
       8.6135292128609146e-03, -9.9995649171744194e-01,
       3.5807522457016461e-03, 3.0515345876759446e-02, 0., 0., 0., 1. ]
Hobj2base8: !!opencv-matrix
   rows: 4
   cols: 4
   dt: d
   data: [ 9.9993384218578540e-01, 1.0091176035546850e-02,
       -5.5208167685974639e-03, -7.3670410580584478e-01,
       1.0101194569448749e-02, -9.9994737982442738e-01,
       1.7898185752437830e-03, 8.6946195036370202e-02,
       -5.5024648879353202e-03, -1.8454670091208824e-03,
       -9.9998315842401819e-01, 4.0146498369595341e-03, 0., 0., 0., 1. ]
mean-rme8: 2.0689446719619788e-03
max-rme8: 8.3211488889683438e-03
Hcamera2end9: !!opencv-matrix
   rows: 4
   cols: 4
   dt: d
   data: [ 9.9997019671429876e-01, 7.2488421259795212e-03,
       -2.6570605938084114e-03, -1.5760972798030598e-02,
       2.6314175431843877e-03, 3.5447844052317601e-03,
       9.9999025502513483e-01, 2.7721212543453916e-02,
       7.2581901931518880e-03, -9.9996744386572567e-01,
       3.5256040286713031e-03, 3.0438429574462328e-02, 0., 0., 0., 1. ]
Hobj2base9: !!opencv-matrix
   rows: 4
   cols: 4
   dt: d
   data: [ 9.9994755890200648e-01, 8.7815735836993224e-03,
       -5.2690996680961758e-03, -7.3630322245196089e-01,
       8.7931882414250262e-03, -9.9995895154206171e-01,
       2.1851936874640729e-03, 8.7126776019325974e-02,
       -5.2496939405189758e-03, -2.2314112787521732e-03,
       -9.9998373062627177e-01, 3.5556292440371098e-03, 0., 0., 0., 1. ]
mean-rme9: 2.0649128635408100e-03
max-rme9: 8.2409851534023804e-03
Hcamera2end10: !!opencv-matrix
   rows: 4
   cols: 4
   dt: d
   data: [ 9.9996081178064100e-01, 8.5290453601022786e-03,
       -2.3728228435428043e-03, -1.5800549028538134e-02,
       2.3271085745071190e-03, 5.3657682117370653e-03,
       9.9998289640232374e-01, 2.8256301892014432e-02,
       8.5416315001278428e-03, -9.9994923066960928e-01,
       5.3457099222454785e-03, 3.0056876879664920e-02, 0., 0., 0., 1. ]
Hobj2base10: !!opencv-matrix
   rows: 4
   cols: 4
   dt: d
   data: [ 9.9993450511037851e-01, 9.4909572692228484e-03,
       -6.3958752158102539e-03, -7.3655701692344322e-01,
       9.5068366647869194e-03, -9.9995179058216022e-01,
       2.4569428484008489e-03, 8.6959551589073425e-02,
       -6.3722481348024301e-03, -2.5175864722052537e-03,
       -9.9997652783056012e-01, 3.3586621259486943e-03, 0., 0., 0., 1. ]
mean-rme10: 2.1342155343383106e-03
max-rme10: 8.6912022349797113e-03
Hcamera2end11: !!opencv-matrix
   rows: 4
   cols: 4
   dt: d
   data: [ 9.9996317974581450e-01, 8.2142377990837498e-03,
       -2.4830324242884070e-03, -1.5268857879042761e-02,
       2.4367543390121284e-03, 5.6391057125851907e-03,
       9.9998113117951060e-01, 2.7689770984373831e-02,
       8.2280848884336011e-03, -9.9995036216011357e-01,
       5.6188819996808581e-03, 2.9894875283192835e-02, 0., 0., 0., 1. ]
Hobj2base11: !!opencv-matrix
   rows: 4
   cols: 4
   dt: d
   data: [ 9.9993363451790962e-01, 9.6954829023936269e-03,
       -6.2228748254187843e-03, -7.3636911591549703e-01,
       9.7105500665138345e-03, -9.9994998185038253e-01,
       2.3956240992039838e-03, 8.7543793034180042e-02,
       -6.1993368362403241e-03, -2.4558926500056109e-03,
       -9.9997776815991357e-01, 3.8266819192616488e-03, 0., 0., 0., 1. ]
mean-rme11: 2.0855043886507615e-03
max-rme11: 8.7253821319967506e-03
Hcamera2end12: !!opencv-matrix
   rows: 4
   cols: 4
   dt: d
   data: [ 9.9995303273118064e-01, 9.3268297598017649e-03,
       -2.6348772924204701e-03, -1.5298059339621296e-02,
       2.5851181314427351e-03, 5.3430975385211354e-03,
       9.9998238408130991e-01, 2.7986059575471116e-02,
       9.3407438655025155e-03, -9.9994222910892494e-01,
       5.3187356311018563e-03, 3.0041639806419888e-02, 0., 0., 0., 1. ]
Hobj2base12: !!opencv-matrix
   rows: 4
   cols: 4
   dt: d
   data: [ 9.9993400667862087e-01, 9.9803611015826989e-03,
       -5.6898752114522980e-03, -7.3637304035316853e-01,
       9.9961643465565787e-03, -9.9994623970960572e-01,
       2.7557918962962816e-03, 8.7607491678815264e-02,
       -5.6620655238627726e-03, -2.8124869601610907e-03,
       -9.9998001526585623e-01, 3.4554193789650568e-03, 0., 0., 0., 1. ]
mean-rme12: 2.1068247573540972e-03
max-rme12: 8.8400067032869400e-03
Hcamera2end13: !!opencv-matrix
   rows: 4
   cols: 4
   dt: d
   data: [ 9.9994859053168061e-01, 9.7203486060758112e-03,
       -2.8863673850891376e-03, -1.5128135143105993e-02,
       2.8329754533297732e-03, 5.5020969849167711e-03,
       9.9998085040607110e-01, 2.7745464564722509e-02,
       9.7360435386340191e-03, -9.9993761893017330e-01,
       5.4742766160373879e-03, 3.0146739624664614e-02, 0., 0., 0., 1. ]
Hobj2base13: !!opencv-matrix
   rows: 4
   cols: 4
   dt: d
   data: [ 9.9992942111760641e-01, 1.0406262347574790e-02,
       -5.7325812128598856e-03, -7.3664146734642144e-01,
       1.0421953518938475e-02, -9.9994200644984943e-01,
       2.7141521509354552e-03, 8.7442160733389174e-02,
       -5.7040045807899573e-03, -2.7737052840539613e-03,
       -9.9997988524306791e-01, 3.6873923723502820e-03, 0., 0., 0., 1. ]
mean-rme13: 2.0833778747396284e-03
max-rme13: 8.9403905763024150e-03
Hcamera2end14: !!opencv-matrix
   rows: 4
   cols: 4
   dt: d
   data: [ 9.9996233635067922e-01, 8.5500766805251972e-03,
       -1.4906605409038295e-03, -1.5567450371369597e-02,
       1.4371617944848657e-03, 6.2598420106451114e-03,
       9.9997937425927841e-01, 2.7820229033091757e-02,
       8.5592316283379967e-03, -9.9994385370717631e-01,
       6.2473183986055947e-03, 2.9886904654961351e-02, 0., 0., 0., 1. ]
Hobj2base14: !!opencv-matrix
   rows: 4
   cols: 4
   dt: d
   data: [ 9.9994094821417201e-01, 8.8729818872022338e-03,
       -6.2745738478331833e-03, -7.3648508063513618e-01,
       8.8937224042702594e-03, -9.9995505309483002e-01,
       3.2853450214736985e-03, 8.7691747664753586e-02,
       -6.2451410182887213e-03, -3.3409553339908420e-03,
       -9.9997491780100001e-01, 3.8379846690081128e-03, 0., 0., 0., 1. ]
mean-rme14: 2.1126871192335504e-03
max-rme14: 8.9969997301990179e-03
Hcamera2end15: !!opencv-matrix
   rows: 4
   cols: 4
   dt: d
   data: [ 9.9996060115649543e-01, 8.7068458159140390e-03,
       -1.7282854735852244e-03, -1.3704693656246367e-02,
       1.6790186122197376e-03, 5.6625406306021198e-03,
       9.9998255811294334e-01, 2.8836855926986454e-02,
       8.7164804388081552e-03, -9.9994606178010637e-01,
       5.6476985768714183e-03, 3.0765526516036906e-02, 0., 0., 0., 1. ]
Hobj2base15: !!opencv-matrix
   rows: 4
   cols: 4
   dt: d
   data: [ 9.9994324083759056e-01, 8.9767643057420427e-03,
       -5.7387111632677375e-03, -7.3726409239145974e-01,
       8.9943931647988081e-03, -9.9995488741444349e-01,
       3.0535270696809107e-03, 8.9642132914225070e-02,
       -5.7110414823636707e-03, -3.1049699785036912e-03,
       -9.9997887136010033e-01, 3.1040017467916909e-03, 0., 0., 0., 1. ]
mean-rme15: 2.1730933049385641e-03
max-rme15: 9.0041057126289403e-03
Hcamera2end16: !!opencv-matrix
   rows: 4
   cols: 4
   dt: d
   data: [ 9.9996103379677581e-01, 8.7363797432868859e-03,
       -1.2675003212597757e-03, -1.3812441064102921e-02,
       1.2151193487869400e-03, 5.9984322513039201e-03,
       9.9998127097235912e-01, 2.8934663241016380e-02,
       8.7438191341947750e-03, -9.9994384566309902e-01,
       5.9875827711093343e-03, 3.0568872651317532e-02, 0., 0., 0., 1. ]
Hobj2base16: !!opencv-matrix
   rows: 4
   cols: 4
   dt: d
   data: [ 9.9994018088917658e-01, 9.1080309602068563e-03,
       -6.0562707459816305e-03, -7.3718867392937182e-01,
       9.1295338540986429e-03, -9.9995208572884886e-01,
       3.5324011849494552e-03, 8.9641651254483118e-02,
       -6.0238073448265527e-03, -3.5874808086565268e-03,
       -9.9997542156121000e-01, 3.1434620691619926e-03, 0., 0., 0., 1. ]
mean-rme16: 2.1350240838691084e-03
max-rme16: 8.9724759890252304e-03
Hcamera2end17: !!opencv-matrix
   rows: 4
   cols: 4
   dt: d
   data: [ 9.9995990301031235e-01, 8.8021812717219705e-03,
       -1.6474150863020351e-03, -1.3587847589257955e-02,
       1.5937931239375256e-03, 6.0954404337962842e-03,
       9.9998015251773675e-01, 2.8975014902819809e-02,
       8.8120482911135944e-03, -9.9994268196271019e-01,
       6.0811671689975366e-03, 3.0516780427450797e-02, 0., 0., 0., 1. ]
Hobj2base17: !!opencv-matrix
   rows: 4
   cols: 4
   dt: d
   data: [ 9.9993625941679609e-01, 9.2998864532736602e-03,
       -6.4022820542376027e-03, -7.3724412359080493e-01,
       9.3176940834105871e-03, -9.9995278792160036e-01,
       2.7572640037922666e-03, 8.9475281810713889e-02,
       -6.3763375470383549e-03, -2.8167427597937129e-03,
       -9.9997570384470391e-01, 3.0967200355983163e-03, 0., 0., 0., 1. ]
mean-rme17: 2.1113640883647948e-03
max-rme17: 8.9672812896665621e-03
Hcamera2end18: !!opencv-matrix
   rows: 4
   cols: 4
   dt: d
   data: [ 9.9996158977967353e-01, 8.6563120977671895e-03,
       -1.3737635072819938e-03, -1.3640704487241345e-02,
       1.3221712104068291e-03, 5.9629847669884217e-03,
       9.9998134716401532e-01, 2.8817818215730914e-02,
       8.6643423638647649e-03, -9.9994475401070759e-01,
       5.9513106007856864e-03, 3.0667288961886124e-02, 0., 0., 0., 1. ]
Hobj2base18: !!opencv-matrix
   rows: 4
   cols: 4
   dt: d
   data: [ 9.9993916173539199e-01, 8.9682553052375831e-03,
       -6.4220888114047510e-03, -7.3735580671344125e-01,
       8.9874927480678990e-03, -9.9995519228703422e-01,
       2.9729433738075249e-03, 8.9507882993264565e-02,
       -6.3951389371083292e-03, -3.0304809817118332e-03,
       -9.9997495887796850e-01, 3.2625331081370577e-03, 0., 0., 0., 1. ]
mean-rme18: 2.0955896440852991e-03
max-rme18: 8.9732628556867255e-03
Hcamera2end19: !!opencv-matrix
   rows: 4
   cols: 4
   dt: d
   data: [ 9.9996188535702635e-01, 8.6953106872248685e-03,
       -7.8702304541346160e-04, -1.3797219735327205e-02,
       7.3279786535375164e-04, 6.2375676295681748e-03,
       9.9998027768419262e-01, 2.8810444489388111e-02,
       8.7000483050332471e-03, -9.9994274052173560e-01,
       6.2309579817947380e-03, 3.0754158727888864e-02, 0., 0., 0., 1. ]
Hobj2base19: !!opencv-matrix
   rows: 4
   cols: 4
   dt: d
   data: [ 9.9993877298232559e-01, 9.0120848802758904e-03,
       -6.4212625481153010e-03, -7.3756471060963225e-01,
       9.0350756247012387e-03, -9.9995284422283093e-01,
       3.5604408612034989e-03, 8.9533546728680524e-02,
       -6.3888727532370711e-03, -3.6182394587562445e-03,
       -9.9997304496079353e-01, 3.3468909321237648e-03, 0., 0., 0., 1. ]
mean-rme19: 2.0690698173190551e-03
max-rme19: 9.1243496499465171e-03
Hcamera2end20: !!opencv-matrix
   rows: 4
   cols: 4
   dt: d
   data: [ 9.9995875394753442e-01, 9.0574683179521810e-03,
       -6.7280856383925784e-04, -1.3921540275589764e-02,
       6.2043590513458872e-04, 5.7838309971088853e-03,
       9.9998308103601652e-01, 2.9072605747142058e-02,
       9.0612064859985839e-03, -9.9994225311598173e-01,
       5.7779728583580159e-03, 3.0710364050000865e-02, 0., 0., 0., 1. ]
Hobj2base20: !!opencv-matrix
   rows: 4
   cols: 4
   dt: d
   data: [ 9.9994301014400400e-01, 8.8960122814333853e-03,
       -5.9023240877497012e-03, -7.3726437295292813e-01,
       8.9193720586854472e-03, -9.9995244655312465e-01,
       3.9432771268178273e-03, 8.9674608800266814e-02,
       -5.8669639701454867e-03, -3.9956974245717990e-03,
       -9.9997480625056956e-01, 3.0332024817405789e-03, 0., 0., 0., 1. ]
mean-rme20: 2.1331626229118684e-03
max-rme20: 9.0233782813929353e-03
Hcamera2end21: !!opencv-matrix
   rows: 4
   cols: 4
   dt: d
   data: [ 9.9996022662020068e-01, 8.7606480596749310e-03,
       -1.6721911527816818e-03, -1.3698055702858584e-02,
       1.6170144328329665e-03, 6.3015482658776989e-03,
       9.9997883765296613e-01, 2.9129304829900241e-02,
       8.7710000570594780e-03, -9.9994176907209331e-01,
       6.2871315376517023e-03, 3.0494871893209360e-02, 0., 0., 0., 1. ]
Hobj2base21: !!opencv-matrix
   rows: 4
   cols: 4
   dt: d
   data: [ 9.9994680169607086e-01, 8.1891891534092310e-03,
       -6.2714399310179964e-03, -7.3716107669445796e-01,
       8.2072844228009510e-03, -9.9996221522891671e-01,
       2.8650648998826541e-03, 8.9735859036864749e-02,
       -6.2477404076939089e-03, -2.9163839745437094e-03,
       -9.9997622993964730e-01, 2.9470335105684147e-03, 0., 0., 0., 1. ]
mean-rme21: 2.1817020406014894e-03
max-rme21: 9.3545068404334852e-03
Hcamera2end22: !!opencv-matrix
   rows: 4
   cols: 4
   dt: d
   data: [ 9.9997576625516182e-01, 6.8292350686674497e-03,
       -1.3522021960070741e-03, -1.3943688667820383e-02,
       1.3040595889342202e-03, 7.0490273052289387e-03,
       9.9997430499120254e-01, 2.9411322761339828e-02,
       6.8385913016141258e-03, -9.9995183522129050e-01,
       7.0399507514234960e-03, 3.0137268649123163e-02, 0., 0., 0., 1. ]
Hobj2base22: !!opencv-matrix
   rows: 4
   cols: 4
   dt: d
   data: [ 9.9995500296317308e-01, 6.4901044905018822e-03,
       -6.9188577542100803e-03, -7.3681434690203151e-01,
       6.5093897804070419e-03, -9.9997498135222584e-01,
       2.7684859224198608e-03, 9.0049988785893167e-02,
       -6.9007168908279386e-03, -2.8133988907141998e-03,
       -9.9997223206100827e-01, 2.8311911878737572e-03, 0., 0., 0., 1. ]
mean-rme22: 2.1859078050745404e-03
max-rme22: 9.3051487862087778e-03
Hcamera2end23: !!opencv-matrix
   rows: 4
   cols: 4
   dt: d
   data: [ 9.9997569826103816e-01, 6.7918292246991196e-03,
       -1.5728773416141093e-03, -1.3811340972025367e-02,
       1.5224248246323044e-03, 7.4272050772641318e-03,
       9.9997125901067474e-01, 2.9278691471067285e-02,
       6.8033161033854237e-03, -9.9994935255767980e-01,
       7.4166845338488052e-03, 2.9763325873719309e-02, 0., 0., 0., 1. ]
Hobj2base23: !!opencv-matrix
   rows: 4
   cols: 4
   dt: d
   data: [ 9.9995022580181614e-01, 6.6908626728047925e-03,
       -7.4012347341976623e-03, -7.3665140862418732e-01,
       6.7108513395125772e-03, -9.9997389286515426e-01,
       2.6791906255371266e-03, 8.9942795277630244e-02,
       -7.3831154126146967e-03, -2.7287258570019963e-03,
       -9.9996902135116228e-01, 3.0669473208449079e-03, 0., 0., 0., 1. ]
mean-rme23: 2.1757449707212706e-03
max-rme23: 9.3817974226231005e-03
Hcamera2end24: !!opencv-matrix
   rows: 4
   cols: 4
   dt: d
   data: [ 9.9997426583644144e-01, 7.0262418412436398e-03,
       -1.4489963624491598e-03, -1.3849374644333893e-02,
       1.3965873028926753e-03, 7.4582240060385718e-03,
       9.9997121180491033e-01, 2.9238051091428165e-02,
       7.0368465078778485e-03, -9.9994750203211369e-01,
       7.4482193147396014e-03, 2.9617040008992835e-02, 0., 0., 0., 1. ]
Hobj2base24: !!opencv-matrix
   rows: 4
   cols: 4
   dt: d
   data: [ 9.9994979774806991e-01, 6.8078769922691532e-03,
       -7.3521965732814675e-03, -7.3655232326235531e-01,
       6.8289859665737872e-03, -9.9997262132567566e-01,
       2.8498332802838018e-03, 8.9955462612803128e-02,
       -7.3325939654652721e-03, -2.8998982594579375e-03,
       -9.9996891134465904e-01, 3.1331397863751404e-03, 0., 0., 0., 1. ]
mean-rme24: 2.1329661026216595e-03
max-rme24: 9.3937093760327883e-03
