%YAML:1.0
---
Hcamera2end0: !!opencv-matrix
   rows: 4
   cols: 4
   dt: d
   data: [ 9.9999160639838780e-01, -2.4712770705113329e-03,
       3.2680150569739295e-03, -1.7150613662935792e-02,
       -3.2384202375077224e-03, 1.1886162819239710e-02,
       9.9992411300448192e-01, 2.7978629688023747e-02,
       -2.5099336917822784e-03, -9.9992630324593190e-01,
       1.1878060017846748e-02, 3.1537430401362185e-02, 0., 0., 0., 1. ]
Hobj2base0: !!opencv-matrix
   rows: 4
   cols: 4
   dt: d
   data: [ 9.9993347087583084e-01, -2.2509486529956272e-03,
       -1.1313136274945094e-02, -7.3646045117216652e-01,
       -2.2272314202724181e-03, -9.9999529662281961e-01,
       2.1085948969980345e-03, 8.8658985445598526e-02,
       -1.1317829403841210e-02, -2.0832576414529284e-03,
       -9.9993378119512744e-01, 3.3824319436251971e-03, 0., 0., 0., 1. ]
mean-rme0: 6.1053677093706122e-04
max-rme0: 2.2156462845743241e-03
Hcamera2end1: !!opencv-matrix
   rows: 4
   cols: 4
   dt: d
   data: [ 9.9998354697870284e-01, -2.3852625029896612e-03,
       -5.2169238718000740e-03, -1.7263741095589105e-02,
       5.2405725527463554e-03, 1.0018142493667392e-02,
       9.9993608456755667e-01, 2.9197897129347269e-02,
       -2.3328461611789846e-03, -9.9994697226591378e-01,
       1.0030477806159843e-02, 2.9367686411464932e-02, 0., 0., 0., 1. ]
Hobj2base1: !!opencv-matrix
   rows: 4
   cols: 4
   dt: d
   data: [ 9.9995712025990013e-01, -1.8859427019930044e-03,
       -9.0664690840712991e-03, -7.3355692651340709e-01,
       -1.9419768028329336e-03, -9.9997904549234318e-01,
       -6.1755406499428662e-03, 8.6027287072418357e-02,
       -9.0546323848558381e-03, 6.1928827170096888e-03,
       -9.9993982910774593e-01, 1.1174466802223687e-03, 0., 0., 0., 1. ]
mean-rme1: 1.1591552601664453e-03
max-rme1: 4.8190659703683247e-03
Hcamera2end2: !!opencv-matrix
   rows: 4
   cols: 4
   dt: d
   data: [ 9.9998816991540485e-01, -2.2794245866847242e-03,
       -4.2970050957696036e-03, -1.5289952057701331e-02,
       4.3232196909699962e-03, 1.1623052910354037e-02,
       9.9992310424979514e-01, 2.7442255325222549e-02,
       -2.2293049910369041e-03, -9.9992985197192552e-01,
       1.1632769861912085e-02, 2.9283216023193961e-02, 0., 0., 0., 1. ]
Hobj2base2: !!opencv-matrix
   rows: 4
   cols: 4
   dt: d
   data: [ 9.9995121667145426e-01, -2.5709970055888529e-03,
       -9.5369938489837519e-03, -7.3355856386648377e-01,
       -2.6264216283192845e-03, -9.9997971000530450e-01,
       -5.8035753753517792e-03, 8.8126795478803366e-02,
       -9.5218793685174080e-03, 5.8283404245416219e-03,
       -9.9993768018871410e-01, 3.3294451427996613e-03, 0., 0., 0., 1. ]
mean-rme2: 1.2458860044827749e-03
max-rme2: 4.7786830767122257e-03
Hcamera2end3: !!opencv-matrix
   rows: 4
   cols: 4
   dt: d
   data: [ 9.9998380165009559e-01, -4.0606998351637264e-03,
       -3.9883773982563944e-03, -1.3366767567812876e-02,
       4.0268568617288355e-03, 9.5124055152886466e-03,
       9.9994664785933840e-01, 2.8184186627589151e-02,
       -4.0225441249747106e-03, -9.9994651099854392e-01,
       9.5286032870103288e-03, 2.8947960374948539e-02, 0., 0., 0., 1. ]
Hobj2base3: !!opencv-matrix
   rows: 4
   cols: 4
   dt: d
   data: [ 9.9996166742640302e-01, -3.4358507150932015e-03,
       -8.0534841945138283e-03, -7.3312813101642094e-01,
       -3.4792443658303897e-03, -9.9997947297092060e-01,
       -5.3803806039046474e-03, 9.0403887620501971e-02,
       -8.0348326958641775e-03, 5.4081943995782349e-03,
       -9.9995309534841992e-01, 1.7326291155531760e-03, 0., 0., 0., 1. ]
mean-rme3: 1.5091812762223810e-03
max-rme3: 5.7540299133566342e-03
Hcamera2end4: !!opencv-matrix
   rows: 4
   cols: 4
   dt: d
   data: [ 9.9999024022841287e-01, -2.9482458558244165e-03,
       -3.2904854193080428e-03, -1.3449821888606030e-02,
       3.3183621076276642e-03, 9.5008811295206330e-03,
       9.9994935958311681e-01, 2.7943352713274219e-02,
       -2.9168340445979370e-03, -9.9995051932789969e-01,
       9.5105717504228027e-03, 2.7984272205743281e-02, 0., 0., 0., 1. ]
Hobj2base4: !!opencv-matrix
   rows: 4
   cols: 4
   dt: d
   data: [ 9.9996410140690462e-01, -1.9861654758502874e-03,
       -8.2371745267587077e-03, -7.3240925094797338e-01,
       -2.0225166571853190e-03, -9.9998824344605164e-01,
       -4.4070847565711030e-03, 9.0055720328668140e-02,
       -8.2283244863793539e-03, 4.4235863711172014e-03,
       -9.9995636232775897e-01, 2.1762492819051181e-03, 0., 0., 0., 1. ]
mean-rme4: 1.5989029016050670e-03
max-rme4: 5.7739791813370134e-03
Hcamera2end5: !!opencv-matrix
   rows: 4
   cols: 4
   dt: d
   data: [ 9.9998444030003542e-01, -4.2790561263184226e-03,
       -3.5789434883451389e-03, -1.3473793707307937e-02,
       3.6173735271040597e-03, 9.0072090184923903e-03,
       9.9995289128761589e-01, 2.8335027182262166e-02,
       -4.2466182534291958e-03, -9.9995027869607855e-01,
       9.0225478133748593e-03, 2.8082364959003361e-02, 0., 0., 0., 1. ]
Hobj2base5: !!opencv-matrix
   rows: 4
   cols: 4
   dt: d
   data: [ 9.9996460637621354e-01, -3.4917983973803148e-03,
       -7.6546285877507258e-03, -7.3247665667404505e-01,
       -3.5244535343273444e-03, -9.9998472910548997e-01,
       -4.2567338540371452e-03, 9.0305145976261422e-02,
       -7.6396480382754485e-03, 4.2835615755806179e-03,
       -9.9996164270339860e-01, 1.7092315093795768e-03, 0., 0., 0., 1. ]
mean-rme5: 1.5978769899319028e-03
max-rme5: 5.6133409177029636e-03
Hcamera2end6: !!opencv-matrix
   rows: 4
   cols: 4
   dt: d
   data: [ 9.9999048088099607e-01, -3.0504491861439841e-03,
       -3.1197607531726879e-03, -1.3619315349821411e-02,
       3.1461156416512570e-03, 8.6733878688086685e-03,
       9.9995743624378652e-01, 2.8788694905224378e-02,
       -3.0232604524983307e-03, -9.9995773265805588e-01,
       8.6829023716959997e-03, 2.8384408195919544e-02, 0., 0., 0., 1. ]
Hobj2base6: !!opencv-matrix
   rows: 4
   cols: 4
   dt: d
   data: [ 9.9996692670263532e-01, -2.5328747347721603e-03,
       -7.7285216221668002e-03, -7.3305423106570278e-01,
       -2.5561794645600528e-03, -9.9999221182099207e-01,
       -3.0070324083102534e-03, 9.0204209146712358e-02,
       -7.7208449946432915e-03, 3.0266884440952194e-03,
       -9.9996561326359146e-01, 1.5959233571663279e-03, 0., 0., 0., 1. ]
mean-rme6: 1.6210898814718626e-03
max-rme6: 5.6285985798252003e-03
Hcamera2end7: !!opencv-matrix
   rows: 4
   cols: 4
   dt: d
   data: [ 9.9999629997312556e-01, -2.6054233174290357e-03,
       -7.8218245676542895e-04, -1.4500983823111125e-02,
       8.0080490056762526e-04, 7.1542113188491907e-03,
       9.9997408765023321e-01, 2.8344624875258320e-02,
       -2.5997599062031478e-03, -9.9997101409477973e-01,
       7.1562712838357800e-03, 2.9924071328697267e-02, 0., 0., 0., 1. ]
Hobj2base7: !!opencv-matrix
   rows: 4
   cols: 4
   dt: d
   data: [ 9.9997884143390858e-01, -2.2382246295920634e-03,
       -6.1079485103684456e-03, -7.3413367103461069e-01,
       -2.2435617879183523e-03, -9.9999710728551783e-01,
       -8.6709347855981438e-04, 9.0007320970687116e-02,
       -6.1059900918374616e-03, 8.8077869198557629e-04,
       -9.9998097037588374e-01, 1.8715544660629208e-03, 0., 0., 0., 1. ]
mean-rme7: 1.7342943918266761e-03
max-rme7: 6.8242487725793388e-03
Hcamera2end8: !!opencv-matrix
   rows: 4
   cols: 4
   dt: d
   data: [ 9.9999859852039463e-01, -1.5802938186288656e-03,
       -5.5283695005150938e-04, -1.4492360705308922e-02,
       5.6353107959179977e-04, 6.7747620444728041e-03,
       9.9997689224899755e-01, 2.8192217323267918e-02,
       -1.5765119628068027e-03, -9.9997580234258066e-01,
       6.7756430944636570e-03, 3.0026564457225298e-02, 0., 0., 0., 1. ]
Hobj2base8: !!opencv-matrix
   rows: 4
   cols: 4
   dt: d
   data: [ 9.9998273524332315e-01, -1.1339429975324661e-03,
       -5.7657079842970312e-03, -7.3424628907368372e-01,
       -1.1378029091194514e-03, -9.9999913077464697e-01,
       -6.6622405419721018e-04, 8.9827422016021438e-02,
       -5.7649475124964284e-03, 6.7277279131868872e-04,
       -9.9998315623661860e-01, 1.9680351742065649e-03, 0., 0., 0., 1. ]
mean-rme8: 1.6730325723311157e-03
max-rme8: 6.9367501819485311e-03
Hcamera2end9: !!opencv-matrix
   rows: 4
   cols: 4
   dt: d
   data: [ 9.9999908730089726e-01, -1.1597625683334091e-03,
       -6.9307153857831234e-04, -1.4426054945619163e-02,
       7.0088199237385571e-04, 6.7477284921845238e-03,
       9.9997698819754266e-01, 2.8062436353163706e-02,
       -1.1550592215383024e-03, -9.9997656128080359e-01,
       6.7485351902384361e-03, 3.0018082630863745e-02, 0., 0., 0., 1. ]
Hobj2base9: !!opencv-matrix
   rows: 4
   cols: 4
   dt: d
   data: [ 9.9998289512938443e-01, -8.4182725292455594e-04,
       -5.7879854466711053e-03, -7.3429350852439412e-01,
       -8.4633518448362470e-04, -9.9999934043037708e-01,
       -7.7643774165142749e-04, 8.9823773787440359e-02,
       -5.7873280026406043e-03, 7.8132303651511244e-04,
       -9.9998294803906673e-01, 2.0850363633819757e-03, 0., 0., 0., 1. ]
mean-rme9: 1.6034440487001573e-03
max-rme9: 6.7723509410769489e-03
Hcamera2end10: !!opencv-matrix
   rows: 4
   cols: 4
   dt: d
   data: [ 9.9999987279694846e-01, -4.8824757085126310e-04,
       -1.2657170512210200e-04, -1.6054734491040924e-02,
       1.2916502753305381e-04, 5.3151209792916543e-03,
       9.9998586630280495e-01, 2.9888583007208001e-02,
       -4.8756792618266122e-04, -9.9998575545018897e-01,
       5.3151833677029803e-03, 3.0758082633051034e-02, 0., 0., 0., 1. ]
Hobj2base10: !!opencv-matrix
   rows: 4
   cols: 4
   dt: d
   data: [ 9.9998997991302607e-01, 3.3391246941743652e-04,
       -4.4641433678329892e-03, -7.3503422767231907e-01,
       3.3268319341122195e-04, -9.9999990654358450e-01,
       -2.7610634626264765e-04, 8.7981105704427798e-02,
       -4.4642351459820559e-03, 2.7461843418158778e-04,
       -9.9998999754461360e-01, 2.7419057324423388e-04, 0., 0., 0., 1. ]
mean-rme10: 1.7145518506945403e-03
max-rme10: 7.2982113550217609e-03
Hcamera2end11: !!opencv-matrix
   rows: 4
   cols: 4
   dt: d
   data: [ 9.9999933269052632e-01, -6.9316671324251957e-04,
       -9.2419608839439940e-04, -1.5760458819488034e-02,
       9.2740651705540975e-04, 4.6456070063035648e-03,
       9.9998877906339290e-01, 3.0016293288756872e-02,
       -6.8886548343932859e-04, -9.9998896886688249e-01,
       4.6462467535732799e-03, 3.0176525357462899e-02, 0., 0., 0., 1. ]
Hobj2base11: !!opencv-matrix
   rows: 4
   cols: 4
   dt: d
   data: [ 9.9999193478670678e-01, 2.8471777575697632e-04,
       -4.0061574266297782e-03, -7.3414794933376648e-01,
       2.7989048261636861e-04, -9.9999923424240822e-01,
       -1.2054774633040771e-03, 8.7989209709973981e-02,
       -4.0064975797463927e-03, 1.2043464555356387e-03,
       -9.9999124872508660e-01, -2.1963518041522104e-05, 0., 0., 0., 1. ]
mean-rme11: 1.7663999777312565e-03
max-rme11: 6.9651011196540102e-03
Hcamera2end12: !!opencv-matrix
   rows: 4
   cols: 4
   dt: d
   data: [ 9.9999846236434642e-01, -1.3649590210584293e-03,
       -1.1009794792404598e-03, -1.4680169505908133e-02,
       1.1080194246677279e-03, 5.1676410034928733e-03,
       9.9998603379217943e-01, 3.0440799823038708e-02,
       -1.3592504910561471e-03, -9.9998571608465003e-01,
       5.1691454586529906e-03, 3.0229949139115489e-02, 0., 0., 0., 1. ]
Hobj2base12: !!opencv-matrix
   rows: 4
   cols: 4
   dt: d
   data: [ 9.9998879481669034e-01, -9.5349010907330375e-04,
       -4.6369276115932386e-03, -7.3463989342461411e-01,
       -9.6061634246642747e-04, -9.9999836070988168e-01,
       -1.5348595350153618e-03, 8.9186258599711452e-02,
       -4.6354565369381706e-03, 1.5392966450754478e-03,
       -9.9998807148312174e-01, -1.0132285232129933e-04, 0., 0., 0., 1. ]
mean-rme12: 1.8114600843830301e-03
max-rme12: 6.8675969599375775e-03
Hcamera2end13: !!opencv-matrix
   rows: 4
   cols: 4
   dt: d
   data: [ 9.9999771207129062e-01, -1.6276393672063016e-03,
       -1.3880354010108384e-03, -1.4614526183096489e-02,
       1.3957323993394216e-03, 4.7373717237050306e-03,
       9.9998780454574598e-01, 3.0332488258120256e-02,
       -1.6210438777446066e-03, -9.9998745397091948e-01,
       4.7396326339353978e-03, 3.0417842258296642e-02, 0., 0., 0., 1. ]
Hobj2base13: !!opencv-matrix
   rows: 4
   cols: 4
   dt: d
   data: [ 9.9999064853392428e-01, -1.0821945026071144e-03,
       -4.1870872644347527e-03, -7.3466327391309283e-01,
       -1.0887030302258900e-03, -9.9999820229275826e-01,
       -1.5524615819283128e-03, 8.9219840833679495e-02,
       -4.1853996718881851e-03, 1.5570055587291059e-03,
       -9.9999002903192791e-01, -9.7950852602142556e-05, 0., 0., 0., 1. ]
mean-rme13: 1.7647517892429700e-03
max-rme13: 6.8001679281717575e-03
Hcamera2end14: !!opencv-matrix
   rows: 4
   cols: 4
   dt: d
   data: [ 9.9999697809693822e-01, -1.9862811734922838e-03,
       -1.4486145421051537e-03, -1.4636185366742709e-02,
       1.4592120976204760e-03, 5.3443471121406017e-03,
       9.9998465420925298e-01, 3.0494082138395065e-02,
       -1.9785087934923260e-03, -9.9998374618842933e-01,
       5.3472293675593807e-03, 3.0183484926673349e-02, 0., 0., 0., 1. ]
Hobj2base14: !!opencv-matrix
   rows: 4
   cols: 4
   dt: d
   data: [ 9.9998835082918225e-01, -1.5517713753369572e-03,
       -4.5705810933668531e-03, -7.3458562674414041e-01,
       -1.5604365248798871e-03, -9.9999699098412043e-01,
       -1.8928973973499714e-03, 8.9272969256499884e-02,
       -4.5676299964181061e-03, 1.9000074483428644e-03,
       -9.9998776328908745e-01, -1.8859998687972834e-04, 0., 0., 0., 1. ]
mean-rme14: 1.7461066417872040e-03
max-rme14: 6.8282616639331883e-03
Hcamera2end15: !!opencv-matrix
   rows: 4
   cols: 4
   dt: d
   data: [ 9.9999746633418796e-01, -1.7218341665462685e-03,
       -1.4500387261842424e-03, -1.4665907460778513e-02,
       1.4595207422488999e-03, 5.5185003112016018e-03,
       9.9998370784404189e-01, 3.0346351414042332e-02,
       -1.7138040749937909e-03, -9.9998329058110680e-01,
       5.5209993818468028e-03, 3.0107091213426068e-02, 0., 0., 0., 1. ]
Hobj2base15: !!opencv-matrix
   rows: 4
   cols: 4
   dt: d
   data: [ 9.9998749285620625e-01, -1.4301580543880810e-03,
       -4.7925754139317408e-03, -7.3464175564438094e-01,
       -1.4381011292478420e-03, -9.9999759751788297e-01,
       -1.6543347921558448e-03, 8.9299449853209562e-02,
       -4.7901979396273572e-03, 1.6612063092674972e-03,
       -9.9998714711605041e-01, 2.3795386376873352e-05, 0., 0., 0., 1. ]
mean-rme15: 1.7057224675948587e-03
max-rme15: 7.0231958462740607e-03
Hcamera2end16: !!opencv-matrix
   rows: 4
   cols: 4
   dt: d
   data: [ 9.9999799926988109e-01, -1.2625155916602378e-03,
       -1.5516154857867178e-03, -1.4667733584091968e-02,
       1.5582792114199979e-03, 5.2943807249391517e-03,
       9.9998477053335089e-01, 3.0671635922669183e-02,
       -1.2542815211006746e-03, -9.9998518768385769e-01,
       5.2963374841127342e-03, 3.0301339255785674e-02, 0., 0., 0., 1. ]
Hobj2base16: !!opencv-matrix
   rows: 4
   cols: 4
   dt: d
   data: [ 9.9998958393610726e-01, -1.7737759184427162e-03,
       -4.2054415085975285e-03, -7.3462522532921959e-01,
       -1.7820300879475106e-03, -9.9999649176726568e-01,
       -1.9598015017996324e-03, 8.9410482063502536e-02,
       -4.2019505062211469e-03, 1.9672753116833966e-03,
       -9.9998923666197093e-01, -4.3408024910542145e-04, 0., 0., 0., 1. ]
mean-rme16: 1.7400484580565047e-03
max-rme16: 7.0935488503074129e-03
Hcamera2end17: !!opencv-matrix
   rows: 4
   cols: 4
   dt: d
   data: [ 9.9999774340314340e-01, -1.5044751191523270e-03,
       -1.4999144098470708e-03, -1.4748251996413992e-02,
       1.5081508516196368e-03, 5.4885161847916253e-03,
       9.9998380070434056e-01, 3.0928499425227535e-02,
       -1.4962184432008115e-03, -9.9998380624123373e-01,
       5.4907727748554347e-03, 3.0366715908364136e-02, 0., 0., 0., 1. ]
Hobj2base17: !!opencv-matrix
   rows: 4
   cols: 4
   dt: d
   data: [ 9.9998789513178887e-01, -1.7458884209673215e-03,
       -4.6001590750665176e-03, -7.3494969982901637e-01,
       -1.7544585180365628e-03, -9.9999673183191984e-01,
       -1.8596238298095112e-03, 8.9452387683868415e-02,
       -4.5968973452616439e-03, 1.8676721075817028e-03,
       -9.9998769009208099e-01, -4.7682467165648535e-04, 0., 0., 0., 1. ]
mean-rme17: 1.7426868588568340e-03
max-rme17: 7.0259297877582338e-03
Hcamera2end18: !!opencv-matrix
   rows: 4
   cols: 4
   dt: d
   data: [ 9.9999435731639874e-01, -1.2457089163325917e-03,
       -3.1198629230270768e-03, -1.4240136351737528e-02,
       3.1278429424949432e-03, 6.4562885099913592e-03,
       9.9997426613748563e-01, 3.0937825784764065e-02,
       -1.2255341242879180e-03, -9.9997838204031775e-01,
       6.4601484610403714e-03, 3.0194252726673341e-02, 0., 0., 0., 1. ]
Hobj2base18: !!opencv-matrix
   rows: 4
   cols: 4
   dt: d
   data: [ 9.9998581669308684e-01, -1.2498475337079727e-03,
       -5.1772863357819549e-03, -7.3523619635393878e-01,
       -1.2658565887785332e-03, -9.9999442458600329e-01,
       -3.0900491913918816e-03, 8.9315219347632702e-02,
       -5.1733953799063545e-03, 3.0965590662959657e-03,
       -9.9998182348590325e-01, -4.9283163618133818e-04, 0., 0., 0., 1. ]
mean-rme18: 1.8104703993512699e-03
max-rme18: 7.4018459395956138e-03
Hcamera2end19: !!opencv-matrix
   rows: 4
   cols: 4
   dt: d
   data: [ 9.9999169155479506e-01, -2.7786717203161452e-03,
       -2.9825835864898467e-03, -1.4358309058252328e-02,
       2.9986663565058531e-03, 5.8018603856212492e-03,
       9.9997867298065302e-01, 3.0690488921883328e-02,
       -2.7613079259733476e-03, -9.9997930848569871e-01,
       5.8101444905857003e-03, 3.0437258351909670e-02, 0., 0., 0., 1. ]
Hobj2base19: !!opencv-matrix
   rows: 4
   cols: 4
   dt: d
   data: [ 9.9998507549552362e-01, -2.5931507907766024e-03,
       -4.8087789706033213e-03, -7.3511288966801913e-01,
       -2.6091761234400333e-03, -9.9999105413307809e-01,
       -3.3292422218712345e-03, 8.9509520740517559e-02,
       -4.8001027248062624e-03, 3.3417394858537902e-03,
       -9.9998289574924204e-01, -3.6184364183780901e-04, 0., 0., 0., 1. ]
mean-rme19: 1.8151246674224910e-03
max-rme19: 7.4113870554191330e-03
Hcamera2end20: !!opencv-matrix
   rows: 4
   cols: 4
   dt: d
   data: [ 9.9999224413402965e-01, -2.8829351771654413e-03,
       -2.6833480116284481e-03, -1.4488371385856499e-02,
       2.6997928317203314e-03, 5.7155254840934866e-03,
       9.9998002174398781e-01, 3.0590187835161112e-02,
       -2.8675408372052518e-03, -9.9997951051669287e-01,
       5.7232644829694479e-03, 3.0818163762886271e-02, 0., 0., 0., 1. ]
Hobj2base20: !!opencv-matrix
   rows: 4
   cols: 4
   dt: d
   data: [ 9.9998618219374968e-01, -2.6205658231039145e-03,
       -4.5571982989256838e-03, -7.3547540750175677e-01,
       -2.6334502323640935e-03, -9.9999254617731448e-01,
       -2.8235668373509937e-03, 8.9561980002503760e-02,
       -4.5497649876244097e-03, 2.8355289767707350e-03,
       -9.9998562960373527e-01, -2.6551209133908352e-04, 0., 0., 0., 1. ]
mean-rme20: 1.8062459904093396e-03
max-rme20: 7.4467909383116038e-03
Hcamera2end21: !!opencv-matrix
   rows: 4
   cols: 4
   dt: d
   data: [ 9.9999270128968776e-01, -2.7278057200515898e-03,
       -2.6751529501823049e-03, -1.3750058153122078e-02,
       2.6910662685446329e-03, 5.8468570749159454e-03,
       9.9997928599780717e-01, 3.0492407081636471e-02,
       -2.7121079793246661e-03, -9.9997918645254780e-01,
       5.8541551063603370e-03, 3.1078644592601987e-02, 0., 0., 0., 1. ]
Hobj2base21: !!opencv-matrix
   rows: 4
   cols: 4
   dt: d
   data: [ 9.9998638061271183e-01, -2.4684021865472501e-03,
       -4.5984323126465210e-03, -7.3570595079845347e-01,
       -2.4813573188140303e-03, -9.9999296289367812e-01,
       -2.8137215532135097e-03, 9.0271123779241902e-02,
       -4.5914545565551353e-03, 2.8250935857240117e-03,
       -9.9998546859006243e-01, 4.2420774518042096e-06, 0., 0., 0., 1. ]
mean-rme21: 1.7881187189026594e-03
max-rme21: 7.6019156636106533e-03
Hcamera2end22: !!opencv-matrix
   rows: 4
   cols: 4
   dt: d
   data: [ 9.9999266629309513e-01, -2.6942933554720406e-03,
       -2.7217904660437634e-03, -1.3995244162651363e-02,
       2.7375006085196009e-03, 5.8444826960795115e-03,
       9.9997917383935209e-01, 3.0579613086852798e-02,
       -2.6783297864046412e-03, -9.9997929118823736e-01,
       5.8518154640565534e-03, 3.1223505199802409e-02, 0., 0., 0., 1. ]
Hobj2base22: !!opencv-matrix
   rows: 4
   cols: 4
   dt: d
   data: [ 9.9998492578864573e-01, -2.5668208438437844e-03,
       -4.8538259375698290e-03, -7.3581250659829622e-01,
       -2.5811480958346750e-03, -9.9999232408313476e-01,
       -2.9477871902277471e-03, 8.9976870799633610e-02,
       -4.8462222384023602e-03, 2.9602711982368857e-03,
       -9.9998387533222233e-01, 1.1333858998303320e-05, 0., 0., 0., 1. ]
mean-rme22: 1.7650666603432666e-03
max-rme22: 7.5059262522953196e-03
Hcamera2end23: !!opencv-matrix
   rows: 4
   cols: 4
   dt: d
   data: [ 9.9999688994505753e-01, -4.0372669987659708e-04,
       -2.4611186408289489e-03, -1.4006010324061064e-02,
       2.4630569666974867e-03, 4.8729797913161788e-03,
       9.9998509359806564e-01, 3.0339600082434009e-02,
       -3.9172770036334666e-04, -9.9998804546489706e-01,
       4.8739590379420772e-03, 3.1208555901439346e-02, 0., 0., 0., 1. ]
Hobj2base23: !!opencv-matrix
   rows: 4
   cols: 4
   dt: d
   data: [ 9.9999141834796723e-01, -7.5448765635539297e-04,
       -4.0735707674228469e-03, -7.3566530272120667e-01,
       -7.6391170959105544e-04, -9.9999703461254419e-01,
       -2.3124024344318241e-03, 8.9794119079396051e-02,
       -4.0718140086138865e-03, 2.3154944386078540e-03,
       -9.9998902934791456e-01, 1.5580077748219643e-04, 0., 0., 0., 1. ]
mean-rme23: 1.8181761256773985e-03
max-rme23: 7.6227853298053150e-03
Hcamera2end24: !!opencv-matrix
   rows: 4
   cols: 4
   dt: d
   data: [ 9.9999846752345500e-01, -2.1386582530819986e-04,
       -1.7375880266158824e-03, -1.4235713153717066e-02,
       1.7387668834083058e-03, 5.6412339508558063e-03,
       9.9998257643282806e-01, 3.0358944636764217e-02,
       -2.0405995843428087e-04, -9.9998406524350192e-01,
       5.6415971686116784e-03, 3.1045087272548750e-02, 0., 0., 0., 1. ]
Hobj2base24: !!opencv-matrix
   rows: 4
   cols: 4
   dt: d
   data: [ 9.9998904270229028e-01, -7.5570260618439003e-04,
       -4.6198905753448496e-03, -7.3583584244511757e-01,
       -7.6353439371055825e-04, -9.9999827419012721e-01,
       -1.6937036329998079e-03, 8.9831859934193806e-02,
       -4.6186026660425226e-03, 1.6972125199343239e-03,
       -9.9998789391625897e-01, 3.3332398615594413e-04, 0., 0., 0., 1. ]
mean-rme24: 1.8350263226565580e-03
max-rme24: 7.6095138086206549e-03
