%YAML:1.0
---
Hcamera2end0: !!opencv-matrix
   rows: 4
   cols: 4
   dt: d
   data: [ 9.9993891594813844e-01, -1.0741974560263795e-02,
       -2.6027591145472003e-03, -1.9219635344049954e-02,
       2.5747217758365255e-03, -2.6230775029403297e-03,
       9.9999324511328136e-01, 2.5441823225519238e-02,
       -1.0748729238321444e-02, -9.9993886285460509e-01,
       -2.5952596789222682e-03, 3.3722755386029576e-02, 0., 0., 0., 1. ]
Hobj2base0: !!opencv-matrix
   rows: 4
   cols: 4
   dt: d
   data: [ 9.9993580313390873e-01, -1.1040031931905926e-02,
       2.5509421568037098e-03, -7.3407868121577613e-01,
       -1.1025862847673082e-02, -9.9992406907083997e-01,
       -5.5033118464192848e-03, 8.7607127365935442e-02,
       2.6115051999112148e-03, 5.4748322126923566e-03,
       -9.9998160295719174e-01, 3.5738450447655537e-03, 0., 0., 0., 1. ]
mean-rme0: 9.6716912400845979e-04
max-rme0: 2.5582377994760319e-03
Hcamera2end1: !!opencv-matrix
   rows: 4
   cols: 4
   dt: d
   data: [ 9.9996793231507863e-01, -7.5017700044686941e-03,
       -2.8031746835358749e-03, -1.9046264678809065e-02,
       2.8008097563473073e-03, -3.2573634410715258e-04,
       9.9999602467236992e-01, 2.5607532968584812e-02,
       -7.5026532783484283e-03, -9.9997180827393051e-01,
       -3.0471486787830848e-04, 3.3595696191006795e-02, 0., 0., 0., 1. ]
Hobj2base1: !!opencv-matrix
   rows: 4
   cols: 4
   dt: d
   data: [ 9.9996369871878099e-01, -8.5190847115068635e-03,
       -1.6260483723269577e-04, -7.3475390293344656e-01,
       -8.5198164948983371e-03, -9.9995012634622538e-01,
       -5.2112903450854788e-03, 8.7325170379511471e-02,
       -1.1820130362930054e-04, 5.2124865319435531e-03,
       -9.9998640791393045e-01, 3.9959667332684556e-03, 0., 0., 0., 1. ]
mean-rme1: 9.1273397779289102e-04
max-rme1: 2.6247987078580615e-03
Hcamera2end2: !!opencv-matrix
   rows: 4
   cols: 4
   dt: d
   data: [ 9.9997687219656339e-01, -6.6304592356515183e-03,
       -1.5139624507810789e-03, -1.4669468310815111e-02,
       1.5064693016895716e-03, -1.1349586997704275e-03,
       9.9999822120791437e-01, 2.6035248509890099e-02,
       -6.6321657262977457e-03, -9.9997737418357335e-01,
       -1.1249438673739398e-03, 3.4101089511598508e-02, 0., 0., 0., 1. ]
Hobj2base2: !!opencv-matrix
   rows: 4
   cols: 4
   dt: d
   data: [ 9.9997372578327015e-01, -7.1767357052622324e-03,
       1.0208857634493326e-03, -7.3557598984283556e-01,
       -7.1726292459989641e-03, -9.9996639254477482e-01,
       -3.9707896807440659e-03, 9.1824259235302103e-02,
       1.0493487621566304e-03, 3.9633629162716642e-03,
       -9.9999159527546477e-01, 3.9528126113200640e-03, 0., 0., 0., 1. ]
mean-rme2: 1.1269930104308391e-03
max-rme2: 4.0138635302281456e-03
Hcamera2end3: !!opencv-matrix
   rows: 4
   cols: 4
   dt: d
   data: [ 9.9998708595811459e-01, -4.9117941995723636e-03,
       -1.3046818537104916e-03, -1.5764286740700309e-02,
       1.3041378780197664e-03, -1.1395009700088110e-04,
       9.9999914311951799e-01, 2.6445279851148296e-02,
       -4.9119386593755691e-03, -9.9998793057372259e-01,
       -1.0754296857995449e-04, 3.4363963931406033e-02, 0., 0., 0., 1. ]
Hobj2base3: !!opencv-matrix
   rows: 4
   cols: 4
   dt: d
   data: [ 9.9998203769120986e-01, -5.9919543509019402e-03,
       -1.4414573303223057e-04, -7.3578056218021370e-01,
       -5.9924229310484353e-03, -9.9997589972898959e-01,
       -3.5058278071434454e-03, 9.0189370205719488e-02,
       -1.2313549889847331e-04, 3.5066286165778438e-03,
       -9.9999384417775028e-01, 4.1280811018449583e-03, 0., 0., 0., 1. ]
mean-rme3: 1.3563676601065838e-03
max-rme3: 5.1137238306693256e-03
Hcamera2end4: !!opencv-matrix
   rows: 4
   cols: 4
   dt: d
   data: [ 9.9998718001226128e-01, -4.9216202399894604e-03,
       -1.1905735334808223e-03, -1.5823715606305976e-02,
       1.1903084559043355e-03, -5.6788610241831350e-05,
       9.9999928997016474e-01, 2.7051837807357808e-02,
       -4.9216843565086090e-03, -9.9998788714127296e-01,
       -5.0929636024266145e-05, 3.5348127259206198e-02, 0., 0., 0., 1. ]
Hobj2base4: !!opencv-matrix
   rows: 4
   cols: 4
   dt: d
   data: [ 9.9998503336395395e-01, -5.4503177216850092e-03,
       4.7653417990191235e-04, -7.3656742760416483e-01,
       -5.4484476254110037e-03, -9.9997777901603557e-01,
       -3.8413399523903381e-03, 9.0068062543463528e-02,
       4.9746011406107192e-04, 3.8386860889324278e-03,
       -9.9999250848321131e-01, 3.2760495896246413e-03, 0., 0., 0., 1. ]
mean-rme4: 1.5245831402883974e-03
max-rme4: 4.8920901343259549e-03
Hcamera2end5: !!opencv-matrix
   rows: 4
   cols: 4
   dt: d
   data: [ 9.9998899312503065e-01, -4.5569893065689569e-03,
       -1.1169052096057918e-03, -1.5831632563952293e-02,
       1.1171877500331944e-03, 5.9456506721899949e-05,
       9.9999937417803164e-01, 2.6965627421826392e-02,
       -4.5569200474228373e-03, -9.9998961510276885e-01,
       6.4546864921855018e-05, 3.5323107293924363e-02, 0., 0., 0., 1. ]
Hobj2base5: !!opencv-matrix
   rows: 4
   cols: 4
   dt: d
   data: [ 9.9998591291913386e-01, -5.3072300382034877e-03,
       -8.5279587946990892e-05, -7.3652704903037847e-01,
       -5.3075146262811365e-03, -9.9997876303489819e-01,
       -3.7820322163949105e-03, 9.0054018122257620e-02,
       -6.5205661883053408e-05, 3.7824315612615916e-03,
       -9.9999284445425163e-01, 3.4366244013548275e-03, 0., 0., 0., 1. ]
mean-rme5: 1.4282096034682404e-03
max-rme5: 4.7413011929066107e-03
Hcamera2end6: !!opencv-matrix
   rows: 4
   cols: 4
   dt: d
   data: [ 9.9998705699047563e-01, -5.0564818503462247e-03,
       -5.6377550887349659e-04, -1.6023682875031031e-02,
       5.6695357497727871e-04, 6.2710192094028727e-04,
       9.9999964265334840e-01, 2.6992196569142222e-02,
       -5.0561264987247726e-03, -9.9998701928298939e-01,
       6.2996059481601474e-04, 3.5638395479583980e-02, 0., 0., 0., 1. ]
Hobj2base6: !!opencv-matrix
   rows: 4
   cols: 4
   dt: d
   data: [ 9.9998017184308952e-01, -6.2881310810209553e-03,
       -3.3960001912962807e-04, -7.3683769482725914e-01,
       -6.2892030604893958e-03, -9.9997492970264190e-01,
       -3.2535966345790873e-03, 9.0288426507356648e-02,
       -3.1913246313316368e-04, 3.2556679352341456e-03,
       -9.9999464937606874e-01, 3.8910267606027068e-03, 0., 0., 0., 1. ]
mean-rme6: 1.4352336861609947e-03
max-rme6: 4.9091023247350152e-03
Hcamera2end7: !!opencv-matrix
   rows: 4
   cols: 4
   dt: d
   data: [ 9.9999754854172795e-01, -1.8939876525983015e-03,
       1.1470489554899700e-03, -1.6428045188558185e-02,
       -1.1471581105226879e-03, -5.6547041615617744e-05,
       9.9999934041513305e-01, 2.6688758836701774e-02,
       -1.8939215411276867e-03, -9.9999820480499046e-01,
       -5.8719606289781012e-05, 3.4944520207974741e-02, 0., 0., 0., 1. ]
Hobj2base7: !!opencv-matrix
   rows: 4
   cols: 4
   dt: d
   data: [ 9.9999402990788100e-01, -3.4533493326004069e-03,
       -1.2052793420385161e-04, -7.3628246269961062e-01,
       -3.4534518471399950e-03, -9.9999366618725238e-01,
       -8.6096208852660993e-04, 8.9816125681692338e-02,
       -1.1755396794867787e-04, 8.6137318592063882e-04,
       -9.9999962210857829e-01, 4.4341806155816467e-03, 0., 0., 0., 1. ]
mean-rme7: 1.5956050518069434e-03
max-rme7: 5.3006570898322392e-03
Hcamera2end8: !!opencv-matrix
   rows: 4
   cols: 4
   dt: d
   data: [ 9.9999986379932915e-01, -1.6521446929838217e-05,
       5.2165924213623386e-04, -1.6105437662465139e-02,
       -5.2163040057508811e-04, 1.7000791708272622e-03,
       9.9999841881501905e-01, 2.7420414673941584e-02,
       -1.7408282818199856e-05, -9.9999855472788313e-01,
       1.7000703211863533e-03, 3.4809623158889552e-02, 0., 0., 0., 1. ]
Hobj2base8: !!opencv-matrix
   rows: 4
   cols: 4
   dt: d
   data: [ 9.9999754161910437e-01, -1.4869668609065936e-03,
       -1.6448967451516833e-03, -7.3682603215681886e-01,
       -1.4872349072492697e-03, -9.9999888098479017e-01,
       -1.6174516249157586e-04, 8.9709435669595064e-02,
       -1.6446543947906704e-03, 1.6419111271856872e-04,
       -9.9999863407566703e-01, 4.1045516197781773e-03, 0., 0., 0., 1. ]
mean-rme8: 1.7907118759910730e-03
max-rme8: 5.3306375949658813e-03
Hcamera2end9: !!opencv-matrix
   rows: 4
   cols: 4
   dt: d
   data: [ 9.9999986930214468e-01, 4.8560393570516681e-04,
       -1.5995158977506415e-04, -1.5837117796215505e-02,
       1.5934061359706869e-04, 1.2579560625268771e-03,
       9.9999919607823362e-01, 2.7553527966090192e-02,
       4.8580475738966146e-04, -9.9999909086726790e-01,
       1.2578785216856847e-03, 3.4644372805036711e-02, 0., 0., 0., 1. ]
Hobj2base9: !!opencv-matrix
   rows: 4
   cols: 4
   dt: d
   data: [ 9.9999805047116275e-01, -1.3213653709215612e-03,
       -1.4673266270242155e-03, -7.3646722997358016e-01,
       -1.3227276982469588e-03, -9.9999869473297864e-01,
       -9.2785978198245325e-04, 8.9763836814111375e-02,
       -1.4660986699861773e-03, 9.2979884666499150e-04,
       -9.9999849301326149e-01, 3.8635078345214810e-03, 0., 0., 0., 1. ]
mean-rme9: 1.7659548672125484e-03
max-rme9: 5.2201656611481906e-03
Hcamera2end10: !!opencv-matrix
   rows: 4
   cols: 4
   dt: d
   data: [ 9.9999955070217839e-01, 9.4508911610700322e-04,
       7.3498326260409985e-05, -1.4549043412981662e-02,
       -7.3154548936910004e-05, -3.6378064872710780e-04,
       9.9999993115602337e-01, 2.9100260433624920e-02,
       9.4511578831211768e-04, -9.9999948723496968e-01,
       -3.6371134771329139e-04, 3.4679549669506031e-02, 0., 0., 0., 1. ]
Hobj2base10: !!opencv-matrix
   rows: 4
   cols: 4
   dt: d
   data: [ 9.9999977153140029e-01, -6.4768421092067474e-04,
       1.9350015558026402e-04, -7.3634024057672653e-01,
       -6.4748052765811379e-04, -9.9999923825121351e-01,
       -1.0508405962732180e-03, 9.0709010877251195e-02,
       1.9418062104415598e-04, 1.0507150686063012e-03,
       -9.9999942914570239e-01, 1.7384057317124495e-03, 0., 0., 0., 1. ]
mean-rme10: 1.9325162436902034e-03
max-rme10: 5.5287632639678119e-03
Hcamera2end11: !!opencv-matrix
   rows: 4
   cols: 4
   dt: d
   data: [ 9.9999986398293772e-01, 3.1287233762315758e-04,
       4.1730684928618754e-04, -1.4681655714524556e-02,
       -4.1726332859262378e-04, -1.3915285763799190e-04,
       9.9999990326389376e-01, 2.9329674448818819e-02,
       3.1293037679769596e-04, -9.9999994137368953e-01,
       -1.3902228855777743e-04, 3.4561221341315909e-02, 0., 0., 0., 1. ]
Hobj2base11: !!opencv-matrix
   rows: 4
   cols: 4
   dt: d
   data: [ 9.9999939050327591e-01, -1.0711477945648464e-03,
       2.6764805050286214e-04, -7.3619911750188316e-01,
       -1.0709421740894808e-03, -9.9999913223132841e-01,
       -7.6721538687745522e-04, 9.0764432172503962e-02,
       2.6846961931587893e-04, 7.6692828367709391e-04,
       -9.9999966987248112e-01, 1.5576727712297664e-03, 0., 0., 0., 1. ]
mean-rme11: 1.8940294991178050e-03
max-rme11: 5.3252104117066379e-03
Hcamera2end12: !!opencv-matrix
   rows: 4
   cols: 4
   dt: d
   data: [ 9.9999984876553505e-01, -1.5770479089529649e-04,
       5.2687579748265034e-04, -1.3896171812123938e-02,
       -5.2692704229064132e-04, -3.2507637196887984e-04,
       9.9999980833660396e-01, 3.0258242409532406e-02,
       -1.5753348579633684e-04, -9.9999993472727366e-01,
       -3.2515942172528511e-04, 3.4849032829424802e-02, 0., 0., 0., 1. ]
Hobj2base12: !!opencv-matrix
   rows: 4
   cols: 4
   dt: d
   data: [ 9.9999881074165031e-01, -1.4977340627889935e-03,
       3.6784230610714360e-04, -7.3661663532169674e-01,
       -1.4976337796901273e-03, -9.9999884134970185e-01,
       -2.7274954691148618e-04, 9.1914651670036221e-02,
       3.6825038619356560e-04, 2.7219832947858496e-04,
       -9.9999989514985566e-01, 8.6555840006189799e-04, 0., 0., 0., 1. ]
mean-rme12: 1.9043295390322654e-03
max-rme12: 5.1799596720359387e-03
Hcamera2end13: !!opencv-matrix
   rows: 4
   cols: 4
   dt: d
   data: [ 9.9999978796067812e-01, -2.1901037480490503e-04,
       6.1328056755959091e-04, -1.4007611685974206e-02,
       -6.1337934540042218e-04, -4.5123700410742984e-04,
       9.9999971007543020e-01, 3.0424036717897129e-02,
       -2.1873357642243328e-04, -9.9999987420980296e-01,
       -4.5137124486793745e-04, 3.4617592809358118e-02, 0., 0., 0., 1. ]
Hobj2base13: !!opencv-matrix
   rows: 4
   cols: 4
   dt: d
   data: [ 9.9999872546825819e-01, -1.5897552650595529e-03,
       1.4744509626588167e-04, -7.3652696648254368e-01,
       -1.5897580206564810e-03, -9.9999873616142909e-01,
       1.8573651894962595e-05, 9.1975176952759766e-02,
       1.4741538235819049e-04, -1.8808030246648844e-05,
       -9.9999998895748154e-01, 6.2585403637498659e-04, 0., 0., 0., 1. ]
mean-rme13: 1.9164709124725231e-03
max-rme13: 5.1875077209569131e-03
Hcamera2end14: !!opencv-matrix
   rows: 4
   cols: 4
   dt: d
   data: [ 9.9999943897509724e-01, 1.6608687007572091e-04,
       1.0461666417825096e-03, -1.4082507203372917e-02,
       -1.0459934475530233e-03, -1.0394774253157379e-03,
       9.9999891269160379e-01, 3.0202726860539111e-02,
       1.6717415609532397e-04, -9.9999944595076329e-01,
       -1.0393031163651312e-03, 3.3939589424299921e-02, 0., 0., 0., 1. ]
Hobj2base14: !!opencv-matrix
   rows: 4
   cols: 4
   dt: d
   data: [ 9.9999925657588418e-01, -1.1714214185267774e-03,
       3.3855507553042364e-04, -7.3572305482036093e-01,
       -1.1716398705907797e-03, -9.9999910511899537e-01,
       6.4577180271193355e-04, 9.1932723442420497e-02,
       3.3779830164274024e-04, -6.4616798725448444e-04,
       -9.9999973417958410e-01, 9.0536417031349960e-04, 0., 0., 0., 1. ]
mean-rme14: 1.9854102403400941e-03
max-rme14: 6.8657524882158594e-03
Hcamera2end15: !!opencv-matrix
   rows: 4
   cols: 4
   dt: d
   data: [ 9.9999956780426635e-01, 5.7538875781795143e-04,
       7.3028696947970812e-04, -1.3854404143280249e-02,
       -7.2948399143340018e-04, -1.3945161757229485e-03,
       9.9999876158810397e-01, 3.0483064600155058e-02,
       5.7640644224152824e-04, -9.9999886212555900e-01,
       -1.3940958361311484e-03, 3.3841100498830941e-02, 0., 0., 0., 1. ]
Hobj2base15: !!opencv-matrix
   rows: 4
   cols: 4
   dt: d
   data: [ 9.9999959752249723e-01, -3.7954075513593993e-04,
       8.1295981370564142e-04, -7.3546436510145918e-01,
       -3.8015643102390416e-04, -9.9999964098447713e-01,
       7.5730575385951095e-04, 9.1728555439662823e-02,
       8.1267209344276011e-04, -7.5761450096232640e-04,
       -9.9999938279197775e-01, 5.5737241085019554e-04, 0., 0., 0., 1. ]
mean-rme15: 2.0021924446721687e-03
max-rme15: 6.7518335981422428e-03
Hcamera2end16: !!opencv-matrix
   rows: 4
   cols: 4
   dt: d
   data: [ 9.9999994861804598e-01, 3.1415056374885252e-04,
       6.3822635394508872e-05, -1.3697106379476066e-02,
       -6.3377185921275947e-05, -1.4177547653955180e-03,
       9.9999899297687167e-01, 3.0407023451248415e-02,
       3.1424073223743971e-04, -9.9999894563986846e-01,
       -1.4177347825696796e-03, 3.4339977683400365e-02, 0., 0., 0., 1. ]
Hobj2base16: !!opencv-matrix
   rows: 4
   cols: 4
   dt: d
   data: [ 9.9999949108588693e-01, -6.2933260033854214e-04,
       7.8852295160805423e-04, -7.3594681255410488e-01,
       -6.2947505292507209e-04, -9.9999978560444380e-01,
       1.8042234993229049e-04, 9.1753906896804557e-02,
       7.8840923688559535e-04, -1.8091861363950644e-04,
       -9.9999967283961166e-01, 5.3187861145889692e-04, 0., 0., 0., 1. ]
mean-rme16: 2.0320489348062800e-03
max-rme16: 7.0121678968114720e-03
Hcamera2end17: !!opencv-matrix
   rows: 4
   cols: 4
   dt: d
   data: [ 9.9999899956163107e-01, 1.4042069899726675e-03,
       1.7052409318366393e-04, -1.3660443307217815e-02,
       -1.6779194994612809e-04, -1.9455721154539862e-03,
       9.9999809329568490e-01, 3.0258857729775025e-02,
       1.4045360794858516e-03, -9.9999712147179354e-01,
       -1.9453345544000467e-03, 3.4413919673292825e-02, 0., 0., 0., 1. ]
Hobj2base17: !!opencv-matrix
   rows: 4
   cols: 4
   dt: d
   data: [ 9.9999912657964007e-01, 1.6290368711676314e-04,
       1.3116029680056685e-03, -7.3593099109306781e-01,
       1.6215197566622782e-04, -9.9999982256839726e-01,
       5.7321017979487983e-04, 9.1656724804909093e-02,
       1.3116961133376333e-03, -5.7299700012888638e-04,
       -9.9999897556334694e-01, 6.0577273560860016e-04, 0., 0., 0., 1. ]
mean-rme17: 2.0159946988376606e-03
max-rme17: 6.9323530937838163e-03
Hcamera2end18: !!opencv-matrix
   rows: 4
   cols: 4
   dt: d
   data: [ 9.9999842249772108e-01, 1.7538986817969839e-03,
       2.8078725626958000e-04, -1.3712436163041282e-02,
       -2.7792338272574087e-04, -1.6328918068819753e-03,
       9.9999862821052943e-01, 3.0261076854285064e-02,
       1.7543547710274789e-03, -9.9999712874775859e-01,
       -1.6324017815367853e-03, 3.4515563491444461e-02, 0., 0., 0., 1. ]
Hobj2base18: !!opencv-matrix
   rows: 4
   cols: 4
   dt: d
   data: [ 9.9999936775909914e-01, 3.7056164896074717e-04,
       1.0616804916278541e-03, -7.3618478186400782e-01,
       3.6964080894861476e-04, -9.9999955548536379e-01,
       8.6740690947611457e-04, 9.1660313150575601e-02,
       1.0620014474300322e-03, -8.6701392063021846e-04,
       -9.9999906021945173e-01, 6.7344250583316334e-04, 0., 0., 0., 1. ]
mean-rme18: 1.9799559667147883e-03
max-rme18: 7.0820248134926267e-03
Hcamera2end19: !!opencv-matrix
   rows: 4
   cols: 4
   dt: d
   data: [ 9.9999874216508322e-01, 1.5518914417963091e-03,
       3.2756862517837508e-04, -1.5373415572744773e-02,
       -3.2660189605040330e-04, -6.2314852879086224e-04,
       9.9999975250852557e-01, 3.0097349582330575e-02,
       1.5520951816232660e-03, -9.9999860165845411e-01,
       -6.2264089428554215e-04, 3.4543985459379298e-02, 0., 0., 0., 1. ]
Hobj2base19: !!opencv-matrix
   rows: 4
   cols: 4
   dt: d
   data: [ 9.9999999706215781e-01, 7.6588161484498915e-05,
       3.1524553319899407e-06, -7.3672308779195861e-01,
       7.6585142267939670e-05, -9.9999954880978259e-01,
       9.4684473235869112e-04, 9.0182339244521181e-02,
       3.2249710068955685e-06, -9.4684448814577062e-04,
       -9.9999955173745692e-01, 1.3818092530495996e-03, 0., 0., 0., 1. ]
mean-rme19: 2.0295283808805654e-03
max-rme19: 6.9814474287007711e-03
Hcamera2end20: !!opencv-matrix
   rows: 4
   cols: 4
   dt: d
   data: [ 9.9999951695379297e-01, 9.3502703742084979e-04,
       3.0301257402698411e-04, -1.5182250603790989e-02,
       -3.0220074574683074e-04, -8.6825960260128454e-04,
       9.9999957739989676e-01, 3.0383631664784878e-02,
       9.3528973585543481e-04, -9.9999918592451975e-01,
       -8.6797661732385123e-04, 3.4621635545407037e-02, 0., 0., 0., 1. ]
Hobj2base20: !!opencv-matrix
   rows: 4
   cols: 4
   dt: d
   data: [ 9.9999991094865526e-01, -4.1714230395358014e-04,
       -6.3992029420946738e-05, -7.3687650876145583e-01,
       -4.1708058889797917e-04, -9.9999945085888031e-01,
       9.6141859780316495e-04, 9.0445250230987012e-02,
       -6.4393042649243476e-05, -9.6139182235423031e-04,
       -9.9999953578954215e-01, 1.1378288391304648e-03, 0., 0., 0., 1. ]
mean-rme20: 2.0184343724715835e-03
max-rme20: 6.8620411871764819e-03
Hcamera2end21: !!opencv-matrix
   rows: 4
   cols: 4
   dt: d
   data: [ 9.9999962657979302e-01, -2.7070378848986331e-05,
       8.6377512645113147e-04, -1.5356075858009324e-02,
       -8.6377090823975254e-04, 1.5545009594453152e-04,
       9.9999961486746869e-01, 3.0310548473581455e-02,
       -2.7204642349584133e-05, -9.9999998755123098e-01,
       1.5542665529066912e-04, 3.4621693399315347e-02, 0., 0., 0., 1. ]
Hobj2base21: !!opencv-matrix
   rows: 4
   cols: 4
   dt: d
   data: [ 9.9999889601368408e-01, -1.2862569722546942e-03,
       -7.4398549344438102e-04, -7.3725049553416311e-01,
       -1.2854655138275950e-03, -9.9999860847346311e-01,
       1.0633106555124085e-03, 9.0545673736693394e-02,
       -7.4535214891314930e-04, -1.0623531139373843e-03,
       -9.9999915792766325e-01, 1.3759020878195364e-03, 0., 0., 0., 1. ]
mean-rme21: 2.0536371375035984e-03
max-rme21: 7.1540179523684744e-03
Hcamera2end22: !!opencv-matrix
   rows: 4
   cols: 4
   dt: d
   data: [ 9.9999965766396537e-01, -4.3763308602250394e-04,
       7.0224585012273045e-04, -1.5400703553184434e-02,
       -7.0221582385110036e-04, 6.8760486911956242e-05,
       9.9999975108243511e-01, 3.0237800612249850e-02,
       -4.3768126385452816e-04, -9.9999990187463383e-01,
       6.8453150494751647e-05, 3.4736255124549364e-02, 0., 0., 0., 1. ]
Hobj2base22: !!opencv-matrix
   rows: 4
   cols: 4
   dt: d
   data: [ 9.9999779767853558e-01, -1.9785434369663899e-03,
       -7.0000281904674343e-04, -7.3728561274987459e-01,
       -1.9779600792841699e-03, -9.9999769682494488e-01,
       8.3307786540556469e-04, 9.0700205849598398e-02,
       -7.0164948756079235e-04, -8.3169145306883924e-04,
       -9.9999940798848619e-01, 1.4060072135137749e-03, 0., 0., 0., 1. ]
mean-rme22: 2.0560577339363622e-03
max-rme22: 7.1696355395204359e-03
Hcamera2end23: !!opencv-matrix
   rows: 4
   cols: 4
   dt: d
   data: [ 9.9999883309873516e-01, 1.2730167066360406e-03,
       8.4452923729615127e-04, -1.5289260898412559e-02,
       -8.4534994699074105e-04, 6.4429657323394895e-04,
       9.9999943513253686e-01, 3.0560626584819093e-02,
       1.2724718602567370e-03, -9.9999898215467720e-01,
       6.4537196600888969e-04, 3.4523218866829915e-02, 0., 0., 0., 1. ]
Hobj2base23: !!opencv-matrix
   rows: 4
   cols: 4
   dt: d
   data: [ 9.9999943071937003e-01, -3.9563450268243362e-04,
       -9.9097642559150081e-04, -7.3737592253280970e-01,
       -3.9436884898618114e-04, -9.9999910680994053e-01,
       1.2770483669568716e-03, 9.0452042981258737e-02,
       -9.9148078485677082e-04, -1.2766568297256397e-03,
       -9.9999869355574234e-01, 1.2153297612605149e-03, 0., 0., 0., 1. ]
mean-rme23: 2.1357434638542023e-03
max-rme23: 7.3420920967974812e-03
Hcamera2end24: !!opencv-matrix
   rows: 4
   cols: 4
   dt: d
   data: [ 9.9999778372723802e-01, 1.7589398280905130e-03,
       1.1570096339896991e-03, -1.5348043179820218e-02,
       -1.1575758207048553e-03, 3.2090692572195323e-04,
       9.9999927851822201e-01, 3.0488732275459875e-02,
       1.7585672666428039e-03, -9.9999840157343567e-01,
       3.2294232071972129e-04, 3.4630508388798824e-02, 0., 0., 0., 1. ]
Hobj2base24: !!opencv-matrix
   rows: 4
   cols: 4
   dt: d
   data: [ 9.9999973614022064e-01, 1.6356434102986553e-04,
       -7.0778965477042561e-04, -7.3742526526675889e-01,
       1.6475704902594787e-04, -9.9999856616289562e-01,
       1.6853863854959144e-03, 9.0366323038611557e-02,
       -7.0751297080183181e-04, -1.6855025541250858e-03,
       -9.9999832925187282e-01, 1.2639400028846559e-03, 0., 0., 0., 1. ]
mean-rme24: 2.1229421847870724e-03
max-rme24: 7.3147683988586953e-03
