%YAML:1.0
---
Hcamera2end0: !!opencv-matrix
   rows: 4
   cols: 4
   dt: d
   data: [ 9.9999120219981474e-01, -4.1940094532110696e-03,
       7.6208106614819755e-05, -1.7333315534944996e-02,
       -1.8737129817872605e-05, 1.3701444566678100e-02,
       9.9990613062712352e-01, 2.9757996378302735e-02,
       -4.1946599253221729e-03, -9.9989733508070344e-01,
       1.3701245440406962e-02, 3.4927015107908986e-02, 0., 0., 0., 1. ]
Hobj2base0: !!opencv-matrix
   rows: 4
   cols: 4
   dt: d
   data: [ 9.9991611424957394e-01, -2.4982528128152785e-03,
       -1.2709177664831463e-02, -7.4150284343056250e-01,
       -2.4672471582408216e-03, -9.9999394349873794e-01,
       2.4547214308623176e-03, 8.7245122842274883e-02,
       -1.2715233206400226e-02, -2.4231588322358700e-03,
       -9.9991622206351893e-01, 2.8048230929912190e-03, 0., 0., 0., 1. ]
mean-rme0: 1.4449770037252550e-03
max-rme0: 5.0585032994184265e-03
Hcamera2end1: !!opencv-matrix
   rows: 4
   cols: 4
   dt: d
   data: [ 9.9995263137278867e-01, -4.6632269127986894e-03,
       -8.5433790385081136e-03, -1.4059512606790565e-02,
       8.5921788271431515e-03, 1.0547067871611859e-02,
       9.9990746262957453e-01, 2.6874750825977182e-02,
       -4.5726877914704306e-03, -9.9993350462621833e-01,
       1.0586635551032009e-02, 3.5141303111699183e-02, 0., 0., 0., 1. ]
Hobj2base1: !!opencv-matrix
   rows: 4
   cols: 4
   dt: d
   data: [ 9.9995158458583555e-01, -2.2685807271476794e-03,
       -9.5750731465057311e-03, -7.4085353568401191e-01,
       -2.3206556698055357e-03, -9.9998255928542701e-01,
       -5.4309927481227807e-03, 8.8471282100894486e-02,
       -9.5625855049102960e-03, 5.4529502521457980e-03,
       -9.9993940931038905e-01, 4.5399286719716948e-03, 0., 0., 0., 1. ]
mean-rme1: 1.7603917429481605e-03
max-rme1: 6.3010674810226042e-03
Hcamera2end2: !!opencv-matrix
   rows: 4
   cols: 4
   dt: d
   data: [ 9.9995696934506995e-01, -4.5299018709489876e-03,
       -8.0956437213124434e-03, -1.4625983001332752e-02,
       8.1303562505449008e-03, 7.6977646614024842e-03,
       9.9993731889876836e-01, 2.7569431042118616e-02,
       -4.4672995715620200e-03, -9.9996011140857899e-01,
       7.7342631375384441e-03, 3.5635239240459728e-02, 0., 0., 0., 1. ]
Hobj2base2: !!opencv-matrix
   rows: 4
   cols: 4
   dt: d
   data: [ 9.9997168240758327e-01, -1.9439754359990319e-03,
       -7.2701679796105603e-03, -7.4073595437478124e-01,
       -1.9779231014456808e-03, -9.9998716189464298e-01,
       -4.6651758918101029e-03, 8.7987184762811588e-02,
       -7.2610056570897828e-03, 4.6794236184589085e-03,
       -9.9996268969969382e-01, 3.4875358397957121e-03, 0., 0., 0., 1. ]
mean-rme2: 1.7322206726124219e-03
max-rme2: 6.2272970123131155e-03
Hcamera2end3: !!opencv-matrix
   rows: 4
   cols: 4
   dt: d
   data: [ 9.9995447486915157e-01, -6.0330850570800227e-03,
       -7.3925688264274494e-03, -1.5345970748686311e-02,
       7.4399093905640921e-03, 7.8624733285460602e-03,
       9.9994141291448557e-01, 2.8491037505065053e-02,
       -5.9746077209826432e-03, -9.9995089049305397e-01,
       7.9070009945891861e-03, 3.4064781549713527e-02, 0., 0., 0., 1. ]
Hobj2base3: !!opencv-matrix
   rows: 4
   cols: 4
   dt: d
   data: [ 9.9997362002706180e-01, -3.7898543200517365e-03,
       -6.1964711091155675e-03, -7.3874088684539518e-01,
       -3.8213122354625925e-03, -9.9997983186355377e-01,
       -5.0728137100957407e-03, 8.8280851020803630e-02,
       -6.1771209128867310e-03, 5.0963585402733014e-03,
       -9.9996793463933420e-01, 2.6367262511820967e-03, 0., 0., 0., 1. ]
mean-rme3: 1.8752301521897711e-03
max-rme3: 6.2583370881568179e-03
Hcamera2end4: !!opencv-matrix
   rows: 4
   cols: 4
   dt: d
   data: [ 9.9995896188983024e-01, -5.6216343919293522e-03,
       -7.1043481739427559e-03, -1.5240121796462875e-02,
       7.1485351574678210e-03, 7.8795050462827643e-03,
       9.9994340432112860e-01, 2.8593691373231853e-02,
       -5.5653374844274427e-03, -9.9995315421623077e-01,
       7.9193681373797009e-03, 3.4145970628753970e-02, 0., 0., 0., 1. ]
Hobj2base4: !!opencv-matrix
   rows: 4
   cols: 4
   dt: d
   data: [ 9.9997264347663783e-01, -4.5063090530136941e-03,
       -5.8656182166717617e-03, -7.3880758779395173e-01,
       -4.5362799592209013e-03, -9.9997667338156937e-01,
       -5.1063545570020318e-03, 8.8090915197485881e-02,
       -5.8424705798656457e-03, 5.1328229512590268e-03,
       -9.9996975937578947e-01, 2.5259152866027035e-03, 0., 0., 0., 1. ]
mean-rme4: 1.8653260010714459e-03
max-rme4: 6.2731283187130171e-03
Hcamera2end5: !!opencv-matrix
   rows: 4
   cols: 4
   dt: d
   data: [ 9.9997319083897174e-01, -4.4893685484717841e-03,
       -5.7847362395674487e-03, -1.5780868181491842e-02,
       5.8167535321390924e-03, 7.1518205162487414e-03,
       9.9995750751801915e-01, 2.8466028866766385e-02,
       -4.4478063887404091e-03, -9.9996434788113264e-01,
       7.1777423323022838e-03, 3.4171233471558399e-02, 0., 0., 0., 1. ]
Hobj2base5: !!opencv-matrix
   rows: 4
   cols: 4
   dt: d
   data: [ 9.9997697907732253e-01, -3.5669091173807918e-03,
       -5.7722157565720609e-03, -7.3857980434081583e-01,
       -3.5905497817462504e-03, -9.9998518806122960e-01,
       -4.0904291231883680e-03, 8.7720081299881666e-02,
       -5.7575400699322044e-03, 4.1110603857607573e-03,
       -9.9997497464428942e-01, 2.3500506797787760e-03, 0., 0., 0., 1. ]
mean-rme5: 1.8884063298547737e-03
max-rme5: 5.8407853267057885e-03
Hcamera2end6: !!opencv-matrix
   rows: 4
   cols: 4
   dt: d
   data: [ 9.9998431779967656e-01, -1.8729460091934547e-03,
       -5.2778999575774027e-03, -1.5720790682795777e-02,
       5.2898470605826677e-03, 6.4322068429915058e-03,
       9.9996532151530371e-01, 2.8691334501310933e-02,
       -1.8389325140401841e-03, -9.9997755914239184e-01,
       6.4420135697765835e-03, 3.4293943248746170e-02, 0., 0., 0., 1. ]
Hobj2base6: !!opencv-matrix
   rows: 4
   cols: 4
   dt: d
   data: [ 9.9998338338068549e-01, -1.6075348550449006e-03,
       -5.5361353132614109e-03, -7.3893011474479753e-01,
       -1.6288742266182443e-03, -9.9999125357853780e-01,
       -3.8522117255118749e-03, 8.7427385274007577e-02,
       -5.5298943272709174e-03, 3.8611653829029556e-03,
       -9.9997725557665307e-01, 2.1119790304112659e-03, 0., 0., 0., 1. ]
mean-rme6: 1.9314379324373897e-03
max-rme6: 5.8325685893568791e-03
Hcamera2end7: !!opencv-matrix
   rows: 4
   cols: 4
   dt: d
   data: [ 9.9998006256601424e-01, -3.1636289833328769e-03,
       -5.4649722895982432e-03, -1.5221164010350242e-02,
       5.4853431212218227e-03, 6.4666096519695460e-03,
       9.9996404633889291e-01, 2.8388582946080987e-02,
       -3.1281753967328796e-03, -9.9997408686988731e-01,
       6.4838343148482247e-03, 3.4438697588093994e-02, 0., 0., 0., 1. ]
Hobj2base7: !!opencv-matrix
   rows: 4
   cols: 4
   dt: d
   data: [ 9.9998263210048999e-01, -3.1550405322045044e-03,
       -4.9780735848489769e-03, -7.3856705664951572e-01,
       -3.1728656779292873e-03, -9.9998856926603730e-01,
       -3.5769065760073442e-03, 8.8140705246220058e-02,
       -4.9667313965869693e-03, 3.5926392114729489e-03,
       -9.9998121208487234e-01, 2.3068495481352079e-03, 0., 0., 0., 1. ]
mean-rme7: 1.9379011953346841e-03
max-rme7: 5.8514960561732443e-03
Hcamera2end8: !!opencv-matrix
   rows: 4
   cols: 4
   dt: d
   data: [ 9.9998110363137616e-01, -3.5998527359757618e-03,
       -4.9833162105361560e-03, -1.7076354296286317e-02,
       5.0062274358075188e-03, 6.3837656870586734e-03,
       9.9996709206979095e-01, 2.9222950862722266e-02,
       -3.5679219492405784e-03, -9.9997314393734205e-01,
       6.4016667386007642e-03, 3.4187361346546839e-02, 0., 0., 0., 1. ]
Hobj2base8: !!opencv-matrix
   rows: 4
   cols: 4
   dt: d
   data: [ 9.9998285428880529e-01, -3.2427126859073049e-03,
       -4.8760581262589217e-03, -7.3844934259793060e-01,
       -3.2571698513796394e-03, -9.9999031482233813e-01,
       -2.9599165665184154e-03, 8.6886440114584421e-02,
       -4.8664127417702022e-03, 2.9757479661662312e-03,
       -9.9998373134319984e-01, 1.2387749753002236e-03, 0., 0., 0., 1. ]
mean-rme8: 2.0474331871976692e-03
max-rme8: 5.4731779490671262e-03
Hcamera2end9: !!opencv-matrix
   rows: 4
   cols: 4
   dt: d
   data: [ 9.9998208353408413e-01, -3.1241408158152548e-03,
       -5.1061095752939264e-03, -1.7041239115258563e-02,
       5.1278856988381562e-03, 7.0024286642779154e-03,
       9.9996233468119267e-01, 2.9733329458328829e-02,
       -3.0882679760024447e-03, -9.9997060243637403e-01,
       7.0183234425140739e-03, 3.3930443861150635e-02, 0., 0., 0., 1. ]
Hobj2base9: !!opencv-matrix
   rows: 4
   cols: 4
   dt: d
   data: [ 9.9998316248108743e-01, -3.0175392556833739e-03,
       -4.9567339209922335e-03, -7.3833563460851792e-01,
       -3.0328296538698111e-03, -9.9999065724100333e-01,
       -3.0801582746152380e-03, 8.6811895545999301e-02,
       -4.9473931129144291e-03, 3.0951393420139634e-03,
       -9.9998297156193594e-01, 7.7904017823387703e-04, 0., 0., 0., 1. ]
mean-rme9: 2.0343012609861278e-03
max-rme9: 5.4613848127769427e-03
Hcamera2end10: !!opencv-matrix
   rows: 4
   cols: 4
   dt: d
   data: [ 9.9997428716801851e-01, -4.9132960345853304e-03,
       -5.2234590923850828e-03, -1.7082768215139408e-02,
       5.2574540948722628e-03, 6.9317016448611213e-03,
       9.9996215462823768e-01, 3.0882202740707038e-02,
       -4.8769026290877695e-03, -9.9996390486576259e-01,
       6.9573548395377438e-03, 3.3371613610478357e-02, 0., 0., 0., 1. ]
Hobj2base10: !!opencv-matrix
   rows: 4
   cols: 4
   dt: d
   data: [ 9.9997679233544878e-01, -4.4086082594265667e-03,
       -5.1941278114409082e-03, -7.3805802000020482e-01,
       -4.4251110973581829e-03, -9.9998518459243990e-01,
       -3.1700137854781436e-03, 8.6997317170181721e-02,
       -5.1800755093633069e-03, 3.1929248094810913e-03,
       -9.9998148585305247e-01, -4.5321077172350011e-04, 0., 0., 0., 1. ]
mean-rme10: 2.1267012057785339e-03
max-rme10: 5.4959340504530663e-03
Hcamera2end11: !!opencv-matrix
   rows: 4
   cols: 4
   dt: d
   data: [ 9.9997807680645401e-01, -4.7185556797647498e-03,
       -4.6455504262075667e-03, -1.6123921382873278e-02,
       4.6698169762954796e-03, 5.1448603965602580e-03,
       9.9997586131911598e-01, 3.1243436270261153e-02,
       -4.6945410716469444e-03, -9.9997563252501165e-01,
       5.1667823962069370e-03, 3.3927528780807792e-02, 0., 0., 0., 1. ]
Hobj2base11: !!opencv-matrix
   rows: 4
   cols: 4
   dt: d
   data: [ 9.9998510225180803e-01, -3.9675995366003861e-03,
       -3.7487902526217747e-03, -7.3806110684688953e-01,
       -3.9782511969538772e-03, -9.9998805903273347e-01,
       -2.8381876893929991e-03, 8.8092057997377335e-02,
       -3.7374846962788589e-03, 2.8530590360971025e-03,
       -9.9998894557004059e-01, -1.2284894502567168e-03, 0., 0., 0., 1. ]
mean-rme11: 2.1788766088464053e-03
max-rme11: 5.4908111650003311e-03
Hcamera2end12: !!opencv-matrix
   rows: 4
   cols: 4
   dt: d
   data: [ 9.9997979631842926e-01, -4.4072724250962371e-03,
       -4.5807100676266690e-03, -1.6067053940832368e-02,
       4.6031825537862876e-03, 5.1023951166524473e-03,
       9.9997638785845855e-01, 3.1194793125233281e-02,
       -4.3837957672760641e-03, -9.9997727049860730e-01,
       5.1225795090231729e-03, 3.4351329747453273e-02, 0., 0., 0., 1. ]
Hobj2base12: !!opencv-matrix
   rows: 4
   cols: 4
   dt: d
   data: [ 9.9998794271273395e-01, -3.2726152722845074e-03,
       -3.6612045058377462e-03, -7.3851997943409209e-01,
       -3.2830482377135023e-03, -9.9999055739985354e-01,
       -2.8472276689575403e-03, 8.7860414912363516e-02,
       -3.6518520537944417e-03, 2.8592132501164234e-03,
       -9.9998924438024206e-01, -1.2717828519810373e-03, 0., 0., 0., 1. ]
mean-rme12: 2.1631794396792803e-03
max-rme12: 5.5691902012215966e-03
Hcamera2end13: !!opencv-matrix
   rows: 4
   cols: 4
   dt: d
   data: [ 9.9998039241104231e-01, -4.0130626215314205e-03,
       -4.8072988104991615e-03, -1.5853436805856141e-02,
       4.8267129001436102e-03, 4.8421386575292491e-03,
       9.9997662799477516e-01, 3.1392368433541339e-02,
       -3.9896912208022507e-03, -9.9998022431526967e-01,
       4.8614136159892407e-03, 3.4779160500916215e-02, 0., 0., 0., 1. ]
Hobj2base13: !!opencv-matrix
   rows: 4
   cols: 4
   dt: d
   data: [ 9.9998919710356915e-01, -3.3984398735785455e-03,
       -3.1711642317620256e-03, -7.3866023950580884e-01,
       -3.4084718130782004e-03, -9.9998918734886333e-01,
       -3.1634641233510134e-03, 8.8105203961155745e-02,
       -3.1603791004540583e-03, 3.1742387726743288e-03,
       -9.9998996805575802e-01, -1.1772423038476482e-03, 0., 0., 0., 1. ]
mean-rme13: 2.2571533508566493e-03
max-rme13: 7.3656537523630883e-03
Hcamera2end14: !!opencv-matrix
   rows: 4
   cols: 4
   dt: d
   data: [ 9.9997756192168219e-01, -5.0972907274617939e-03,
       -4.3466401286588238e-03, -1.5290894005720555e-02,
       4.3689261644845627e-03, 4.3691794077513890e-03,
       9.9998091119554489e-01, 3.1019763741637667e-02,
       -5.0782021757328037e-03, -9.9997746369532892e-01,
       4.3913510585888993e-03, 3.5012718639194987e-02, 0., 0., 0., 1. ]
Hobj2base14: !!opencv-matrix
   rows: 4
   cols: 4
   dt: d
   data: [ 9.9998467500586063e-01, -4.6551050511620170e-03,
       -2.9966231638000238e-03, -7.3867835670254123e-01,
       -4.6642047396680264e-03, -9.9998451123155596e-01,
       -3.0368554678024099e-03, 8.8920205891791421e-02,
       -2.9824398685699099e-03, 3.0507857919737590e-03,
       -9.9999089883782522e-01, -6.9590476985817993e-04, 0., 0., 0., 1. ]
mean-rme14: 2.2871525792249052e-03
max-rme14: 7.2136147137681350e-03
Hcamera2end15: !!opencv-matrix
   rows: 4
   cols: 4
   dt: d
   data: [ 9.9997726611662208e-01, -4.9233939670682916e-03,
       -4.6073247955133890e-03, -1.5309195778112463e-02,
       4.6293744920522899e-03, 4.4765844472233196e-03,
       9.9997926432676576e-01, 3.0316555519113938e-02,
       -4.9026667986568837e-03, -9.9997785994667510e-01,
       4.4992749115200237e-03, 3.4972177357052839e-02, 0., 0., 0., 1. ]
Hobj2base15: !!opencv-matrix
   rows: 4
   cols: 4
   dt: d
   data: [ 9.9998480843574078e-01, -4.4144729626100603e-03,
       -3.3008069009200129e-03, -7.3863364127274689e-01,
       -4.4251366115285497e-03, -9.9998499147068531e-01,
       -3.2303249593902748e-03, 8.8481985848330294e-02,
       -3.2864971784692049e-03, 3.2448824071659231e-03,
       -9.9998933478035656e-01, -1.9018352983957154e-05, 0., 0., 0., 1. ]
mean-rme15: 2.2709803688208702e-03
max-rme15: 7.3074174974365746e-03
Hcamera2end16: !!opencv-matrix
   rows: 4
   cols: 4
   dt: d
   data: [ 9.9997624097729487e-01, -5.2499041769527837e-03,
       -4.4672124475861399e-03, -1.4127849949378421e-02,
       4.4901199762174427e-03, 4.3597626401026268e-03,
       9.9998041545438332e-01, 3.0740586480588424e-02,
       -5.2303253740305592e-03, -9.9997671521683673e-01,
       4.3832317560211775e-03, 3.4844414823768731e-02, 0., 0., 0., 1. ]
Hobj2base16: !!opencv-matrix
   rows: 4
   cols: 4
   dt: d
   data: [ 9.9998293958471696e-01, -4.7745443381233795e-03,
       -3.3651546579151815e-03, -7.3846621943774060e-01,
       -4.7858958408802223e-03, -9.9998285785395780e-01,
       -3.3733068689505885e-03, 8.9587299605045315e-02,
       -3.3489909687306790e-03, 3.3893545986157622e-03,
       -9.9998864820301669e-01, -7.0220829963492002e-04, 0., 0., 0., 1. ]
mean-rme16: 2.3104589633322174e-03
max-rme16: 7.5490275014902242e-03
Hcamera2end17: !!opencv-matrix
   rows: 4
   cols: 4
   dt: d
   data: [ 9.9997830779165275e-01, -4.9566930874769075e-03,
       -4.3376421912305167e-03, -1.3852921316151989e-02,
       4.3597783216323006e-03, 4.4638628875642850e-03,
       9.9998053294107048e-01, 3.0554152981162434e-02,
       -4.9372339552435102e-03, -9.9997775231339903e-01,
       4.4853761395902136e-03, 3.4827046998642294e-02, 0., 0., 0., 1. ]
Hobj2base17: !!opencv-matrix
   rows: 4
   cols: 4
   dt: d
   data: [ 9.9998357878446120e-01, -4.6617198349908689e-03,
       -3.3332461057316758e-03, -7.3853329760919662e-01,
       -4.6732834437467523e-03, -9.9998306016654470e-01,
       -3.4698417554326817e-03, 8.9818283283018219e-02,
       -3.3170142109621983e-03, 3.4853619802531796e-03,
       -9.9998842476730276e-01, -4.5892189464864607e-04, 0., 0., 0., 1. ]
mean-rme17: 2.2607901420526014e-03
max-rme17: 7.4472666576096413e-03
Hcamera2end18: !!opencv-matrix
   rows: 4
   cols: 4
   dt: d
   data: [ 9.9997952242982246e-01, -4.8668972436990022e-03,
       -4.1554821914446035e-03, -1.3839778499264216e-02,
       4.1754487433439697e-03, 4.0995714730460708e-03,
       9.9998287942420738e-01, 3.0765922211920690e-02,
       -4.8497782233670704e-03, -9.9997975320751187e-01,
       4.1198090037637414e-03, 3.4940865231059319e-02, 0., 0., 0., 1. ]
Hobj2base18: !!opencv-matrix
   rows: 4
   cols: 4
   dt: d
   data: [ 9.9998495016389988e-01, -4.5485213686686180e-03,
       -3.0676373745082649e-03, -7.3855992159883410e-01,
       -4.5591037758043306e-03, -9.9998365049137705e-01,
       -3.4515681509320485e-03, 8.9839348294750002e-02,
       -3.0518876886546282e-03, 3.4655018825340079e-03,
       -9.9998933808228063e-01, -7.3282931065969897e-04, 0., 0., 0., 1. ]
mean-rme18: 2.2224230781195571e-03
max-rme18: 7.4396915049869117e-03
Hcamera2end19: !!opencv-matrix
   rows: 4
   cols: 4
   dt: d
   data: [ 9.9997775426415847e-01, -5.1728698294560872e-03,
       -4.2109849842747607e-03, -1.3853333464373811e-02,
       4.2303629124462137e-03, 3.7408568014091204e-03,
       9.9998405488288689e-01, 3.0676895432705485e-02,
       -5.1570346556217899e-03, -9.9997962349645864e-01,
       3.7626566999743316e-03, 3.5072369884451046e-02, 0., 0., 0., 1. ]
Hobj2base19: !!opencv-matrix
   rows: 4
   cols: 4
   dt: d
   data: [ 9.9998516929793535e-01, -4.8219355997678954e-03,
       -2.5318217257937581e-03, -7.3837593720849748e-01,
       -4.8302598182729728e-03, -9.9998291524818872e-01,
       -3.2920816852452608e-03, 8.9919088223726643e-02,
       -2.5159042643725141e-03, 3.3042622181117466e-03,
       -9.9999137600127685e-01, -8.5229189063920521e-04, 0., 0., 0., 1. ]
mean-rme19: 2.2295396258576734e-03
max-rme19: 7.5482974858436247e-03
Hcamera2end20: !!opencv-matrix
   rows: 4
   cols: 4
   dt: d
   data: [ 9.9997356842326812e-01, -5.8556415790934676e-03,
       -4.3097466900732673e-03, -1.3827123964814355e-02,
       4.3336909254883624e-03, 4.0825716556477376e-03,
       9.9998227570874409e-01, 3.0697436605174242e-02,
       -5.8379429423167147e-03, -9.9997452171061518e-01,
       4.1078402876160158e-03, 3.4864927136075252e-02, 0., 0., 0., 1. ]
Hobj2base20: !!opencv-matrix
   rows: 4
   cols: 4
   dt: d
   data: [ 9.9998072119801473e-01, -5.3142805964503520e-03,
       -3.2117991905552118e-03, -7.3843963440854188e-01,
       -5.3254021970826453e-03, -9.9997981964953064e-01,
       -3.4641572036919650e-03, 8.9970164491349230e-02,
       -3.1933248719112749e-03, 3.4811945413571604e-03,
       -9.9998884191816262e-01, -7.5544710986447528e-04, 0., 0., 0., 1. ]
mean-rme20: 2.1984561292285286e-03
max-rme20: 7.5827527715734977e-03
Hcamera2end21: !!opencv-matrix
   rows: 4
   cols: 4
   dt: d
   data: [ 9.9998115410483956e-01, -5.2362109001495684e-03,
       -3.2052348685147553e-03, -1.4340764513727795e-02,
       3.2271358775816878e-03, 4.1795254345099453e-03,
       9.9998605848340216e-01, 3.0677580613016325e-02,
       -5.2227415387718574e-03, -9.9997755657942222e-01,
       4.1963446316702901e-03, 3.5630709347446853e-02, 0., 0., 0., 1. ]
Hobj2base21: !!opencv-matrix
   rows: 4
   cols: 4
   dt: d
   data: [ 9.9998369914908147e-01, -4.6938249539965780e-03,
       -3.2510680430665236e-03, -7.3931641236911283e-01,
       -4.7018622739489245e-03, -9.9998589818078387e-01,
       -2.4689938693931044e-03, 8.9839630663048065e-02,
       -3.2394331720572997e-03, 2.4842396968738564e-03,
       -9.9999166727820876e-01, -7.2160208015388169e-04, 0., 0., 0., 1. ]
mean-rme21: 2.1880374763023698e-03
max-rme21: 7.6756411885164910e-03
Hcamera2end22: !!opencv-matrix
   rows: 4
   cols: 4
   dt: d
   data: [ 9.9998480671180301e-01, -4.6517362482689445e-03,
       -2.9576503232317457e-03, -1.4014727788506546e-02,
       2.9710345820496472e-03, 2.8729872873107798e-03,
       9.9999145941230883e-01, 3.0860494290759176e-02,
       -4.6431992279286445e-03, -9.9998505353526335e-01,
       2.8867641064470595e-03, 3.6195953463867191e-02, 0., 0., 0., 1. ]
Hobj2base22: !!opencv-matrix
   rows: 4
   cols: 4
   dt: d
   data: [ 9.9998862736330829e-01, -4.2955476009608065e-03,
       -2.0720557073869365e-03, -7.3939427024836279e-01,
       -4.3001151251920782e-03, -9.9998832353649481e-01,
       -2.2049491105514975e-03, 9.0238562685180532e-02,
       -2.0625600492420186e-03, 2.2138341125539141e-03,
       -9.9999542238180528e-01, -1.0042650787772508e-03, 0., 0., 0., 1. ]
mean-rme22: 2.1822394824546542e-03
max-rme22: 7.5321491036924870e-03
Hcamera2end23: !!opencv-matrix
   rows: 4
   cols: 4
   dt: d
   data: [ 9.9998642714312969e-01, -4.3414173630937809e-03,
       -2.8805598062900594e-03, -1.3984765004207018e-02,
       2.8921558413470805e-03, 2.6671181625554929e-03,
       9.9999226092770144e-01, 3.0833318578822908e-02,
       -4.3337009711732471e-03, -9.9998701920374256e-01,
       2.6796380177288581e-03, 3.6228087086478476e-02, 0., 0., 0., 1. ]
Hobj2base23: !!opencv-matrix
   rows: 4
   cols: 4
   dt: d
   data: [ 9.9999053352938150e-01, -3.9894343025620579e-03,
       -1.7370277972730151e-03, -7.3934247616625703e-01,
       -3.9934415090271741e-03, -9.9998935901008590e-01,
       -2.3096085191493640e-03, 9.0159868132921761e-02,
       -1.7277952821259598e-03, 2.3165233742161412e-03,
       -9.9999582421274136e-01, -1.1167262841089729e-03, 0., 0., 0., 1. ]
mean-rme23: 2.1608696389450793e-03
max-rme23: 7.5594256855301412e-03
Hcamera2end24: !!opencv-matrix
   rows: 4
   cols: 4
   dt: d
   data: [ 9.9999233030373025e-01, -2.9760580464582844e-03,
       -2.5460581728393504e-03, -1.4072915625239409e-02,
       2.5553489869642176e-03, 3.1222300927915558e-03,
       9.9999186090227887e-01, 3.0713501452097652e-02,
       -2.9680844445857837e-03, -9.9999069733560608e-01,
       3.1298110131492418e-03, 3.6062160590015428e-02, 0., 0., 0., 1. ]
Hobj2base24: !!opencv-matrix
   rows: 4
   cols: 4
   dt: d
   data: [ 9.9999380392049031e-01, -2.9740228260480483e-03,
       -1.8834300778376660e-03, -7.3927744846351184e-01,
       -2.9786453395024767e-03, -9.9999254716447372e-01,
       -2.4562751165989765e-03, 8.9976950922025470e-02,
       -1.8761110226792521e-03, 2.4618699675466866e-03,
       -9.9999520969037281e-01, -1.0163967445737129e-03, 0., 0., 0., 1. ]
mean-rme24: 2.2419068638563143e-03
max-rme24: 7.9700092650364929e-03
