%YAML:1.0
---
Hcamera2end0: !!opencv-matrix
   rows: 4
   cols: 4
   dt: d
   data: [ 9.9992086897480992e-01, -3.4382598460595513e-03,
       -1.2100998218821522e-02, -1.9101766503127976e-02,
       1.2099137186618935e-02, -5.6155776742650154e-04,
       9.9992664507563422e-01, 2.5538561206403621e-02,
       -3.4448030423119879e-03, -9.9999393149263904e-01,
       -5.1991335322387755e-04, 3.4005392955648736e-02, 0., 0., 0., 1. ]
Hobj2base0: !!opencv-matrix
   rows: 4
   cols: 4
   dt: d
   data: [ 9.9999231757684548e-01, -3.9137734012819753e-03,
       2.1717516605640748e-04, -7.3653265209114371e-01,
       -3.9114981601418297e-03, -9.9994588670544937e-01,
       -9.6397013955469967e-03, 8.2814185921532710e-02,
       2.5489102091087019e-04, 9.6387778590193342e-03,
       -9.9995351341547445e-01, 3.3372283442578143e-03, 0., 0., 0., 1. ]
mean-rme0: 1.6063044943337773e-03
max-rme0: 4.8750157045156783e-03
Hcamera2end1: !!opencv-matrix
   rows: 4
   cols: 4
   dt: d
   data: [ 9.9994292901787785e-01, 1.6274176525441896e-04,
       -1.0682332248397441e-02, -1.7670017960135471e-02,
       1.0682957459605392e-02, -4.5081378633100577e-03,
       9.9993277329674601e-01, 2.6301286349921054e-02,
       1.1457339818460050e-04, -9.9998982505229694e-01,
       -4.5096191428097843e-03, 3.4297066929115959e-02, 0., 0., 0., 1. ]
Hobj2base1: !!opencv-matrix
   rows: 4
   cols: 4
   dt: d
   data: [ 9.9998847340931740e-01, -1.1842984265742510e-03,
       4.6530082462454183e-03, -7.3613234671689376e-01,
       -1.1475036379262724e-03, -9.9996811659691920e-01,
       -7.9024695514536246e-03, 8.4286387706695026e-02,
       4.6622187747638009e-03, 7.8970391190318553e-03,
       -9.9995794936049642e-01, 1.9669386356604740e-03, 0., 0., 0., 1. ]
mean-rme1: 1.4274694115634159e-03
max-rme1: 5.1737556674617824e-03
Hcamera2end2: !!opencv-matrix
   rows: 4
   cols: 4
   dt: d
   data: [ 9.9998960849476226e-01, -2.4326640858776004e-03,
       -3.8555217464550273e-03, -1.8344427053401734e-02,
       3.8481637920724249e-03, -3.0221142331516848e-03,
       9.9998802915884499e-01, 3.0159615267725932e-02,
       -2.4442867919884322e-03, -9.9999247445718664e-01,
       -3.0127215389823547e-03, 3.2795304681139836e-02, 0., 0., 0., 1. ]
Hobj2base2: !!opencv-matrix
   rows: 4
   cols: 4
   dt: d
   data: [ 9.9997896870503200e-01, -5.1340459149727801e-03,
       3.9627919657260775e-03, -7.3458425508049252e-01,
       -5.1241272594886225e-03, -9.9998372385084577e-01,
       -2.5090542488539576e-03, 8.5815672746415467e-02,
       3.9756090664497500e-03, 2.4886956298586999e-03,
       -9.9998900040281069e-01, -1.4820599090718603e-03, 0., 0., 0., 1. ]
mean-rme2: 2.2531398947473347e-03
max-rme2: 7.4296433453180100e-03
Hcamera2end3: !!opencv-matrix
   rows: 4
   cols: 4
   dt: d
   data: [ 9.9999806090714849e-01, -1.7686604934618920e-03,
       -8.6603810642191139e-04, -1.9599312673339492e-02,
       8.5970432896106345e-04, -3.5787414408594564e-03,
       9.9999322673614455e-01, 3.0288650372818873e-02,
       -1.7717478403185148e-03, -9.9999203219313626e-01,
       -3.5772139762648703e-03, 3.2189151562319690e-02, 0., 0., 0., 1. ]
Hobj2base3: !!opencv-matrix
   rows: 4
   cols: 4
   dt: d
   data: [ 9.9998302920144022e-01, -4.0813386845731789e-03,
       4.1574010695839998e-03, -7.3379297919548669e-01,
       -4.0812089117879613e-03, -9.9999167104425402e-01,
       -3.9698087216037295e-05, 8.5144332531820355e-02,
       4.1575284641135329e-03, 2.2730191212732918e-05,
       -9.9999135718285492e-01, -1.3541230380825404e-03, 0., 0., 0., 1. ]
mean-rme3: 2.2523674630716517e-03
max-rme3: 7.2101609920545984e-03
Hcamera2end4: !!opencv-matrix
   rows: 4
   cols: 4
   dt: d
   data: [ 9.9999977416920693e-01, -5.5430814999581969e-04,
       -3.8000527625733970e-04, -1.9550305910895561e-02,
       3.7798054664927612e-04, -3.6482575975271825e-03,
       9.9999327365098234e-01, 3.1164251738255051e-02,
       -5.5569077866194575e-04, -9.9999319145631038e-01,
       -3.6480472559408117e-03, 3.2651124833593843e-02, 0., 0., 0., 1. ]
Hobj2base4: !!opencv-matrix
   rows: 4
   cols: 4
   dt: d
   data: [ 9.9999097431598183e-01, -2.6738754027298365e-03,
       3.3017687538573798e-03, -7.3472284545732813e-01,
       -2.6751072802959621e-03, -9.9999635391063291e-01,
       3.6873632665839455e-04, 8.4855314132319129e-02,
       3.3007707603194898e-03, -3.7756558419212177e-04,
       -9.9999448116307965e-01, -1.8681196350119390e-03, 0., 0., 0., 1. ]
mean-rme4: 2.2196727536704041e-03
max-rme4: 7.6031224422765942e-03
Hcamera2end5: !!opencv-matrix
   rows: 4
   cols: 4
   dt: d
   data: [ 9.9999735611299545e-01, 2.2821284882677843e-03,
       2.8223497645950280e-04, -1.9580686326273078e-02,
       -2.7513018716178363e-04, -3.1129441545341141e-03,
       9.9999511692911336e-01, 3.0860499206119728e-02,
       2.2829959261927782e-03, -9.9999255070638104e-01,
       -3.1123080418233862e-03, 3.2591315002844436e-02, 0., 0., 0., 1. ]
Hobj2base5: !!opencv-matrix
   rows: 4
   cols: 4
   dt: d
   data: [ 9.9999504425253372e-01, 2.6981181317178854e-04,
       3.1366657390768850e-03, -7.3479408739923324e-01,
       2.6677340533699123e-04, -9.9999949488452478e-01,
       9.6905244713682711e-04, 8.4415870589911568e-02,
       3.1369256164963007e-03, -9.6821086575700011e-04,
       -9.9999461111817789e-01, -1.4640648828295846e-03, 0., 0., 0., 1. ]
mean-rme5: 2.2046907873989039e-03
max-rme5: 7.7354248151215999e-03
Hcamera2end6: !!opencv-matrix
   rows: 4
   cols: 4
   dt: d
   data: [ 9.9999758197787225e-01, 2.1615658296024647e-03,
       4.0456343490441850e-04, -1.9603807361890806e-02,
       -3.9820662924114239e-04, -2.9404551948075675e-03,
       9.9999559756767331e-01, 3.0804672767314186e-02,
       2.1627459141089732e-03, -9.9999334065603263e-01,
       -2.9395873348789792e-03, 3.2566050428939140e-02, 0., 0., 0., 1. ]
Hobj2base6: !!opencv-matrix
   rows: 4
   cols: 4
   dt: d
   data: [ 9.9999496004666955e-01, 1.7948407630339469e-04,
       3.1698054713437513e-03, -7.3472832306778646e-01,
       1.7468745972905699e-04, -9.9999883950151292e-01,
       1.5134331564988540e-03, 8.4353662459275822e-02,
       3.1700734299414377e-03, -1.5128718036007522e-03,
       -9.9999383090764860e-01, -1.3619220612975751e-03, 0., 0., 0., 1. ]
mean-rme6: 2.1016834024588553e-03
max-rme6: 7.9115100233219382e-03
Hcamera2end7: !!opencv-matrix
   rows: 4
   cols: 4
   dt: d
   data: [ 9.9999568290435425e-01, 2.9332667397705021e-03,
       -1.7354794028591448e-04, -1.6804752871627887e-02,
       1.8109758100664196e-04, -2.5737299809331926e-03,
       9.9999667155328653e-01, 3.0842220551331845e-02,
       2.9328103110114190e-03, -9.9999238590112227e-01,
       -2.5742500774057486e-03, 3.2762866933792399e-02, 0., 0., 0., 1. ]
Hobj2base7: !!opencv-matrix
   rows: 4
   cols: 4
   dt: d
   data: [ 9.9999517190756138e-01, 1.5038388589053075e-03,
       2.7193069435425591e-03, -7.3502305573457616e-01,
       1.5000696410608565e-03, -9.9999791217124834e-01,
       1.3876037680464123e-03, 8.6631579550879911e-02,
       2.7213879985624879e-03, -1.3835179187764177e-03,
       -9.9999533995190726e-01, -9.6107612913974246e-04, 0., 0., 0., 1. ]
mean-rme7: 2.1538858850853760e-03
max-rme7: 7.7277126537290963e-03
Hcamera2end8: !!opencv-matrix
   rows: 4
   cols: 4
   dt: d
   data: [ 9.9999823111022945e-01, 1.8490297669014153e-03,
       -3.4476852128236229e-04, -1.6855402039401172e-02,
       3.4898987249333915e-04, -2.2831722756588846e-03,
       9.9999733266165691e-01, 3.0633991338133066e-02,
       1.8482376689841085e-03, -9.9999568409732675e-01,
       -2.2838135296414652e-03, 3.2782728659193905e-02, 0., 0., 0., 1. ]
