%YAML:1.0
---
Hcamera2end0: !!opencv-matrix
   rows: 4
   cols: 4
   dt: d
   data: [ 9.9992009670782600e-01, 2.7226305629942174e-03,
       -1.2344532499427789e-02, -2.0059740957269603e-02,
       1.2316008594242254e-02, 1.0255693376007846e-02,
       9.9987156009443723e-01, 2.6219148965886018e-02,
       2.8488826087661196e-03, -9.9994370243338926e-01,
       1.0221341970930831e-02, 3.0662386012484749e-02, 0., 0., 0., 1. ]
Hobj2base0: !!opencv-matrix
   rows: 4
   cols: 4
   dt: d
   data: [ 9.9993833825365641e-01, 5.0378992412439608e-03,
       -9.8964267163100944e-03, -7.3795975969124561e-01,
       4.9562483311097350e-03, -9.9995362096545914e-01,
       -8.2578157249450380e-03, 8.1416873554213232e-02,
       -9.9375697731686197e-03, 8.2082573852097929e-03,
       -9.9991693115863445e-01, 3.5794453286439876e-03, 0., 0., 0., 1. ]
mean-rme0: 8.6798551773580967e-04
max-rme0: 2.2258851420653009e-03
Hcamera2end1: !!opencv-matrix
   rows: 4
   cols: 4
   dt: d
   data: [ 9.9991484585454915e-01, 1.1905812077156954e-02,
       -5.3434706377611281e-03, -1.9512023593767806e-02,
       5.3261702431396264e-03, 1.4843389764870318e-03,
       9.9998471420734403e-01, 2.7055065884061556e-02,
       1.1913561609119487e-02, -9.9992802159784777e-01,
       1.4208001968640804e-03, 2.9235962071245822e-02, 0., 0., 0., 1. ]
Hobj2base1: !!opencv-matrix
   rows: 4
   cols: 4
   dt: d
   data: [ 9.9992325104761592e-01, 1.2238015193349071e-02,
       -1.9295073189492965e-03, -7.3475512196081616e-01,
       1.2238608989326365e-02, -9.9992506153860972e-01,
       2.9623810294478485e-04, 8.2863364210245510e-02,
       -1.9257373582348863e-03, -3.1982985259939147e-04,
       -9.9999809462043099e-01, 2.1619725465400869e-03, 0., 0., 0., 1. ]
mean-rme1: 1.3216810266054588e-03
max-rme1: 4.0681479142837818e-03
Hcamera2end2: !!opencv-matrix
   rows: 4
   cols: 4
   dt: d
   data: [ 9.9991844016625886e-01, 1.2005956165149319e-02,
       -4.3554600257931231e-03, -1.5250015456259725e-02,
       4.3245364031655924e-03, 2.6004490359869958e-03,
       9.9998726794380177e-01, 2.7069715956867975e-02,
       1.2017129456466064e-02, -9.9992454449391910e-01,
       2.5483167493050018e-03, 2.9631760297559696e-02, 0., 0., 0., 1. ]
Hobj2base2: !!opencv-matrix
   rows: 4
   cols: 4
   dt: d
   data: [ 9.9992058999265765e-01, 1.1868653499834543e-02,
       -4.2365992064710822e-03, -7.3534124325236838e-01,
       1.1875744743983155e-02, -9.9992811523083214e-01,
       1.6525912051745578e-03, 8.7589640400225321e-02,
       -4.2166806271239782e-03, -1.7027727436534333e-03,
       -9.9998966003127876e-01, 3.2689648035066771e-03, 0., 0., 0., 1. ]
mean-rme2: 1.4164648859134193e-03
max-rme2: 3.9705277652938853e-03
Hcamera2end3: !!opencv-matrix
   rows: 4
   cols: 4
   dt: d
   data: [ 9.9991814999140582e-01, 1.2260611683311169e-02,
       -3.6565993649207221e-03, -1.5277928452326830e-02,
       3.6429140395741770e-03, 1.1383498580650464e-03,
       9.9999271664192679e-01, 2.6391441913081036e-02,
       1.2264684874254143e-02, -9.9992418790663906e-01,
       1.0935923296844230e-03, 2.8630810031505857e-02, 0., 0., 0., 1. ]
Hobj2base3: !!opencv-matrix
   rows: 4
   cols: 4
   dt: d
   data: [ 9.9990740090906416e-01, 1.2865782143661372e-02,
       -4.4341016127152771e-03, -7.3432615326468464e-01,
       1.2879311061892945e-02, -9.9991244865187201e-01,
       3.0361781218884547e-03, 8.7427421490602356e-02,
       -4.3946505948757805e-03, -3.0930051485046498e-03,
       -9.9998556007839423e-01, 4.1550179627857725e-03, 0., 0., 0., 1. ]
mean-rme3: 1.7899382180990532e-03
max-rme3: 7.0437323467129054e-03
Hcamera2end4: !!opencv-matrix
   rows: 4
   cols: 4
   dt: d
   data: [ 9.9990891771703982e-01, 1.3187407187948506e-02,
       -2.8720309185861640e-03, -1.5530557416363635e-02,
       2.8631003626409003e-03, 6.9603268468942936e-04,
       9.9999565908798571e-01, 2.7087921021212644e-02,
       1.3189348969964983e-02, -9.9991280011317030e-01,
       6.5821241814145726e-04, 2.9091409892259664e-02, 0., 0., 0., 1. ]
Hobj2base4: !!opencv-matrix
   rows: 4
   cols: 4
   dt: d
   data: [ 9.9988831828985014e-01, 1.4254508211982968e-02,
       -4.4899825311223735e-03, -7.3509964861453381e-01,
       1.4267905056326250e-02, -9.9989380936688432e-01,
       2.9659526436485490e-03, 8.6873241860685291e-02,
       -4.4472275407194742e-03, -3.0296840454437000e-03,
       -9.9998552148607911e-01, 3.8616779958725424e-03, 0., 0., 0., 1. ]
mean-rme4: 1.9131422700929990e-03
max-rme4: 6.9209134648840487e-03
Hcamera2end5: !!opencv-matrix
   rows: 4
   cols: 4
   dt: d
   data: [ 9.9990437230231410e-01, 1.3495560251471490e-02,
       -3.0192886933890087e-03, -1.5641277029401233e-02,
       2.9986581439780018e-03, 1.5486655182572751e-03,
       9.9999430482600649e-01, 2.6416308917156898e-02,
       1.3500159260196834e-02, -9.9990773148756640e-01,
       1.5080488512836387e-03, 2.8974130152499621e-02, 0., 0., 0., 1. ]
Hobj2base5: !!opencv-matrix
   rows: 4
   cols: 4
   dt: d
   data: [ 9.9988817921348383e-01, 1.4260953896083018e-02,
       -4.5004736548227165e-03, -7.3505730733368191e-01,
       1.4275223168867994e-02, -9.9989312760039373e-01,
       3.1545809519131882e-03, 8.6826239416817830e-02,
       -4.4550053448871637e-03, -3.2184734699782220e-03,
       -9.9998489706390092e-01, 4.6470039664386143e-03, 0., 0., 0., 1. ]
mean-rme5: 1.8360757983210919e-03
max-rme5: 7.0463748577516694e-03
Hcamera2end6: !!opencv-matrix
   rows: 4
   cols: 4
   dt: d
   data: [ 9.9995326900966308e-01, 8.6816648587306651e-03,
       -4.2530568029533339e-03, -1.5475188711166637e-02,
       4.2207701420877456e-03, 3.7338885843084535e-03,
       9.9998412146165960e-01, 2.7171992848788660e-02,
       8.6974074468273120e-03, -9.9995534238850903e-01,
       3.6970707841778028e-03, 3.0006866490818490e-02, 0., 0., 0., 1. ]
Hobj2base6: !!opencv-matrix
   rows: 4
   cols: 4
   dt: d
   data: [ 9.9993070829139497e-01, 1.0233169381741677e-02,
       -5.8190085301326544e-03, -7.3619303862703223e-01,
       1.0242501713886364e-02, -9.9994630188224320e-01,
       1.5762330623048208e-03, 8.7209694747039546e-02,
       -5.8025662004157095e-03, -1.6357250472657770e-03,
       -9.9998182714940342e-01, 3.9447270921099025e-03, 0., 0., 0., 1. ]
mean-rme6: 2.0665988150972729e-03
max-rme6: 8.1243447189284224e-03
Hcamera2end7: !!opencv-matrix
   rows: 4
   cols: 4
   dt: d
   data: [ 9.9995801374269566e-01, 8.0861057610304467e-03,
       -4.3111072109493680e-03, -1.5221899364525568e-02,
       4.2809161541688696e-03, 3.7472950269390459e-03,
       9.9998381563746430e-01, 2.7260355712354547e-02,
       8.1021298831755011e-03, -9.9996028554818239e-01,
       3.7125217512691266e-03, 3.0197955739908498e-02, 0., 0., 0., 1. ]
Hobj2base7: !!opencv-matrix
   rows: 4
   cols: 4
   dt: d
   data: [ 9.9992984907948856e-01, 1.0363303604503200e-02,
       -5.7357526334578784e-03, -7.3644183651370387e-01,
       1.0367941715830642e-02, -9.9994594763049238e-01,
       7.7948825092868143e-04, 8.6959024371831464e-02,
       -5.7273645290366153e-03, -8.3890151811046433e-04,
       -9.9998324662955929e-01, 3.9439595490642614e-03, 0., 0., 0., 1. ]
mean-rme7: 2.1245013470810128e-03
max-rme7: 8.1512383818023171e-03
Hcamera2end8: !!opencv-matrix
   rows: 4
   cols: 4
   dt: d
   data: [ 9.9995810832357701e-01, 8.6023438355206649e-03,
       -3.1275035521673776e-03, -1.5551093693851603e-02,
       3.0965646178517875e-03, 3.6075410851971190e-03,
       9.9998869840358018e-01, 2.7231137615819360e-02,
       8.6135292128609146e-03, -9.9995649171744194e-01,
       3.5807522457016461e-03, 3.0515345876759446e-02, 0., 0., 0., 1. ]
