%YAML:1.0
---
Hcamera2end0: !!opencv-matrix
   rows: 4
   cols: 4
   dt: d
   data: [ 9.9996844291689757e-01, -7.3096022594715676e-03,
       3.1117334660332990e-03, -1.4638239707951908e-02,
       -3.2087890190046989e-03, -1.3303829487834262e-02,
       9.9990635151197549e-01, 2.5743047691967336e-02,
       -7.2675197548282122e-03, -9.9988478228032207e-01,
       -1.3326864629245039e-02, 2.6953774089362201e-02, 0., 0., 0., 1. ]
Hobj2base0: !!opencv-matrix
   rows: 4
   cols: 4
   dt: d
   data: [ 9.9989445279869171e-01, -6.6660899469796068e-03,
       1.2909163691877792e-02, -7.2568785444999351e-01,
       -6.7204894861215879e-03, -9.9996870070696642e-01,
       4.1752398121539819e-03, 9.2762509087057368e-02,
       1.2880927120042549e-02, -4.2615550261429058e-03,
       -9.9990795619661310e-01, 1.4864126356790759e-03, 0., 0., 0., 1. ]
mean-rme0: 9.0144375041713678e-04
max-rme0: 3.4803933788857266e-03
Hcamera2end1: !!opencv-matrix
   rows: 4
   cols: 4
   dt: d
   data: [ 9.9999833142770556e-01, 1.6549360507843384e-03,
       7.7351695037025593e-04, -1.2680798492077811e-02,
       -7.6726420968277194e-04, -3.7755417102482980e-03,
       9.9999257826767218e-01, 2.6426004650725622e-02,
       1.6578442138016570e-03, -9.9999150319963315e-01,
       -3.7742656372830030e-03, 2.8062449445322216e-02, 0., 0., 0., 1. ]
Hobj2base1: !!opencv-matrix
   rows: 4
   cols: 4
   dt: d
   data: [ 9.9999530146016147e-01, 5.9499755032481664e-04,
       3.0071640320882939e-03, -7.3020997218367856e-01,
       5.8748659970884153e-04, -9.9999670754178793e-01,
       2.4979521770155744e-03, 9.2832063026081824e-02,
       3.0086404065525351e-03, -2.4961737717157781e-03,
       -9.9999235857050661e-01, 2.6025441481566380e-03, 0., 0., 0., 1. ]
mean-rme1: 1.4027476318173684e-03
max-rme1: 3.8471657992141528e-03
Hcamera2end2: !!opencv-matrix
   rows: 4
   cols: 4
   dt: d
   data: [ 9.9999906735534561e-01, 1.1518785688580729e-03,
       7.3380120035926246e-04, -1.4757855655709164e-02,
       -7.3184274420653745e-04, -1.6997296751382063e-03,
       9.9999828766114862e-01, 2.7000630590895840e-02,
       1.1531238601275497e-03, -9.9999789204517531e-01,
       -1.6988850959214208e-03, 2.8421760149107141e-02, 0., 0., 0., 1. ]
Hobj2base2: !!opencv-matrix
   rows: 4
   cols: 4
   dt: d
   data: [ 9.9999860346732750e-01, -6.9303207168070456e-04,
       1.5207793864880162e-03, -7.3087179640099154e-01,
       -6.9588119057980354e-04, -9.9999800243879400e-01,
       1.8737309813500105e-03, 9.0728410866497272e-02,
       1.5194777929743335e-03, -1.8747866463935539e-03,
       -9.9999708817689426e-01, 2.8076784372281366e-03, 0., 0., 0., 1. ]
mean-rme2: 1.4933889815094280e-03
max-rme2: 4.8183443830639161e-03
Hcamera2end3: !!opencv-matrix
   rows: 4
   cols: 4
   dt: d
   data: [ 9.9998309683344966e-01, -3.3584663765766866e-03,
       4.7462354536088932e-03, -1.6581312602583467e-02,
       -4.7402523908070667e-03, 1.7872097130813280e-03,
       9.9998716786202457e-01, 2.8526619492082062e-02,
       -3.3669057983760167e-03, -9.9999276326633424e-01,
       1.7712595253068786e-03, 2.7710714803464626e-02, 0., 0., 0., 1. ]
Hobj2base3: !!opencv-matrix
   rows: 4
   cols: 4
   dt: d
   data: [ 9.9998749625416194e-01, -4.7061304115507963e-03,
       -1.6910564396346358e-03, -7.3066403384676526e-01,
       -4.6985917075222580e-03, -9.9997912837656489e-01,
       4.4346417230631333e-03, 9.0659195734616393e-02,
       -1.7118911468186593e-03, -4.4266406896659258e-03,
       -9.9998873707702662e-01, 2.3954609790463352e-03, 0., 0., 0., 1. ]
mean-rme3: 1.7112501752396560e-03
max-rme3: 6.4036389693735984e-03
Hcamera2end4: !!opencv-matrix
   rows: 4
   cols: 4
   dt: d
   data: [ 9.9998490574763477e-01, -1.3777727537696289e-03,
       5.3188362573975134e-03, -1.6693586027187235e-02,
       -5.3150414309274269e-03, 2.7434914431380131e-03,
       9.9998211163464767e-01, 2.8151088317934780e-02,
       -1.3923402894268594e-03, -9.9999528748736632e-01,
       2.7361271129171527e-03, 2.7446101846593400e-02, 0., 0., 0., 1. ]
Hobj2base4: !!opencv-matrix
   rows: 4
   cols: 4
   dt: d
   data: [ 9.9999222259186826e-01, -2.9286141554286512e-03,
       -2.6415856798583958e-03, -7.3067998860320160e-01,
       -2.9143558667588500e-03, -9.9998125171498509e-01,
       5.3854199848239540e-03, 9.0400637703437925e-02,
       -2.6573079718576627e-03, -5.3776795794911302e-03,
       -9.9998200947651195e-01, 2.9117004521442892e-03, 0., 0., 0., 1. ]
mean-rme4: 1.6544295764758508e-03
max-rme4: 6.9010427611163327e-03
Hcamera2end5: !!opencv-matrix
   rows: 4
   cols: 4
   dt: d
   data: [ 9.9998498230565069e-01, -2.1243150786008267e-03,
       5.0519747242354579e-03, -1.6638206485546529e-02,
       -5.0451278186871007e-03, 3.2162118434707621e-03,
       9.9998210117315123e-01, 2.8023809333207760e-02,
       -2.1405252767940633e-03, -9.9999257160582167e-01,
       3.2054461022856806e-03, 2.7370859912372959e-02, 0., 0., 0., 1. ]
Hobj2base5: !!opencv-matrix
   rows: 4
   cols: 4
   dt: d
   data: [ 9.9999111969271803e-01, -3.2296062656522119e-03,
       -2.7074303449638451e-03, -7.3065728916933093e-01,
       -3.2154005418555801e-03, -9.9998112794372584e-01,
       5.2349742835133047e-03, 9.0451830143428211e-02,
       -2.7242861559325796e-03, -5.2262223223348211e-03,
       -9.9998263228177020e-01, 3.0216259215666789e-03, 0., 0., 0., 1. ]
mean-rme5: 1.5343646506430161e-03
max-rme5: 7.2268955961655446e-03
Hcamera2end6: !!opencv-matrix
   rows: 4
   cols: 4
   dt: d
   data: [ 9.9998621861130921e-01, -2.0019985025489170e-03,
       4.8533070633056969e-03, -1.6051608756443819e-02,
       -4.8463217590891837e-03, 3.4793835948304652e-03,
       9.9998220336924359e-01, 2.7759179859533172e-02,
       -2.0188493906975321e-03, -9.9999194291343940e-01,
       3.4696333151882364e-03, 2.7416777380884834e-02, 0., 0., 0., 1. ]
Hobj2base6: !!opencv-matrix
   rows: 4
   cols: 4
   dt: d
   data: [ 9.9999159575889218e-01, -3.0517381901001548e-03,
       -2.7377555777308026e-03, -7.3081740863875722e-01,
       -3.0387564059650607e-03, -9.9998418005405187e-01,
       4.7334555169179305e-03, 9.0823968336984903e-02,
       -2.7521575335576628e-03, -4.7250963635166966e-03,
       -9.9998504943487321e-01, 3.3455741868824440e-03, 0., 0., 0., 1. ]
mean-rme6: 1.4455089259553333e-03
max-rme6: 7.3157109930178377e-03
Hcamera2end7: !!opencv-matrix
   rows: 4
   cols: 4
   dt: d
   data: [ 9.9997551387072092e-01, -5.2491402145494210e-03,
       4.6279786079388985e-03, -1.6669639644310438e-02,
       -4.6028901500059921e-03, 4.7815891884247508e-03,
       9.9997797466099236e-01, 2.6858822794441069e-02,
       -5.2711536929326789e-03, -9.9997479114817744e-01,
       4.7573108900241801e-03, 2.7649631029933276e-02, 0., 0., 0., 1. ]
Hobj2base7: !!opencv-matrix
   rows: 4
   cols: 4
   dt: d
   data: [ 9.9997505378677509e-01, -6.1570139717604441e-03,
       -3.4616445640432577e-03, -7.3063651630914928e-01,
       -6.1424777888560728e-03, -9.9997233861278745e-01,
       4.1942789471473788e-03, 9.0889502754523954e-02,
       -3.4873730442316259e-03, -4.1729112409228889e-03,
       -9.9998521241117655e-01, 4.4948343584376499e-03, 0., 0., 0., 1. ]
mean-rme7: 1.5364520641860608e-03
max-rme7: 8.4752040686392471e-03
Hcamera2end8: !!opencv-matrix
   rows: 4
   cols: 4
   dt: d
   data: [ 9.9997329439786453e-01, -5.7067993882081525e-03,
       4.5654059868284018e-03, -1.6805200621817982e-02,
       -4.5401559612063330e-03, 4.4297031259792341e-03,
       9.9997988215466771e-01, 2.6819681148373645e-02,
       -5.7269079728719374e-03, -9.9997390474499781e-01,
       4.4036750688282167e-03, 2.7544386264509970e-02, 0., 0., 0., 1. ]
Hobj2base8: !!opencv-matrix
   rows: 4
   cols: 4
   dt: d
   data: [ 9.9997466108503241e-01, -6.5557018818708703e-03,
       -2.7748803056248106e-03, -7.3034151587312313e-01,
       -6.5438099596139190e-03, -9.9996945884704891e-01,
       4.2731632723657939e-03, 9.1014135267323090e-02,
       -2.8028091420871657e-03, -4.2548967056643084e-03,
       -9.9998701997322792e-01, 4.2610244033894750e-03, 0., 0., 0., 1. ]
mean-rme8: 1.5481513003194106e-03
max-rme8: 8.3952134354326191e-03
Hcamera2end9: !!opencv-matrix
   rows: 4
   cols: 4
   dt: d
   data: [ 9.9996443453730688e-01, -7.2495065227562161e-03,
       4.3097929951134411e-03, -1.7258901432309563e-02,
       -4.2762241833248019e-03, 4.6396406718454131e-03,
       9.9998009362245333e-01, 2.6853667864412938e-02,
       -7.2693581022097095e-03, -9.9996295850877048e-01,
       4.6084751457684536e-03, 2.7608937444120039e-02, 0., 0., 0., 1. ]
Hobj2base9: !!opencv-matrix
   rows: 4
   cols: 4
   dt: d
   data: [ 9.9996699573967218e-01, -7.7482461207565891e-03,
       -2.4437907902697545e-03, -7.2999536965348699e-01,
       -7.7386782191254267e-03, -9.9996244822448843e-01,
       3.9006410126081748e-03, 9.0754866880607479e-02,
       -2.4739221481810047e-03, -3.8816005642759895e-03,
       -9.9998940638702050e-01, 4.0602606134482969e-03, 0., 0., 0., 1. ]
mean-rme9: 1.6281481962117895e-03
max-rme9: 8.9287726919484445e-03
Hcamera2end10: !!opencv-matrix
   rows: 4
   cols: 4
   dt: d
   data: [ 9.9995273833298481e-01, -8.5993019598516237e-03,
       4.5357586100257400e-03, -1.7733345672533860e-02,
       -4.5026805851342642e-03, 3.8620602781461733e-03,
       9.9998240502418645e-01, 2.6925762926303595e-02,
       -8.6166680285006680e-03, -9.9995556726097135e-01,
       3.8231578407590394e-03, 2.7608820412409196e-02, 0., 0., 0., 1. ]
Hobj2base10: !!opencv-matrix
   rows: 4
   cols: 4
   dt: d
   data: [ 9.9995580460905720e-01, -9.2823374680231444e-03,
       -1.4923269691222421e-03, -7.2971829109515729e-01,
       -9.2765728501519127e-03, -9.9994965817344794e-01,
       3.8244365546097761e-03, 9.0630447496361455e-02,
       -1.5277515533817353e-03, -3.8104238522958002e-03,
       -9.9999157328712363e-01, 3.7291856210784936e-03, 0., 0., 0., 1. ]
mean-rme10: 1.6438978477896992e-03
max-rme10: 8.5220090077526012e-03
Hcamera2end11: !!opencv-matrix
   rows: 4
   cols: 4
   dt: d
   data: [ 9.9995478130690951e-01, -8.3919896887137448e-03,
       4.4732371405276933e-03, -1.7328219466015531e-02,
       -4.4421910855126133e-03, 3.7144861645632687e-03,
       9.9998323462490779e-01, 2.6855523512597072e-02,
       -8.4084647713281446e-03, -9.9995788766407467e-01,
       3.6770393785684474e-03, 2.7490016179561781e-02, 0., 0., 0., 1. ]
Hobj2base11: !!opencv-matrix
   rows: 4
   cols: 4
   dt: d
   data: [ 9.9995918215437607e-01, -8.8819621256367512e-03,
       -1.6567359325217364e-03, -7.2961186291571123e-01,
       -8.8757739962276490e-03, -9.9995374270021253e-01,
       3.7058191813247898e-03, 9.0954023470943501e-02,
       -1.6895742420040224e-03, -3.6909631040610434e-03,
       -9.9999176103118215e-01, 3.6942336959743969e-03, 0., 0., 0., 1. ]
mean-rme11: 1.5913959558869584e-03
max-rme11: 8.4539333613314060e-03
Hcamera2end12: !!opencv-matrix
   rows: 4
   cols: 4
   dt: d
   data: [ 9.9996268645854347e-01, -7.1983294597669570e-03,
       4.7759547319299930e-03, -1.6647168872040513e-02,
       -4.7526434375429940e-03, 3.2520653598019367e-03,
       9.9998341808814550e-01, 2.7562601774931687e-02,
       -7.2137418146460477e-03, -9.9996880357533358e-01,
       3.2177329204581273e-03, 2.7430018295677133e-02, 0., 0., 0., 1. ]
Hobj2base12: !!opencv-matrix
   rows: 4
   cols: 4
   dt: d
   data: [ 9.9996713235094514e-01, -8.0354693553143283e-03,
       -1.0795601267419442e-03, -7.2931662286221288e-01,
       -8.0311586720875992e-03, -9.9995998883753767e-01,
       3.9396972491627883e-03, 9.1301991363466672e-02,
       -1.1111742488011890e-03, -3.9308976419022961e-03,
       -9.9999165663295297e-01, 2.7359912157723129e-03, 0., 0., 0., 1. ]
mean-rme12: 1.7111656594517319e-03
max-rme12: 8.3668692516735976e-03
Hcamera2end13: !!opencv-matrix
   rows: 4
   cols: 4
   dt: d
   data: [ 9.9996829431757073e-01, -6.3371293166687801e-03,
       4.8219447976936012e-03, -1.6559087273911855e-02,
       -4.8019079154494604e-03, 3.1732442462453214e-03,
       9.9998343596347894e-01, 2.7585014905257804e-02,
       -6.3523255568123339e-03, -9.9997488534111567e-01,
       3.1427133249439798e-03, 2.7379210617471086e-02, 0., 0., 0., 1. ]
Hobj2base13: !!opencv-matrix
   rows: 4
   cols: 4
   dt: d
   data: [ 9.9997273060903469e-01, -7.2247479273080820e-03,
       -1.5300508807785844e-03, -7.2941817518531860e-01,
       -7.2191990956944419e-03, -9.9996745543900389e-01,
       3.6015590042532569e-03, 9.1131737654075853e-02,
       -1.5560214418954238e-03, -3.5904150499978019e-03,
       -9.9999234382921220e-01, 2.7374709344350871e-03, 0., 0., 0., 1. ]
mean-rme13: 1.7012831353101696e-03
max-rme13: 8.2054808574189286e-03
Hcamera2end14: !!opencv-matrix
   rows: 4
   cols: 4
   dt: d
   data: [ 9.9997350571748977e-01, -5.7905464677026038e-03,
       4.4110582266434148e-03, -1.6446269393028280e-02,
       -4.3948642039187335e-03, 2.8063830389376543e-03,
       9.9998640459901644e-01, 2.7602983432229833e-02,
       -5.8028468618924797e-03, -9.9997929667860819e-01,
       2.7808600204406453e-03, 2.7347736023219917e-02, 0., 0., 0., 1. ]
Hobj2base14: !!opencv-matrix
   rows: 4
   cols: 4
   dt: d
   data: [ 9.9997726426090450e-01, -6.5515236487034556e-03,
       -1.5964019411383182e-03, -7.2939725188401061e-01,
       -6.5456478215017433e-03, -9.9997188451441166e-01,
       3.6585072490622999e-03, 9.1102136853062288e-02,
       -1.6203258542837350e-03, -3.6479745853077532e-03,
       -9.9999203338104126e-01, 2.6537004679063280e-03, 0., 0., 0., 1. ]
mean-rme14: 1.7240206894929724e-03
max-rme14: 7.9946315228439369e-03
Hcamera2end15: !!opencv-matrix
   rows: 4
   cols: 4
   dt: d
   data: [ 9.9997427042152465e-01, -5.8076455018072322e-03,
       4.2106708093674339e-03, -1.6480462982416042e-02,
       -4.1940675660059991e-03, 2.8680819195580076e-03,
       9.9998709186836732e-01, 2.8024163287054156e-02,
       -5.8196470847721761e-03, -9.9997902245988546e-01,
       2.8436504673851060e-03, 2.7384333211305057e-02, 0., 0., 0., 1. ]
Hobj2base15: !!opencv-matrix
   rows: 4
   cols: 4
   dt: d
   data: [ 9.9997624186381595e-01, -6.7838356203379089e-03,
       -1.2228173188594577e-03, -7.2932774235577436e-01,
       -6.7791761373880337e-03, -9.9996989506039746e-01,
       3.7751481819423417e-03, 9.1161516830686545e-02,
       -1.2483904907266432e-03, -3.7667687974693230e-03,
       -9.9999212645600810e-01, 2.1841640543975990e-03, 0., 0., 0., 1. ]
mean-rme15: 1.7699706926142152e-03
max-rme15: 8.1033627546380493e-03
Hcamera2end16: !!opencv-matrix
   rows: 4
   cols: 4
   dt: d
   data: [ 9.9998010592571318e-01, -4.7316128884645082e-03,
       4.1712818501194009e-03, -1.6397277033688793e-02,
       -4.1577917596085853e-03, 2.8573180483045801e-03,
       9.9998727416965394e-01, 2.7982030289122089e-02,
       -4.7434713536765385e-03, -9.9998472366983926e-01,
       2.8375881435297456e-03, 2.7467528698894326e-02, 0., 0., 0., 1. ]
Hobj2base16: !!opencv-matrix
   rows: 4
   cols: 4
   dt: d
   data: [ 9.9998245505156003e-01, -5.7797682237213811e-03,
       -1.2976395241679633e-03, -7.2936158718325605e-01,
       -5.7746744765467158e-03, -9.9997573915304150e-01,
       3.8954126890699144e-03, 9.1002032444800415e-02,
       -1.3201226248126276e-03, -3.8878508984151613e-03,
       -9.9999157091029867e-01, 2.2666002119348838e-03, 0., 0., 0., 1. ]
mean-rme16: 1.7615636387833195e-03
max-rme16: 8.2033044240315267e-03
Hcamera2end17: !!opencv-matrix
   rows: 4
   cols: 4
   dt: d
   data: [ 9.9998078872760909e-01, -4.5174581502880114e-03,
       4.2443783489808018e-03, -1.6419026530647945e-02,
       -4.2295057030489330e-03, 3.2967370098981874e-03,
       9.9998562129992430e-01, 2.8082028490168991e-02,
       -4.5313857942992598e-03, -9.9998436192619944e-01,
       3.2775670603755191e-03, 2.7455643903622071e-02, 0., 0., 0., 1. ]
Hobj2base17: !!opencv-matrix
   rows: 4
   cols: 4
   dt: d
   data: [ 9.9998305181171532e-01, -5.4594348908649382e-03,
       -2.0225380096884301e-03, -7.2968609556788022e-01,
       -5.4515680755254196e-03, -9.9997763259728467e-01,
       3.8748820172308093e-03, 9.0927060834441159e-02,
       -2.0436474368491155e-03, -3.8637903413556466e-03,
       -9.9999044726904840e-01, 2.4192585783812913e-03, 0., 0., 0., 1. ]
mean-rme17: 1.7587222587366010e-03
max-rme17: 8.2166983979565511e-03
Hcamera2end18: !!opencv-matrix
   rows: 4
   cols: 4
   dt: d
   data: [ 9.9997871322823983e-01, -5.5307745564539892e-03,
       3.4617370205449987e-03, -1.6251313294948028e-02,
       -3.4411546578593868e-03, 3.7266171969130291e-03,
       9.9998713530669403e-01, 2.8105979259689752e-02,
       -5.5436039734475286e-03, -9.9997776118125414e-01,
       3.7075056186368638e-03, 2.8438141927393301e-02, 0., 0., 0., 1. ]
Hobj2base18: !!opencv-matrix
   rows: 4
   cols: 4
   dt: d
   data: [ 9.9997679941643203e-01, -6.3673690940985253e-03,
       -2.4201734831396046e-03, -7.3075727724904793e-01,
       -6.3592939194640277e-03, -9.9997423561720034e-01,
       3.3297871767796550e-03, 9.1156602550361329e-02,
       -2.4413131128228943e-03, -3.3143193292586182e-03,
       -9.9999152760294407e-01, 2.3721355848616288e-03, 0., 0., 0., 1. ]
mean-rme18: 1.8332751109959042e-03
max-rme18: 8.3917179107968753e-03
Hcamera2end19: !!opencv-matrix
   rows: 4
   cols: 4
   dt: d
   data: [ 9.9998221060943304e-01, -5.1160419830963942e-03,
       3.0666886211021928e-03, -1.6119559580205362e-02,
       -3.0455267104098831e-03, 4.1390585684060177e-03,
       9.9998679639344423e-01, 2.8069842318504640e-02,
       -5.1286676367047332e-03, -9.9997834691986942e-01,
       4.1234038945654472e-03, 2.8518367470296086e-02, 0., 0., 0., 1. ]
Hobj2base19: !!opencv-matrix
   rows: 4
   cols: 4
   dt: d
   data: [ 9.9997809753791489e-01, -5.9936845274200339e-03,
       -2.8071676540872875e-03, -7.3097119868319249e-01,
       -5.9846871258051656e-03, -9.9997696297820315e-01,
       3.2026602841271493e-03, 9.1117270079147203e-02,
       -2.8262987206964089e-03, -3.1857901178623119e-03,
       -9.9999093134731276e-01, 2.5625377339372089e-03, 0., 0., 0., 1. ]
mean-rme19: 1.8635151992715167e-03
max-rme19: 8.5742080422204492e-03
Hcamera2end20: !!opencv-matrix
   rows: 4
   cols: 4
   dt: d
   data: [ 9.9998163115192784e-01, -5.2925567247053646e-03,
       2.9540145642059259e-03, -1.6343970776520850e-02,
       -2.9307954129794847e-03, 4.3895307488703850e-03,
       9.9998607113201932e-01, 2.7862697090776593e-02,
       -5.3054497431436580e-03, -9.9997636015213909e-01,
       4.3739387172752053e-03, 2.8430194539688300e-02, 0., 0., 0., 1. ]
Hobj2base20: !!opencv-matrix
   rows: 4
   cols: 4
   dt: d
   data: [ 9.9997774439152742e-01, -6.0902461074861759e-03,
       -2.7238986734755763e-03, -7.3089837802257107e-01,
       -6.0818855736882961e-03, -9.9997680136182776e-01,
       3.0671494969724679e-03, 9.0815211604402105e-02,
       -2.7425151780208464e-03, -3.0505147956477363e-03,
       -9.9999158644959629e-01, 2.6939671867470131e-03, 0., 0., 0., 1. ]
mean-rme20: 1.8505740082099163e-03
max-rme20: 8.7460526515198700e-03
Hcamera2end21: !!opencv-matrix
   rows: 4
   cols: 4
   dt: d
   data: [ 9.9998359742194420e-01, -5.1137720934830676e-03,
       2.5795778807863601e-03, -1.6040986196080482e-02,
       -2.5550105600141877e-03, 4.8048743343619416e-03,
       9.9998519244220285e-01, 2.7113943345241986e-02,
       -5.1260909185601097e-03, -9.9997538095575489e-01,
       4.7917297803352632e-03, 2.8296460475784137e-02, 0., 0., 0., 1. ]
Hobj2base21: !!opencv-matrix
   rows: 4
   cols: 4
   dt: d
   data: [ 9.9997825507142812e-01, -5.8362795202904051e-03,
       -3.0703787490972715e-03, -7.3090200941036665e-01,
       -5.8272141973662274e-03, -9.9997866081519482e-01,
       2.9532167118089016e-03, 9.1105781168221933e-02,
       -3.0875490279318333e-03, -2.9352607396844147e-03,
       -9.9999092560152247e-01, 3.4369520973986027e-03, 0., 0., 0., 1. ]
mean-rme21: 1.8716659504424361e-03
max-rme21: 8.9312320913906007e-03
Hcamera2end22: !!opencv-matrix
   rows: 4
   cols: 4
   dt: d
   data: [ 9.9998492913800541e-01, -5.0076395396028740e-03,
       2.2505650623130926e-03, -1.6046112683859529e-02,
       -2.2263247320164917e-03, 4.8409902146073769e-03,
       9.9998580404520221e-01, 2.8078748269656981e-02,
       -5.0184634148223214e-03, -9.9997574388581223e-01,
       4.8297686249558769e-03, 2.8316219469506181e-02, 0., 0., 0., 1. ]
Hobj2base22: !!opencv-matrix
   rows: 4
   cols: 4
   dt: d
   data: [ 9.9997872101086116e-01, -5.5887937220175290e-03,
       -3.3649532262911455e-03, -7.3117413333535397e-01,
       -5.5814483757025499e-03, -9.9998202912872713e-01,
       2.1883449506106050e-03, 9.0617246844417867e-02,
       -3.3771229636714579e-03, -2.1695170721229709e-03,
       -9.9999194408563219e-01, 2.5174161806686946e-03, 0., 0., 0., 1. ]
mean-rme22: 1.9638021221982348e-03
max-rme22: 8.7457375258866710e-03
Hcamera2end23: !!opencv-matrix
   rows: 4
   cols: 4
   dt: d
   data: [ 9.9998489988931893e-01, -4.6559845226705884e-03,
       2.9192124748719369e-03, -1.6424758464411170e-02,
       -2.8993761155657019e-03, 4.2614753430700869e-03,
       9.9998671663479644e-01, 2.8016264535735271e-02,
       -4.6683628275106413e-03, -9.9998008061962151e-01,
       4.2479115440011705e-03, 2.8372995451688639e-02, 0., 0., 0., 1. ]
Hobj2base23: !!opencv-matrix
   rows: 4
   cols: 4
   dt: d
   data: [ 9.9998238214294644e-01, -5.2698209151948458e-03,
       -2.7321038120984350e-03, -7.3087426430455227e-01,
       -5.2616163721663093e-03, -9.9998165286703422e-01,
       3.0015533422637452e-03, 9.0683150627987208e-02,
       -2.7478713344076524e-03, -2.9871251791778277e-03,
       -9.9999176310922344e-01, 2.4738980329395430e-03, 0., 0., 0., 1. ]
mean-rme23: 2.0031107655278336e-03
max-rme23: 8.7012225272503907e-03
Hcamera2end24: !!opencv-matrix
   rows: 4
   cols: 4
   dt: d
   data: [ 9.9998292625949059e-01, -5.0013002621108046e-03,
       3.0222814551926552e-03, -1.6886996886964836e-02,
       -3.0021892353729969e-03, 4.0200419600605608e-03,
       9.9998741298200078e-01, 2.8277738536741429e-02,
       -5.0133870089193724e-03, -9.9997941291724990e-01,
       4.0049584730975640e-03, 2.8312140326778704e-02, 0., 0., 0., 1. ]
Hobj2base24: !!opencv-matrix
   rows: 4
   cols: 4
   dt: d
   data: [ 9.9998178073879918e-01, -5.5561934817839583e-03,
       -2.3594288404608201e-03, -7.3069963176862063e-01,
       -5.5486362651616323e-03, -9.9997949396960051e-01,
       3.1975421652608292e-03, 9.0417901400119932e-02,
       -2.3771466208776437e-03, -3.1843922959756701e-03,
       -9.9999210437865371e-01, 2.0759549151293300e-03, 0., 0., 0., 1. ]
mean-rme24: 2.0064458408373511e-03
max-rme24: 8.6340903039836825e-03
