%YAML:1.0
---
Hcamera2end0: !!opencv-matrix
   rows: 4
   cols: 4
   dt: d
   data: [ 9.9999120219981474e-01, -4.1940094532110696e-03,
       7.6208106614819755e-05, -1.7333315534944996e-02,
       -1.8737129817872605e-05, 1.3701444566678100e-02,
       9.9990613062712352e-01, 2.9757996378302735e-02,
       -4.1946599253221729e-03, -9.9989733508070344e-01,
       1.3701245440406962e-02, 3.4927015107908986e-02, 0., 0., 0., 1. ]
Hobj2base0: !!opencv-matrix
   rows: 4
   cols: 4
   dt: d
   data: [ 9.9991611424957394e-01, -2.4982528128152785e-03,
       -1.2709177664831463e-02, -7.4150284343056250e-01,
       -2.4672471582408216e-03, -9.9999394349873794e-01,
       2.4547214308623176e-03, 8.7245122842274883e-02,
       -1.2715233206400226e-02, -2.4231588322358700e-03,
       -9.9991622206351893e-01, 2.8048230929912190e-03, 0., 0., 0., 1. ]
mean-rme0: 1.4449770037252550e-03
max-rme0: 5.0585032994184265e-03
Hcamera2end1: !!opencv-matrix
   rows: 4
   cols: 4
   dt: d
   data: [ 9.9995263137278867e-01, -4.6632269127986894e-03,
       -8.5433790385081136e-03, -1.4059512606790565e-02,
       8.5921788271431515e-03, 1.0547067871611859e-02,
       9.9990746262957453e-01, 2.6874750825977182e-02,
       -4.5726877914704306e-03, -9.9993350462621833e-01,
       1.0586635551032009e-02, 3.5141303111699183e-02, 0., 0., 0., 1. ]
Hobj2base1: !!opencv-matrix
   rows: 4
   cols: 4
   dt: d
   data: [ 9.9995158458583555e-01, -2.2685807271476794e-03,
       -9.5750731465057311e-03, -7.4085353568401191e-01,
       -2.3206556698055357e-03, -9.9998255928542701e-01,
       -5.4309927481227807e-03, 8.8471282100894486e-02,
       -9.5625855049102960e-03, 5.4529502521457980e-03,
       -9.9993940931038905e-01, 4.5399286719716948e-03, 0., 0., 0., 1. ]
mean-rme1: 1.7603917429481605e-03
max-rme1: 6.3010674810226042e-03
Hcamera2end2: !!opencv-matrix
   rows: 4
   cols: 4
   dt: d
   data: [ 9.9995696934506995e-01, -4.5299018709489876e-03,
       -8.0956437213124434e-03, -1.4625983001332752e-02,
       8.1303562505449008e-03, 7.6977646614024842e-03,
       9.9993731889876836e-01, 2.7569431042118616e-02,
       -4.4672995715620200e-03, -9.9996011140857899e-01,
       7.7342631375384441e-03, 3.5635239240459728e-02, 0., 0., 0., 1. ]
Hobj2base2: !!opencv-matrix
   rows: 4
   cols: 4
   dt: d
   data: [ 9.9997168240758327e-01, -1.9439754359990319e-03,
       -7.2701679796105603e-03, -7.4073595437478124e-01,
       -1.9779231014456808e-03, -9.9998716189464298e-01,
       -4.6651758918101029e-03, 8.7987184762811588e-02,
       -7.2610056570897828e-03, 4.6794236184589085e-03,
       -9.9996268969969382e-01, 3.4875358397957121e-03, 0., 0., 0., 1. ]
mean-rme2: 1.7322206726124219e-03
max-rme2: 6.2272970123131155e-03
Hcamera2end3: !!opencv-matrix
   rows: 4
   cols: 4
   dt: d
   data: [ 9.9995447486915157e-01, -6.0330850570800227e-03,
       -7.3925688264274494e-03, -1.5345970748686311e-02,
       7.4399093905640921e-03, 7.8624733285460602e-03,
       9.9994141291448557e-01, 2.8491037505065053e-02,
       -5.9746077209826432e-03, -9.9995089049305397e-01,
       7.9070009945891861e-03, 3.4064781549713527e-02, 0., 0., 0., 1. ]
Hobj2base3: !!opencv-matrix
   rows: 4
   cols: 4
   dt: d
   data: [ 9.9997362002706180e-01, -3.7898543200517365e-03,
       -6.1964711091155675e-03, -7.3874088684539518e-01,
       -3.8213122354625925e-03, -9.9997983186355377e-01,
       -5.0728137100957407e-03, 8.8280851020803630e-02,
       -6.1771209128867310e-03, 5.0963585402733014e-03,
       -9.9996793463933420e-01, 2.6367262511820967e-03, 0., 0., 0., 1. ]
mean-rme3: 1.8752301521897711e-03
max-rme3: 6.2583370881568179e-03
Hcamera2end4: !!opencv-matrix
   rows: 4
   cols: 4
   dt: d
   data: [ 9.9995896188983024e-01, -5.6216343919293522e-03,
       -7.1043481739427559e-03, -1.5240121796462875e-02,
       7.1485351574678210e-03, 7.8795050462827643e-03,
       9.9994340432112860e-01, 2.8593691373231853e-02,
       -5.5653374844274427e-03, -9.9995315421623077e-01,
       7.9193681373797009e-03, 3.4145970628753970e-02, 0., 0., 0., 1. ]
Hobj2base4: !!opencv-matrix
   rows: 4
   cols: 4
   dt: d
   data: [ 9.9997264347663783e-01, -4.5063090530136941e-03,
       -5.8656182166717617e-03, -7.3880758779395173e-01,
       -4.5362799592209013e-03, -9.9997667338156937e-01,
       -5.1063545570020318e-03, 8.8090915197485881e-02,
       -5.8424705798656457e-03, 5.1328229512590268e-03,
       -9.9996975937578947e-01, 2.5259152866027035e-03, 0., 0., 0., 1. ]
mean-rme4: 1.8653260010714459e-03
max-rme4: 6.2731283187130171e-03
Hcamera2end5: !!opencv-matrix
   rows: 4
   cols: 4
   dt: d
   data: [ 9.9997319083897174e-01, -4.4893685484717841e-03,
       -5.7847362395674487e-03, -1.5780868181491842e-02,
       5.8167535321390924e-03, 7.1518205162487414e-03,
       9.9995750751801915e-01, 2.8466028866766385e-02,
       -4.4478063887404091e-03, -9.9996434788113264e-01,
       7.1777423323022838e-03, 3.4171233471558399e-02, 0., 0., 0., 1. ]
Hobj2base5: !!opencv-matrix
   rows: 4
   cols: 4
   dt: d
   data: [ 9.9997697907732253e-01, -3.5669091173807918e-03,
       -5.7722157565720609e-03, -7.3857980434081583e-01,
       -3.5905497817462504e-03, -9.9998518806122960e-01,
       -4.0904291231883680e-03, 8.7720081299881666e-02,
       -5.7575400699322044e-03, 4.1110603857607573e-03,
       -9.9997497464428942e-01, 2.3500506797787760e-03, 0., 0., 0., 1. ]
mean-rme5: 1.8884063298547737e-03
max-rme5: 5.8407853267057885e-03
Hcamera2end6: !!opencv-matrix
   rows: 4
   cols: 4
   dt: d
   data: [ 9.9998431779967656e-01, -1.8729460091934547e-03,
       -5.2778999575774027e-03, -1.5720790682795777e-02,
       5.2898470605826677e-03, 6.4322068429915058e-03,
       9.9996532151530371e-01, 2.8691334501310933e-02,
       -1.8389325140401841e-03, -9.9997755914239184e-01,
       6.4420135697765835e-03, 3.4293943248746170e-02, 0., 0., 0., 1. ]
Hobj2base6: !!opencv-matrix
   rows: 4
   cols: 4
   dt: d
   data: [ 9.9998338338068549e-01, -1.6075348550449006e-03,
       -5.5361353132614109e-03, -7.3893011474479753e-01,
       -1.6288742266182443e-03, -9.9999125357853780e-01,
       -3.8522117255118749e-03, 8.7427385274007577e-02,
       -5.5298943272709174e-03, 3.8611653829029556e-03,
       -9.9997725557665307e-01, 2.1119790304112659e-03, 0., 0., 0., 1. ]
mean-rme6: 1.9314379324373897e-03
max-rme6: 5.8325685893568791e-03
Hcamera2end7: !!opencv-matrix
   rows: 4
   cols: 4
   dt: d
   data: [ 9.9998006256601424e-01, -3.1636289833328769e-03,
       -5.4649722895982432e-03, -1.5221164010350242e-02,
       5.4853431212218227e-03, 6.4666096519695460e-03,
       9.9996404633889291e-01, 2.8388582946080987e-02,
       -3.1281753967328796e-03, -9.9997408686988731e-01,
       6.4838343148482247e-03, 3.4438697588093994e-02, 0., 0., 0., 1. ]
Hobj2base7: !!opencv-matrix
   rows: 4
   cols: 4
   dt: d
   data: [ 9.9998263210048999e-01, -3.1550405322045044e-03,
       -4.9780735848489769e-03, -7.3856705664951572e-01,
       -3.1728656779292873e-03, -9.9998856926603730e-01,
       -3.5769065760073442e-03, 8.8140705246220058e-02,
       -4.9667313965869693e-03, 3.5926392114729489e-03,
       -9.9998121208487234e-01, 2.3068495481352079e-03, 0., 0., 0., 1. ]
mean-rme7: 1.9379011953346841e-03
max-rme7: 5.8514960561732443e-03
Hcamera2end8: !!opencv-matrix
   rows: 4
   cols: 4
   dt: d
   data: [ 9.9998110363137616e-01, -3.5998527359757618e-03,
       -4.9833162105361560e-03, -1.7076354296286317e-02,
       5.0062274358075188e-03, 6.3837656870586734e-03,
       9.9996709206979095e-01, 2.9222950862722266e-02,
       -3.5679219492405784e-03, -9.9997314393734205e-01,
       6.4016667386007642e-03, 3.4187361346546839e-02, 0., 0., 0., 1. ]
