%YAML:1.0
---
Hcamera2end0: !!opencv-matrix
   rows: 4
   cols: 4
   dt: d
   data: [ 9.9997208742652244e-01, -3.5353837623646042e-03,
       -6.5822055191315180e-03, -1.3299559711248457e-02,
       6.5459391859712173e-03, -1.0173542153535386e-02,
       9.9992682218261530e-01, 3.0789385055706036e-02,
       -3.6020893960093769e-03, -9.9994199836875686e-01,
       -1.0150115776685009e-02, 3.2397320838804630e-02, 0., 0., 0., 1. ]
Hobj2base0: !!opencv-matrix
   rows: 4
   cols: 4
   dt: d
   data: [ 9.9993487684456284e-01, -4.1935344099083170e-03,
       1.0613969050353618e-02, -7.3037759747538245e-01,
       -4.1351538115466111e-03, -9.9997623498057653e-01,
       -5.5163372835984594e-03, 9.0818712444093341e-02,
       1.0636849759388403e-02, 5.4720876477338887e-03,
       -9.9992845428259125e-01, -3.6935334521513521e-03, 0., 0., 0., 1. ]
mean-rme0: 1.2685833738108969e-03
max-rme0: 4.5192725227553854e-03
Hcamera2end1: !!opencv-matrix
   rows: 4
   cols: 4
   dt: d
   data: [ 9.9999203908461076e-01, -8.9954584892664585e-04,
       -3.8874907933004227e-03, -1.3549573310473927e-02,
       3.8806587967988963e-03, -7.4759719761068322e-03,
       9.9996452453590345e-01, 3.1082664953408966e-02,
       -9.2857670934826586e-04, -9.9997164992827581e-01,
       -7.4724216300148250e-03, 3.3533616848654225e-02, 0., 0., 0., 1. ]
Hobj2base1: !!opencv-matrix
   rows: 4
   cols: 4
   dt: d
   data: [ 9.9997012256112161e-01, -2.2519002186046342e-03,
       7.3947907678838217e-03, -7.3267571214373350e-01,
       -2.2308146126975904e-03, -9.9999342641509226e-01,
       -2.8584248750884353e-03, 9.1064907318423621e-02,
       7.4011790451999132e-03, 2.8418430653711049e-03,
       -9.9996857274452977e-01, -3.3680883928215444e-03, 0., 0., 0., 1. ]
mean-rme1: 1.2511535117097038e-03
max-rme1: 4.7321491188319909e-03
Hcamera2end2: !!opencv-matrix
   rows: 4
   cols: 4
   dt: d
   data: [ 9.9999623284275607e-01, -1.9807328016124069e-03,
       -1.9002625779114067e-03, -1.3939028946632091e-02,
       1.8811770605739067e-03, -9.5933168108093270e-03,
       9.9995221358094610e-01, 3.2640232546776476e-02,
       -1.9988679704183456e-03, -9.9995202133409167e-01,
       -9.5895545621669243e-03, 3.3387503372727723e-02, 0., 0., 0., 1. ]
Hobj2base2: !!opencv-matrix
   rows: 4
   cols: 4
   dt: d
   data: [ 9.9995247298054246e-01, -2.7237576303352287e-03,
       9.3612458822925956e-03, -7.3199152945091717e-01,
       -2.7145723507406676e-03, -9.9999582175148016e-01,
       -9.9376885386623977e-04, 9.1268491215005867e-02,
       9.3639135541793515e-03, 9.6830984375402942e-04,
       -9.9995568876775565e-01, -5.3429244869414444e-03, 0., 0., 0., 1. ]
mean-rme2: 1.2909928516433276e-03
max-rme2: 5.0703276311043488e-03
Hcamera2end3: !!opencv-matrix
   rows: 4
   cols: 4
   dt: d
   data: [ 9.9998346651216607e-01, -5.5436287853971068e-03,
       1.5280321336172318e-03, -1.5900210494201351e-02,
       -1.5748004295216356e-03, -8.4418716193437326e-03,
       9.9996312672376575e-01, 3.3603966376866745e-02,
       -5.5305249225393333e-03, -9.9994900019123600e-01,
       -8.4504621547543124e-03, 3.2704960366881898e-02, 0., 0., 0., 1. ]
Hobj2base3: !!opencv-matrix
   rows: 4
   cols: 4
   dt: d
   data: [ 9.9995193966504126e-01, -5.1416488833780395e-03,
       8.3475629306819874e-03, -7.3124589235859294e-01,
       -5.1532707357292186e-03, -9.9998578152179673e-01,
       1.3713332802785811e-03, 9.0675236783208837e-02,
       8.3403933268111231e-03, -1.4142846253071323e-03,
       -9.9996421817890702e-01, -5.7019544846581872e-03, 0., 0., 0., 1. ]
mean-rme3: 1.5363050895574001e-03
max-rme3: 7.4212272037508520e-03
Hcamera2end4: !!opencv-matrix
   rows: 4
   cols: 4
   dt: d
   data: [ 9.9998502438054182e-01, -5.1316598814139421e-03,
       1.9018626419267004e-03, -1.5891985477551943e-02,
       -1.9434349480652506e-03, -8.1083538424069346e-03,
       9.9996523822509409e-01, 3.3876501030134315e-02,
       -5.1160605205478535e-03, -9.9995395927253972e-01,
       -8.1182054619404198e-03, 3.3624762702127275e-02, 0., 0., 0., 1. ]
Hobj2base4: !!opencv-matrix
   rows: 4
   cols: 4
   dt: d
   data: [ 9.9995999557106752e-01, -4.8561139741386027e-03,
       7.5116852024619714e-03, -7.3240716703873499e-01,
       -4.8676051495255080e-03, -9.9998700967843579e-01,
       1.5122481571756879e-03, 9.0518175189630790e-02,
       7.5042439738472744e-03, -1.5487515781248743e-03,
       -9.9997064341456099e-01, -5.4719490230449698e-03, 0., 0., 0., 1. ]
mean-rme4: 1.5621263010445177e-03
max-rme4: 7.0441398980063130e-03
Hcamera2end5: !!opencv-matrix
   rows: 4
   cols: 4
   dt: d
   data: [ 9.9999356979448095e-01, -2.9876391236634530e-03,
       1.9835277051866024e-03, -1.5695867892985191e-02,
       -2.0054154015080100e-03, -7.3409926383940505e-03,
       9.9997104364884015e-01, 3.3669019832444524e-02,
       -2.9729915502540233e-03, -9.9996859142652583e-01,
       -7.3469368918153144e-03, 3.3541830007887283e-02, 0., 0., 0., 1. ]
Hobj2base5: !!opencv-matrix
   rows: 4
   cols: 4
   dt: d
   data: [ 9.9997332749847823e-01, -2.8839396504274158e-03,
       6.7102297810060826e-03, -7.3252302199191943e-01,
       -2.8966774685404676e-03, -9.9999401983801905e-01,
       1.8893247055418003e-03, 9.0342245137093657e-02,
       6.7047409543142186e-03, -1.9087116839410861e-03,
       -9.9997570133900915e-01, -4.9671374818713258e-03, 0., 0., 0., 1. ]
mean-rme5: 1.5805591643849651e-03
max-rme5: 7.1509604359053236e-03
Hcamera2end6: !!opencv-matrix
   rows: 4
   cols: 4
   dt: d
   data: [ 9.9998372949480807e-01, -5.4933911340917518e-03,
       1.5373351952300859e-03, -1.5734729932919713e-02,
       -1.5739757715216118e-03, -6.6718511202128461e-03,
       9.9997650422542450e-01, 3.3558243948074863e-02,
       -5.4830051910675724e-03, -9.9996265383087057e-01,
       -6.6803890303730462e-03, 3.3459472784930555e-02, 0., 0., 0., 1. ]
Hobj2base6: !!opencv-matrix
   rows: 4
   cols: 4
   dt: d
   data: [ 9.9996755121034586e-01, -5.2347462244203514e-03,
       6.1232310384446769e-03, -7.3211891036316656e-01,
       -5.2450575839630255e-03, -9.9998485157507822e-01,
       1.6691289073373207e-03, 9.0648247543404822e-02,
       6.1144008148932586e-03, -1.7011914455210529e-03,
       -9.9997985982235660e-01, -4.7983486015461584e-03, 0., 0., 0., 1. ]
mean-rme6: 1.5993296414524912e-03
max-rme6: 7.2380070441240008e-03
Hcamera2end7: !!opencv-matrix
   rows: 4
   cols: 4
   dt: d
   data: [ 9.9998372180547113e-01, -5.6218145240893814e-03,
       9.7535918249398116e-04, -1.3469997497015523e-02,
       -1.0113271628817942e-03, -6.3986429192866012e-03,
       9.9997901707293879e-01, 3.4099784991804716e-02,
       -5.6154555868384451e-03, -9.9996372562720892e-01,
       -6.4042242546653583e-03, 3.3495190643688215e-02, 0., 0., 0., 1. ]
Hobj2base7: !!opencv-matrix
   rows: 4
   cols: 4
   dt: d
   data: [ 9.9996791085759029e-01, -5.0377055057338610e-03,
       6.2288665376482154e-03, -7.3234756111704002e-01,
       -5.0494204109926798e-03, -9.9998550975297240e-01,
       1.8664505356034225e-03, 9.2751451461318010e-02,
       6.2193736516939907e-03, -1.8978428086389350e-03,
       -9.9997885856854762e-01, -5.0543094507278360e-03, 0., 0., 0., 1. ]
mean-rme7: 1.6282651528629357e-03
max-rme7: 7.5140189812667180e-03
Hcamera2end8: !!opencv-matrix
   rows: 4
   cols: 4
   dt: d
   data: [ 9.9998711276328378e-01, -4.9426594308552615e-03,
       1.1594934679303220e-03, -1.3695463484990079e-02,
       -1.1914540637755855e-03, -6.4682425600477433e-03,
       9.9997837090379027e-01, 3.4515829203938628e-02,
       -4.9350526406015350e-03, -9.9996686542901758e-01,
       -6.4740481539393713e-03, 3.3456225233795912e-02, 0., 0., 0., 1. ]
