%YAML:1.0
---
Hcamera2end0: !!opencv-matrix
   rows: 4
   cols: 4
   dt: d
   data: [ 9.9998635934376046e-01, -5.2214776812948109e-03,
       1.3151895449485572e-04, -1.8825167668357973e-02,
       -1.2125994304744208e-04, 1.9650396399883974e-03,
       9.9999806195574148e-01, 2.8667926957721773e-02,
       -5.2217260017989632e-03, -9.9998443727391895e-01,
       1.9643796794719393e-03, 3.2919304872931439e-02, 0., 0., 0., 1. ]
Hobj2base0: !!opencv-matrix
   rows: 4
   cols: 4
   dt: d
   data: [ 9.9998406810223905e-01, -4.9237484706243818e-03,
       -2.7604787074862135e-03, -7.3628749163618423e-01,
       -4.9236195107965983e-03, -9.9998787748029971e-01,
       5.3510353913395539e-05, 8.6841289145495340e-02,
       -2.7607087150519432e-03, -3.9917954568590145e-05,
       -9.9999618843970972e-01, 3.0953862720265644e-03, 0., 0., 0., 1. ]
mean-rme0: 9.5105667388422689e-04
max-rme0: 3.2719052890082256e-03
Hcamera2end1: !!opencv-matrix
   rows: 4
   cols: 4
   dt: d
   data: [ 9.9997752202356649e-01, -6.0916520102368716e-03,
       -2.8012895947861971e-03, -1.9636877302248706e-02,
       2.8268047266542702e-03, 4.1839722083029107e-03,
       9.9998725169453928e-01, 2.9043799590697677e-02,
       -6.0798538341842899e-03, -9.9997269270332911e-01,
       4.2010980717698265e-03, 3.3104874302550394e-02, 0., 0., 0., 1. ]
Hobj2base1: !!opencv-matrix
   rows: 4
   cols: 4
   dt: d
   data: [ 9.9997698985615702e-01, -5.0984039860567168e-03,
       -4.4750458114016251e-03, -7.3703609858377184e-01,
       -5.1088580683931011e-03, -9.9998424040480027e-01,
       -2.3277695914977921e-03, 8.5434743784024672e-02,
       -4.4631073767272249e-03, 2.3505784030846662e-03,
       -9.9998727764592799e-01, 2.7549408036180523e-03, 0., 0., 0., 1. ]
mean-rme1: 1.0725495000287787e-03
max-rme1: 3.0598164702133612e-03
Hcamera2end2: !!opencv-matrix
   rows: 4
   cols: 4
   dt: d
   data: [ 9.9997479252128085e-01, -6.9190240632000296e-03,
       -1.5941856962458363e-03, -1.8283688902440705e-02,
       1.6057172564705306e-03, 1.6614105417119829e-03,
       9.9999733068998964e-01, 2.9600598422895773e-02,
       -6.9163569972586440e-03, -9.9997468309003956e-01,
       1.6724786580772921e-03, 3.2675278077667097e-02, 0., 0., 0., 1. ]
Hobj2base2: !!opencv-matrix
   rows: 4
   cols: 4
   dt: d
   data: [ 9.9997912666043343e-01, -6.0674378225242008e-03,
       -2.2209101077291940e-03, -7.3600379044257691e-01,
       -6.0704862016282635e-03, -9.9998063812024984e-01,
       -1.3684231411141580e-03, 8.7326944008275897e-02,
       -2.2125642844111398e-03, 1.3818765817172898e-03,
       -9.9999659748241143e-01, 1.3809196795996279e-03, 0., 0., 0., 1. ]
mean-rme2: 1.1649385415593767e-03
max-rme2: 3.3345395794581179e-03
Hcamera2end3: !!opencv-matrix
   rows: 4
   cols: 4
   dt: d
   data: [ 9.9987291565460079e-01, -1.5544249036643450e-02,
       -3.5396132916385246e-03, -1.8039492268388423e-02,
       3.6399534302972696e-03, 6.4315886804920952e-03,
       9.9997269233018082e-01, 3.0652303473945996e-02,
       -1.5521059222643347e-02, -9.9985849548270189e-01,
       6.4873516688570554e-03, 3.3723892906190558e-02, 0., 0., 0., 1. ]
Hobj2base3: !!opencv-matrix
   rows: 4
   cols: 4
   dt: d
   data: [ 9.9988644038203423e-01, -1.3933430533540033e-02,
       -5.7415898244020493e-03, -7.3769211267438917e-01,
       -1.3961176535605907e-02, -9.9989091555937581e-01,
       -4.8210508786641522e-03, 8.8419206502174080e-02,
       -5.6737897287712320e-03, 4.9006627511016931e-03,
       -9.9997189541242282e-01, 7.1587797426677280e-04, 0., 0., 0., 1. ]
mean-rme3: 1.3299551772137893e-03
max-rme3: 4.4314822116826580e-03
Hcamera2end4: !!opencv-matrix
   rows: 4
   cols: 4
   dt: d
   data: [ 9.9988136160676500e-01, -1.5290313779717037e-02,
       -1.8625294412332226e-03, -1.9034258505667666e-02,
       1.9591469763987268e-03, 6.3063268389395022e-03,
       9.9997819575475011e-01, 3.0363006360819490e-02,
       -1.5278234666561873e-02, -9.9986320891725888e-01,
       6.3355346384658118e-03, 3.2929268484670003e-02, 0., 0., 0., 1. ]
Hobj2base4: !!opencv-matrix
   rows: 4
   cols: 4
   dt: d
   data: [ 9.9987904723331300e-01, -1.4144252446923267e-02,
       -6.4676909728191949e-03, -7.3682102166480590e-01,
       -1.4162918140753255e-02, -9.9989564102554707e-01,
       -2.8493521805096817e-03, 8.8276860642444999e-02,
       -6.4267140546708738e-03, 2.9406089212879109e-03,
       -9.9997502477093470e-01, 5.8278590853608203e-04, 0., 0., 0., 1. ]
mean-rme4: 1.4281593064870170e-03
max-rme4: 6.5167653749981236e-03
Hcamera2end5: !!opencv-matrix
   rows: 4
   cols: 4
   dt: d
   data: [ 9.9995839662537800e-01, -8.9851646223314714e-03,
       -1.5722070833395882e-03, -1.8842427926121265e-02,
       1.5993732439835819e-03, 3.0170607845967368e-03,
       9.9999416965772780e-01, 3.1260295349686537e-02,
       -8.9803687914099435e-03, -9.9995508107161080e-01,
       3.0313058965764084e-03, 3.3224597053422907e-02, 0., 0., 0., 1. ]
Hobj2base5: !!opencv-matrix
   rows: 4
   cols: 4
   dt: d
   data: [ 9.9995265394183896e-01, -8.9003664341021534e-03,
       -3.9336181832547393e-03, -7.3714183910383191e-01,
       -8.9077656672793999e-03, -9.9995858117377634e-01,
       -1.8675244963553058e-03, 8.7863364280350589e-02,
       -3.9168336050645538e-03, 1.9024758254328666e-03,
       -9.9999051945518125e-01, -6.3912590747876178e-04, 0., 0., 0., 1. ]
mean-rme5: 1.7474649942770715e-03
max-rme5: 7.0591578248131170e-03
Hcamera2end6: !!opencv-matrix
   rows: 4
   cols: 4
   dt: d
   data: [ 9.9997061897740336e-01, -7.3857449657911403e-03,
       -2.0523043753503515e-03, -1.6994901332026909e-02,
       2.0733544095296276e-03, 2.8435622369030744e-03,
       9.9999380765847634e-01, 3.0577326055764773e-02,
       -7.3798633755155271e-03, -9.9996868197214328e-01,
       2.8587919570292053e-03, 3.3704167519691901e-02, 0., 0., 0., 1. ]
Hobj2base6: !!opencv-matrix
   rows: 4
   cols: 4
   dt: d
   data: [ 9.9997137275724890e-01, -7.0653811773340805e-03,
       -2.7081460082972989e-03, -7.3725323119265529e-01,
       -7.0713624489543853e-03, -9.9997256554165093e-01,
       -2.2054471576613407e-03, 8.9001729349088177e-02,
       -2.6924893869430841e-03, 2.2245343037795426e-03,
       -9.9999390095541751e-01, 3.8631666659035467e-05, 0., 0., 0., 1. ]
mean-rme6: 1.8335514128235643e-03
max-rme6: 7.2357935600520229e-03
Hcamera2end7: !!opencv-matrix
   rows: 4
   cols: 4
   dt: d
   data: [ 9.9997995473926626e-01, -5.7921778915277083e-03,
       -2.5574977864933944e-03, -1.4524790370006872e-02,
       2.5700618087059618e-03, 2.1627326680574432e-03,
       9.9999435866894082e-01, 3.0949489812688281e-02,
       -5.7866140319233336e-03, -9.9998088644867589e-01,
       2.1775755707055255e-03, 3.3068054947884493e-02, 0., 0., 0., 1. ]
Hobj2base7: !!opencv-matrix
   rows: 4
   cols: 4
   dt: d
   data: [ 9.9998190582575519e-01, -5.3609577125779241e-03,
       -2.7291305381617879e-03, -7.3692383004719164e-01,
       -5.3691780942682872e-03, -9.9998104451281811e-01,
       -3.0137255424646436e-03, 9.0804627087115841e-02,
       -2.7129223509723848e-03, 3.0283241994914492e-03,
       -9.9999173461827184e-01, -9.2135773323392099e-04, 0., 0., 0., 1. ]
mean-rme7: 2.0085792071541293e-03
max-rme7: 6.5699921375241832e-03
Hcamera2end8: !!opencv-matrix
   rows: 4
   cols: 4
   dt: d
   data: [ 9.9998179881012172e-01, -5.5159825692349873e-03,
       -2.4445827392832499e-03, -1.4527252735025111e-02,
       2.4532845492735060e-03, 1.5713486580096747e-03,
       9.9999575612015246e-01, 3.0789330845119870e-02,
       -5.5121178682609549e-03, -9.9998355226458147e-01,
       1.5848523324055730e-03, 3.2930417794268876e-02, 0., 0., 0., 1. ]
Hobj2base8: !!opencv-matrix
   rows: 4
   cols: 4
   dt: d
   data: [ 9.9998690510779453e-01, -4.6162481621000269e-03,
       -2.2090418376890003e-03, -7.3650920599186498e-01,
       -4.6222414663233671e-03, -9.9998562980335626e-01,
       -2.7157081233510137e-03, 9.0648110448104169e-02,
       -2.1964737106901799e-03, 2.7258832862288858e-03,
       -9.9999387251300065e-01, -1.1042714305515091e-03, 0., 0., 0., 1. ]
mean-rme8: 1.9955756840510557e-03
max-rme8: 6.3989397161639261e-03
Hcamera2end9: !!opencv-matrix
   rows: 4
   cols: 4
   dt: d
   data: [ 9.9998809026889834e-01, -4.0479316802531293e-03,
       -2.7264573118895115e-03, -1.5163738102120286e-02,
       2.7299426362677923e-03, 8.5573810218908530e-04,
       9.9999590755437751e-01, 2.9821354814204486e-02,
       -4.0455819809070686e-03, -9.9999144094407744e-01,
       8.6677853186101217e-04, 3.2758090581157744e-02, 0., 0., 0., 1. ]
Hobj2base9: !!opencv-matrix
   rows: 4
   cols: 4
   dt: d
   data: [ 9.9999255852288194e-01, -3.5066738821776565e-03,
       -1.6081471153672937e-03, -7.3625317583436944e-01,
       -3.5114024972266950e-03, -9.9998949234222501e-01,
       -2.9470761172879197e-03, 8.9345153835618168e-02,
       -1.5977957826584710e-03, 2.9527010384852361e-03,
       -9.9999436428672617e-01, -5.0101600342421877e-04, 0., 0., 0., 1. ]
mean-rme9: 2.0326982137436342e-03
max-rme9: 7.0633409813533610e-03
Hcamera2end10: !!opencv-matrix
   rows: 4
   cols: 4
   dt: d
   data: [ 9.9998658094665449e-01, -4.1268476171157122e-03,
       -3.1316218426014559e-03, -1.3847779846406024e-02,
       3.1346534408549240e-03, 7.2834057949278108e-04,
       9.9999482172049581e-01, 2.9766745798422617e-02,
       -4.1245453598776861e-03, -9.9999121928582235e-01,
       7.4126704293453471e-04, 3.3063693324477256e-02, 0., 0., 0., 1. ]
Hobj2base10: !!opencv-matrix
   rows: 4
   cols: 4
   dt: d
   data: [ 9.9999255930263098e-01, -3.5876143704969866e-03,
       -1.4178725269805045e-03, -7.3645244205503690e-01,
       -3.5918653800986978e-03, -9.9998902794537492e-01,
       -3.0070736530548548e-03, 9.0440594338541874e-02,
       -1.4070687493548451e-03, 3.0121440855728904e-03,
       -9.9999447355750015e-01, -2.6808706584011133e-04, 0., 0., 0., 1. ]
mean-rme10: 2.0139346559230531e-03
max-rme10: 7.1101565665172006e-03
Hcamera2end11: !!opencv-matrix
   rows: 4
   cols: 4
   dt: d
   data: [ 9.9999113973094078e-01, -3.2288558039574458e-03,
       -2.7009164761680961e-03, -1.3346006307679075e-02,
       2.6995336716824324e-03, -4.3254609081522233e-04,
       9.9999626270393360e-01, 3.0207932444346650e-02,
       -3.2300120076307359e-03, -9.9999469368295979e-01,
       -4.2382585337663592e-04, 3.3004167718263401e-02, 0., 0., 0., 1. ]
Hobj2base11: !!opencv-matrix
   rows: 4
   cols: 4
   dt: d
   data: [ 9.9999662827880587e-01, -2.5583831175879611e-03,
       -4.4509194931079777e-04, -7.3618544086799542e-01,
       -2.5595314109721524e-03, -9.9999334762672087e-01,
       -2.5987499418177930e-03, 9.0812696325693582e-02,
       -4.3844039041502817e-04, 2.5998804063825679e-03,
       -9.9999652418990737e-01, -1.0332534744480024e-03, 0., 0., 0., 1. ]
mean-rme11: 2.0315621595594830e-03
max-rme11: 7.4551030944892682e-03
Hcamera2end12: !!opencv-matrix
   rows: 4
   cols: 4
   dt: d
   data: [ 9.9999153811639219e-01, -3.1516277169840261e-03,
       -2.6440382647722935e-03, -1.3280425016263427e-02,
       2.6426515851724779e-03, -4.4407155743320104e-04,
       9.9999640959008007e-01, 3.0117327889543861e-02,
       -3.1527905435387578e-03, -9.9999493500876568e-01,
       -4.3573914576922057e-04, 3.2992653804026238e-02, 0., 0., 0., 1. ]
Hobj2base12: !!opencv-matrix
   rows: 4
   cols: 4
   dt: d
   data: [ 9.9999629102266885e-01, -2.6394454465219291e-03,
       -6.7176531662299481e-04, -7.3612908240359209e-01,
       -2.6411418982167840e-03, -9.9999329364460365e-01,
       -2.5371313112842620e-03, 9.0938159547135050e-02,
       -6.6506419183924115e-04, 2.5388961286452443e-03,
       -9.9999655584210312e-01, -9.3340970621615886e-04, 0., 0., 0., 1. ]
mean-rme12: 1.9457284149308354e-03
max-rme12: 7.4636950159598925e-03
Hcamera2end13: !!opencv-matrix
   rows: 4
   cols: 4
   dt: d
   data: [ 9.9999240484193574e-01, -3.0100740981450647e-03,
       -2.4758255927369824e-03, -1.3324534555803597e-02,
       2.4725069436985578e-03, -1.1057358514701132e-03,
       9.9999633202209304e-01, 3.0220667899972822e-02,
       -3.0128006663796511e-03, -9.9999485838785707e-01,
       -1.0982850241227915e-03, 3.3161442155112915e-02, 0., 0., 0., 1. ]
Hobj2base13: !!opencv-matrix
   rows: 4
   cols: 4
   dt: d
   data: [ 9.9999741134486353e-01, -2.2684778356933861e-03,
       -1.7695163405197694e-04, -7.3617027544936908e-01,
       -2.2689059327782707e-03, -9.9999440558878594e-01,
       -2.4578154932591314e-03, 9.0878902654823193e-02,
       -1.7137514414108891e-04, 2.4582106174347459e-03,
       -9.9999696391095116e-01, -1.0494813235142546e-03, 0., 0., 0., 1. ]
mean-rme13: 1.9205292810208119e-03
max-rme13: 7.7137994992562686e-03
Hcamera2end14: !!opencv-matrix
   rows: 4
   cols: 4
   dt: d
   data: [ 9.9999294727695920e-01, -2.8703151982373185e-03,
       -2.4221244814124818e-03, -1.3310897940407893e-02,
       2.4190266613284450e-03, -1.0822419716993714e-03,
       9.9999648852499801e-01, 3.0225745108880698e-02,
       -2.8729264439717171e-03, -9.9999529501042017e-01,
       -1.0752909699556223e-03, 3.3165131289499314e-02, 0., 0., 0., 1. ]
Hobj2base14: !!opencv-matrix
   rows: 4
   cols: 4
   dt: d
   data: [ 9.9999755170567550e-01, -2.2027076736952367e-03,
       -2.1133281592051228e-04, -7.3619375307959412e-01,
       -2.2032423879406529e-03, -9.9999428518085365e-01,
       -2.5642403580830530e-03, 9.0843355300832124e-02,
       -2.0568333627774099e-04, 2.5646996974859368e-03,
       -9.9999668999943570e-01, -1.0457443046065662e-03, 0., 0., 0., 1. ]
mean-rme14: 1.8482252449070653e-03
max-rme14: 7.7292861397442181e-03
Hcamera2end15: !!opencv-matrix
   rows: 4
   cols: 4
   dt: d
   data: [ 9.9999282540718681e-01, -3.0597065609003510e-03,
       -2.2332330628125688e-03, -1.3394115914088570e-02,
       2.2295449580204720e-03, -1.2082597101281678e-03,
       9.9999678461370722e-01, 3.0214071252348370e-02,
       -3.0623950482949374e-03, -9.9999458913747841e-01,
       -1.2014292880206945e-03, 3.3116227703577146e-02, 0., 0., 0., 1. ]
Hobj2base15: !!opencv-matrix
   rows: 4
   cols: 4
   dt: d
   data: [ 9.9999757080609131e-01, -2.2032215115400174e-03,
       -6.4783388404704781e-05, -7.3611678778750866e-01,
       -2.2033794105151727e-03, -9.9999432730943782e-01,
       -2.5476397152496065e-03, 9.0834624844662468e-02,
       -5.9170006284297157e-05, 2.5477762689228834e-03,
       -9.9999675266222443e-01, -1.1127380110848098e-03, 0., 0., 0., 1. ]
mean-rme15: 1.7960851708142293e-03
max-rme15: 7.7454379390972106e-03
Hcamera2end16: !!opencv-matrix
   rows: 4
   cols: 4
   dt: d
   data: [ 9.9999359015904032e-01, -2.9330636426617303e-03,
       -2.0534796082467043e-03, -1.3187201476768322e-02,
       2.0499178318181834e-03, -1.2168441161579668e-03,
       9.9999715855960281e-01, 2.9852870826583902e-02,
       -2.9355540731151545e-03, -9.9999495820132256e-01,
       -1.2108237769177244e-03, 3.3130146385877780e-02, 0., 0., 0., 1. ]
Hobj2base16: !!opencv-matrix
   rows: 4
   cols: 4
   dt: d
   data: [ 9.9999785611758529e-01, -2.0689208106044487e-03,
       8.5597386802008677e-05, -7.3622876135410853e-01,
       -2.0687230003177928e-03, -9.9999532925089296e-01,
       -2.2498581169734812e-03, 9.0968117806788762e-02,
       9.0251765277204454e-05, 2.2496762162593840e-03,
       -9.9999746540255874e-01, -6.9271406686968230e-04, 0., 0., 0., 1. ]
mean-rme16: 1.8096399489421547e-03
max-rme16: 8.0296463214465930e-03
Hcamera2end17: !!opencv-matrix
   rows: 4
   cols: 4
   dt: d
   data: [ 9.9999283530863214e-01, -3.1288418838404035e-03,
       -2.1306524514488438e-03, -1.3992690134372784e-02,
       2.1284242945360968e-03, -7.1529188622809770e-04,
       9.9999747908059233e-01, 2.9774771464934281e-02,
       -3.1303580346930685e-03, -9.9999484933972704e-01,
       -7.0862725830322937e-04, 3.3271388196072456e-02, 0., 0., 0., 1. ]
Hobj2base17: !!opencv-matrix
   rows: 4
   cols: 4
   dt: d
   data: [ 9.9999698560040295e-01, -2.3898578808069452e-03,
       -5.6335549783068073e-04, -7.3653435753595919e-01,
       -2.3911600152860604e-03, -9.9999444494480838e-01,
       -2.3221613435814299e-03, 9.0231659488845636e-02,
       -5.5780273277233460e-04, 2.3235014168000163e-03,
       -9.9999714509456328e-01, -2.9895400025678357e-04, 0., 0., 0., 1. ]
mean-rme17: 1.8153496949418200e-03
max-rme17: 7.9311975085407660e-03
Hcamera2end18: !!opencv-matrix
   rows: 4
   cols: 4
   dt: d
   data: [ 9.9999439757950925e-01, -2.1088892051171673e-03,
       -2.5994991661682392e-03, -1.3787562620611593e-02,
       2.6008112901640028e-03, 6.1968361163000640e-04,
       9.9999642588004034e-01, 3.0358226525755389e-02,
       -2.1072708006624453e-03, -9.9999758428635344e-01,
       6.2516496275621947e-04, 3.3092631488527730e-02, 0., 0., 0., 1. ]
Hobj2base18: !!opencv-matrix
   rows: 4
   cols: 4
   dt: d
   data: [ 9.9999766666220657e-01, -1.3317709980110129e-03,
       -1.7008986305335719e-03, -7.3695099137267894e-01,
       -1.3363760362021507e-03, -9.9999543728121076e-01,
       -2.7091540837658229e-03, 9.0101646139316746e-02,
       -1.6972828969735296e-03, 2.7114208025640651e-03,
       -9.9999488370091116e-01, -6.9878193310127928e-04, 0., 0., 0., 1. ]
mean-rme18: 1.8835535149179410e-03
max-rme18: 7.5702515901128198e-03
Hcamera2end19: !!opencv-matrix
   rows: 4
   cols: 4
   dt: d
   data: [ 9.9999523168394255e-01, -2.0437734509141502e-03,
       -2.3150808753594396e-03, -1.3946443416357040e-02,
       2.3168230919307408e-03, 8.5049535638637153e-04,
       9.9999695448956727e-01, 3.0412883742284045e-02,
       -2.0417982610466310e-03, -9.9999754982086353e-01,
       8.5522636248147599e-04, 3.3082111414504324e-02, 0., 0., 0., 1. ]
Hobj2base19: !!opencv-matrix
   rows: 4
   cols: 4
   dt: d
   data: [ 9.9999682892942687e-01, -1.3856847653541144e-03,
       -2.1028572993793209e-03, -7.3709036249884785e-01,
       -1.3906295879784682e-03, -9.9999626749088688e-01,
       -2.3518404802191353e-03, 9.0158607548316283e-02,
       -2.0995905409213040e-03, 2.3547573179468094e-03,
       -9.9999502340638413e-01, -5.8185745408663838e-04, 0., 0., 0., 1. ]
mean-rme19: 1.8613056540973320e-03
max-rme19: 7.5423308405910827e-03
Hcamera2end20: !!opencv-matrix
   rows: 4
   cols: 4
   dt: d
   data: [ 9.9999613823447542e-01, -1.7914221268022204e-03,
       -2.1246936013528937e-03, -1.4027114437185890e-02,
       2.1255185443567106e-03, 4.5871812454001404e-04,
       9.9999763587150503e-01, 3.0346217488993635e-02,
       -1.7904432561860902e-03, -9.9999829019076092e-01,
       4.6252405402946728e-04, 3.3097307317937731e-02, 0., 0., 0., 1. ]
Hobj2base20: !!opencv-matrix
   rows: 4
   cols: 4
   dt: d
   data: [ 9.9999802003531457e-01, -1.1228929163014094e-03,
       -1.6428745993489092e-03, -7.3687141325387195e-01,
       -1.1259841850502974e-03, -9.9999759528722731e-01,
       -1.8819084403207528e-03, 9.0140401710885429e-02,
       -1.6407574670506120e-03, 1.8837545650253872e-03,
       -9.9999687968696827e-01, -6.3464888430131428e-04, 0., 0., 0., 1. ]
mean-rme20: 1.8358007792613235e-03
max-rme20: 7.5964953310487804e-03
Hcamera2end21: !!opencv-matrix
   rows: 4
   cols: 4
   dt: d
   data: [ 9.9999762249133239e-01, -1.4992237603272099e-03,
       -1.5834581772309160e-03, -1.4197120396028898e-02,
       1.5850169750141255e-03, 1.0391199533671402e-03,
       9.9999820397384298e-01, 3.0239092542436674e-02,
       -1.4975756646948375e-03, -9.9999833627753565e-01,
       1.0414937779599232e-03, 3.2864990613655595e-02, 0., 0., 0., 1. ]
Hobj2base21: !!opencv-matrix
   rows: 4
   cols: 4
   dt: d
   data: [ 9.9999685699897711e-01, -7.6492601815100140e-04,
       -2.3876516400015459e-03, -7.3682342847951710e-01,
       -7.6808206294582510e-04, -9.9999883226247999e-01,
       -1.3211826600147147e-03, 9.0049803759213717e-02,
       -2.3866382448597661e-03, 1.3230124199335111e-03,
       -9.9999627679108127e-01, -4.2197771894269479e-04, 0., 0., 0., 1. ]
mean-rme21: 1.8887307961667804e-03
max-rme21: 7.4588152981319156e-03
Hcamera2end22: !!opencv-matrix
   rows: 4
   cols: 4
   dt: d
   data: [ 9.9999816180032430e-01, -7.9469698627695367e-04,
       -1.7449506217579534e-03, -1.4321514750627113e-02,
       1.7453039354047800e-03, 4.4411285874823569e-04,
       9.9999837833765592e-01, 3.0983659864602074e-02,
       -7.9392074253777285e-04, -9.9999958561014834e-01,
       4.4549903015778103e-04, 3.2891311698907293e-02, 0., 0., 0., 1. ]
Hobj2base22: !!opencv-matrix
   rows: 4
   cols: 4
   dt: d
   data: [ 9.9999843746796591e-01, -2.7727222264037132e-04,
       -1.7459042760846861e-03, -7.3677290341742840e-01,
       -2.7906529615146701e-04, -9.9999943384322676e-01,
       -1.0268572376706823e-03, 8.9972240758344799e-02,
       -1.7456185686405311e-03, 1.0273428544672117e-03,
       -9.9999794868913217e-01, -1.2902015672270181e-03, 0., 0., 0., 1. ]
mean-rme22: 1.9670091735686057e-03
max-rme22: 7.4672770001293909e-03
Hcamera2end23: !!opencv-matrix
   rows: 4
   cols: 4
   dt: d
   data: [ 9.9999653587782500e-01, -1.4988465107102409e-03,
       -2.1637216750961894e-03, -1.3676578674130168e-02,
       2.1646553059390637e-03, 6.2155763303561873e-04,
       9.9999746396354194e-01, 3.1086529088236472e-02,
       -1.4974978318579237e-03, -9.9999868356175659e-01,
       6.2479996593622911e-04, 3.2979925308983908e-02, 0., 0., 0., 1. ]
Hobj2base23: !!opencv-matrix
   rows: 4
   cols: 4
   dt: d
   data: [ 9.9999761479188631e-01, -8.8334280306755371e-04,
       -1.9975274792493557e-03, -7.3698180707478111e-01,
       -8.8608246352012599e-04, -9.9999866752942745e-01,
       -1.3710569783054298e-03, 9.0514787549683548e-02,
       -1.9963137042883898e-03, 1.3728236821189631e-03,
       -9.9999706503905905e-01, -1.2802363256806852e-03, 0., 0., 0., 1. ]
mean-rme23: 1.9801199912352872e-03
max-rme23: 7.3834491640327737e-03
Hcamera2end24: !!opencv-matrix
   rows: 4
   cols: 4
   dt: d
   data: [ 9.9999419547800783e-01, -6.3875236548747863e-04,
       -3.3467903590675583e-03, -1.3207739287303890e-02,
       3.3478115952443837e-03, 1.6044823358659643e-03,
       9.9999310887323445e-01, 2.9945262952787027e-02,
       -6.3337809775098654e-04, -9.9999850881481278e-01,
       1.6066114451885882e-03, 3.2785622278413508e-02, 0., 0., 0., 1. ]
Hobj2base24: !!opencv-matrix
   rows: 4
   cols: 4
   dt: d
   data: [ 9.9999620299995962e-01, 4.7470019205731045e-05,
       -2.7553098302862543e-03, -7.3725475387389872e-01,
       4.1195497133298409e-05, -9.9999740619278765e-01,
       -2.2772594554300524e-03, 9.0582835686433619e-02,
       -2.7554107850938305e-03, 2.2771373023175931e-03,
       -9.9999361115814711e-01, -1.1674279950216563e-04, 0., 0., 0., 1. ]
mean-rme24: 2.0655123648656249e-03
max-rme24: 9.4230433611976194e-03
