%YAML:1.0
---
Hcamera2end0: !!opencv-matrix
   rows: 4
   cols: 4
   dt: d
   data: [ 9.9993615813017667e-01, -4.3498817993273351e-03,
       1.0428719585555012e-02, -1.5783725947927423e-02,
       -1.0501899667863579e-02, -1.7154342760059560e-02,
       9.9979769885104097e-01, 2.4951818670898865e-02,
       -4.1701039829223387e-03, -9.9984339126325306e-01,
       -1.7198929616965897e-02, 3.1621382116090578e-02, 0., 0., 0., 1. ]
Hobj2base0: !!opencv-matrix
   rows: 4
   cols: 4
   dt: d
   data: [ 9.9980935938440396e-01, -5.8085694279571380e-03,
       1.8641496950310327e-02, -7.2660135602445808e-01,
       -5.9466085612119024e-03, -9.9995524733367169e-01,
       7.3580688006451705e-03, 9.3464635684454858e-02,
       1.8597922840133219e-02, -7.4675197392379388e-03,
       -9.9979915653844031e-01, 1.8283843759281289e-03, 0., 0., 0., 1. ]
mean-rme0: 7.7235005509914952e-04
max-rme0: 2.3001999714798993e-03
Hcamera2end1: !!opencv-matrix
   rows: 4
   cols: 4
   dt: d
   data: [ 9.9995323863487473e-01, 3.6400785653333250e-04,
       9.6637488536145434e-03, -1.5029928007827185e-02,
       -9.6577413174585881e-03, -1.3930274996272418e-02,
       9.9985632741468067e-01, 2.5544092429817093e-02,
       4.9857423760927243e-04, -9.9990290275446669e-01,
       -1.3926108103881063e-02, 3.0904407863398715e-02, 0., 0., 0., 1. ]
Hobj2base1: !!opencv-matrix
   rows: 4
   cols: 4
   dt: d
   data: [ 9.9989521655211866e-01, -1.9749839700633530e-03,
       1.4340688773891486e-02, -7.2707037971553756e-01,
       -2.0776882131667684e-03, -9.9997227729764449e-01,
       7.1503739658768575e-03, 9.3140536571481539e-02,
       1.4326169337282469e-02, -7.1794202050732801e-03,
       -9.9987160015555943e-01, 2.1617537531329256e-03, 0., 0., 0., 1. ]
mean-rme1: 8.6766927030347844e-04
max-rme1: 2.8116882295020629e-03
Hcamera2end2: !!opencv-matrix
   rows: 4
   cols: 4
   dt: d
   data: [ 9.9994541755050026e-01, -6.8517719635611835e-04,
       1.0425567225112117e-02, -1.5966999028360358e-02,
       -1.0435693419276623e-02, -1.6966478571245558e-02,
       9.9980159777215316e-01, 2.6588683706368174e-02,
       -5.0815609275594621e-04, -9.9985582417521635e-01,
       -1.6972702798444983e-02, 3.1064941262465853e-02, 0., 0., 0., 1. ]
Hobj2base2: !!opencv-matrix
   rows: 4
   cols: 4
   dt: d
   data: [ 9.9985971761813386e-01, -3.0926391113754014e-03,
       1.6461490452341174e-02, -7.2644977489721962e-01,
       -3.2130408896057895e-03, -9.9996824570480780e-01,
       7.2927327038939255e-03, 9.2536744558442935e-02,
       1.6438413938925180e-02, -7.3446011039071373e-03,
       -9.9983790455343158e-01, 6.8255434977892299e-04, 0., 0., 0., 1. ]
mean-rme2: 9.6672529827966105e-04
max-rme2: 3.0481133814588279e-03
Hcamera2end3: !!opencv-matrix
   rows: 4
   cols: 4
   dt: d
   data: [ 9.9990359325438416e-01, -1.3210205481700618e-02,
       4.2772266835291017e-03, -1.4427355504102027e-02,
       -4.4212136746401235e-03, -1.0889776292414499e-02,
       9.9993093043566961e-01, 2.7749514515900950e-02,
       -1.3162715016827706e-02, -9.9985344088192840e-01,
       -1.0947131585642200e-02, 3.3153538411743372e-02, 0., 0., 0., 1. ]
Hobj2base3: !!opencv-matrix
   rows: 4
   cols: 4
   dt: d
   data: [ 9.9983753552685872e-01, -1.4573639150587183e-02,
       1.0607148225892572e-02, -7.2931050212298931e-01,
       -1.4572872425988844e-02, -9.9989379886898311e-01,
       -1.4957476265703537e-04, 9.4621430331533016e-02,
       1.0608201583371116e-02, -5.0261558274613155e-06,
       -9.9994373143387660e-01, -1.6801117068103598e-04, 0., 0., 0., 1. ]
mean-rme3: 1.8088311910275225e-03
max-rme3: 7.0311256718979531e-03
Hcamera2end4: !!opencv-matrix
   rows: 4
   cols: 4
   dt: d
   data: [ 9.9993522510294974e-01, -9.9057037172238828e-03,
       5.6055893695385415e-03, -1.4804088052650143e-02,
       -5.6980499581829533e-03, -9.3306366401872953e-03,
       9.9994023393729026e-01, 2.7107827180616155e-02,
       -9.8528079747530750e-03, -9.9990740383985321e-01,
       -9.3864754438111042e-03, 3.2616595866373665e-02, 0., 0., 0., 1. ]
Hobj2base4: !!opencv-matrix
   rows: 4
   cols: 4
   dt: d
   data: [ 9.9989166790690431e-01, -1.1583117522619793e-02,
       9.0820613742835822e-03, -7.2923979070596545e-01,
       -1.1600403477974036e-02, -9.9993099624075654e-01,
       1.8529425561016274e-03, 9.4121173246481421e-02,
       9.0599718265170874e-03, -1.9580973993095518e-03,
       -9.9995704045977751e-01, 6.5674858144049717e-04, 0., 0., 0., 1. ]
mean-rme4: 1.8242768989913945e-03
max-rme4: 7.8599319315652560e-03
Hcamera2end5: !!opencv-matrix
   rows: 4
   cols: 4
   dt: d
   data: [ 9.9995466442894754e-01, -7.1491623521468565e-03,
       6.2895599570608491e-03, -1.4894841966778496e-02,
       -6.3673178256413781e-03, -1.0906282282935331e-02,
       9.9992025195536094e-01, 2.7564376248312150e-02,
       -7.0799965041013126e-03, -9.9991496762696164e-01,
       -1.0951308829283191e-02, 3.2879531078265120e-02, 0., 0., 0., 1. ]
Hobj2base5: !!opencv-matrix
   rows: 4
   cols: 4
   dt: d
   data: [ 9.9990720664778321e-01, -8.7520511646885461e-03,
       1.0439333993983401e-02, -7.2952473544936902e-01,
       -8.7869407568734927e-03, -9.9995594570860979e-01,
       3.3009565484270640e-03, 9.3790029322714213e-02,
       1.0409983955917464e-02, -3.3923800509497613e-03,
       -9.9994006019942372e-01, 2.0423977589900666e-04, 0., 0., 0., 1. ]
mean-rme5: 1.8082721461628768e-03
max-rme5: 8.3998447624526185e-03
Hcamera2end6: !!opencv-matrix
   rows: 4
   cols: 4
   dt: d
   data: [ 9.9995316781175203e-01, -7.3943830915695376e-03,
       6.2438194990962013e-03, -1.4967553588286204e-02,
       -6.3218865650479551e-03, -1.0581728833740645e-02,
       9.9992402749666331e-01, 2.7398633795752889e-02,
       -7.3277509169491824e-03, -9.9991667158497977e-01,
       -1.0627979719347369e-02, 3.2750770285604178e-02, 0., 0., 0., 1. ]
Hobj2base6: !!opencv-matrix
   rows: 4
   cols: 4
   dt: d
   data: [ 9.9991018347543004e-01, -8.5802961987166276e-03,
       1.0295800079360054e-02, -7.2965093742578135e-01,
       -8.6152759098817103e-03, -9.9995724970041677e-01,
       3.3579446950373379e-03, 9.3618740237085982e-02,
       1.0266547770719885e-02, -3.4463442545118006e-03,
       -9.9994135863467060e-01, 4.0480991644778935e-04, 0., 0., 0., 1. ]
mean-rme6: 1.7143460046696259e-03
max-rme6: 8.4944175013247358e-03
Hcamera2end7: !!opencv-matrix
   rows: 4
   cols: 4
   dt: d
   data: [ 9.9995625015232859e-01, -6.7184497513075557e-03,
       6.5084724961255577e-03, -1.4856808718847604e-02,
       -6.5805904507269409e-03, -1.0768610467433382e-02,
       9.9992036325795464e-01, 2.7996823974904005e-02,
       -6.6478275108089865e-03, -9.9991944648633535e-01,
       -1.0812350708642837e-02, 3.2696837598530648e-02, 0., 0., 0., 1. ]
Hobj2base7: !!opencv-matrix
   rows: 4
   cols: 4
   dt: d
   data: [ 9.9991494602402164e-01, -8.5351745927740516e-03,
       9.8616181455550289e-03, -7.2962265580210517e-01,
       -8.5767231900061754e-03, -9.9995448860854830e-01,
       4.1785800147337111e-03, 9.3614906751532237e-02,
       9.8255044196156258e-03, -4.2628049789294820e-03,
       -9.9994264233335528e-01, -9.0143381256688405e-05, 0., 0., 0., 1. ]
mean-rme7: 1.6699996158815987e-03
max-rme7: 8.7362231260894596e-03
Hcamera2end8: !!opencv-matrix
   rows: 4
   cols: 4
   dt: d
   data: [ 9.9995383710537766e-01, -7.1995345702793624e-03,
       6.3632036116457579e-03, -1.4836556257419073e-02,
       -6.4391139420597685e-03, -1.0570196410303545e-02,
       9.9992340144607506e-01, 2.8305421880756451e-02,
       -7.1317227843684990e-03, -9.9991821548055559e-01,
       -1.0616067082868330e-02, 3.2714231679737769e-02, 0., 0., 0., 1. ]
Hobj2base8: !!opencv-matrix
   rows: 4
   cols: 4
   dt: d
   data: [ 9.9991602782311129e-01, -8.6609266619628433e-03,
       9.6397952160348806e-03, -7.3009442851855588e-01,
       -8.7051393813352539e-03, -9.9995173961284411e-01,
       4.5540085197298807e-03, 9.3673340435373564e-02,
       9.5998880619783192e-03, -4.6375418706840216e-03,
       -9.9994316606224909e-01, -1.0871998430642127e-04, 0., 0., 0., 1. ]
mean-rme8: 1.7484381807843666e-03
max-rme8: 8.6374703362303712e-03
Hcamera2end9: !!opencv-matrix
   rows: 4
   cols: 4
   dt: d
   data: [ 9.9994547098405084e-01, -8.5744003670431036e-03,
       5.9611003036642704e-03, -1.5499102252807425e-02,
       -6.0519198109440092e-03, -1.0605279418792524e-02,
       9.9992544837855346e-01, 2.8686101650591642e-02,
       -8.5105419972290007e-03, -9.9990699952885376e-01,
       -1.0656592706790313e-02, 3.2702536575322322e-02, 0., 0., 0., 1. ]
Hobj2base9: !!opencv-matrix
   rows: 4
   cols: 4
   dt: d
   data: [ 9.9990548733890128e-01, -9.0332762195778626e-03,
       1.0364184014922390e-02, -7.2979092976830606e-01,
       -9.0792376496982297e-03, -9.9994911917328455e-01,
       4.3961924745595177e-03, 9.3118765246091389e-02,
       1.0323944655734352e-02, -4.4898758684267280e-03,
       -9.9993662658262106e-01, -7.5459370904900074e-04, 0., 0., 0., 1. ]
mean-rme9: 1.8550557776351355e-03
max-rme9: 8.3561901295798047e-03
Hcamera2end10: !!opencv-matrix
   rows: 4
   cols: 4
   dt: d
   data: [ 9.9996985375059022e-01, -5.7057192183998535e-03,
       5.2665318971798726e-03, -1.5181150668956140e-02,
       -5.3204563630881441e-03, -9.4773581625706704e-03,
       9.9994093446880494e-01, 2.9080016121738678e-02,
       -5.6554693979991915e-03, -9.9993881035314314e-01,
       -9.5074294858892294e-03, 3.2572129513966812e-02, 0., 0., 0., 1. ]
Hobj2base10: !!opencv-matrix
   rows: 4
   cols: 4
   dt: d
   data: [ 9.9993340896126892e-01, -6.0805216342171599e-03,
       9.8084096443553908e-03, -7.3012897949866340e-01,
       -6.1220623761135060e-03, -9.9997239451767528e-01,
       4.2107665394881429e-03, 9.2806261242762408e-02,
       9.7825352214363243e-03, -4.2705338358236412e-03,
       -9.9994303064994594e-01, -1.0239801458981450e-03, 0., 0., 0., 1. ]
mean-rme10: 1.9965183251079450e-03
max-rme10: 8.1889768985513173e-03
Hcamera2end11: !!opencv-matrix
   rows: 4
   cols: 4
   dt: d
   data: [ 9.9996729134195084e-01, -6.3181545019095099e-03,
       5.0494722429256945e-03, -1.5489034405222139e-02,
       -5.1074116146306997e-03, -9.1880183725252529e-03,
       9.9994474580597947e-01, 2.8603078351269833e-02,
       -6.2714107536352530e-03, -9.9993782868840209e-01,
       -9.2199872604603605e-03, 3.2591002254273083e-02, 0., 0., 0., 1. ]
Hobj2base11: !!opencv-matrix
   rows: 4
   cols: 4
   dt: d
   data: [ 9.9993294512364239e-01, -6.7853639980236030e-03,
       9.3842470008585512e-03, -7.3025360499324021e-01,
       -6.8260685781211172e-03, -9.9996740373702764e-01,
       4.3123370919945685e-03, 9.2711732299899874e-02,
       9.3546803326241511e-03, -4.3761054423459402e-03,
       -9.9994666840638646e-01, -3.8801411813915070e-04, 0., 0., 0., 1. ]
mean-rme11: 1.9959907066357556e-03
max-rme11: 7.8641275837355168e-03
Hcamera2end12: !!opencv-matrix
   rows: 4
   cols: 4
   dt: d
   data: [ 9.9996097164716313e-01, -7.6207381077149083e-03,
       4.4698471064537034e-03, -1.4866097384023887e-02,
       -4.5229706433722351e-03, -6.9679927621466575e-03,
       9.9996549431139159e-01, 2.8094312123959447e-02,
       -7.5893292866131253e-03, -9.9994668429249778e-01,
       -7.0021891876084208e-03, 3.2102802652576853e-02, 0., 0., 0., 1. ]
Hobj2base12: !!opencv-matrix
   rows: 4
   cols: 4
   dt: d
   data: [ 9.9994132481065467e-01, -7.9956618093206238e-03,
       7.3086474907318932e-03, -7.3032818948998790e-01,
       -8.0235141147625786e-03, -9.9996063058246931e-01,
       3.7895258753940265e-03, 9.3376592751095056e-02,
       7.2780599862199260e-03, -3.8479445605474703e-03,
       -9.9996611100851607e-01, 3.6011365513056542e-04, 0., 0., 0., 1. ]
mean-rme12: 2.0788487866819348e-03
max-rme12: 7.4771384884846775e-03
Hcamera2end13: !!opencv-matrix
   rows: 4
   cols: 4
   dt: d
   data: [ 9.9996971926913047e-01, -6.7479033472911632e-03,
       3.8763830089413804e-03, -1.4506498767782190e-02,
       -3.9272769158149859e-03, -7.5453403985312750e-03,
       9.9996382151270713e-01, 2.7995614437855944e-02,
       -6.7184105890381136e-03, -9.9994876550685641e-01,
       -7.5716128051552811e-03, 3.1915117408037409e-02, 0., 0., 0., 1. ]
Hobj2base13: !!opencv-matrix
   rows: 4
   cols: 4
   dt: d
   data: [ 9.9994378723113875e-01, -7.1743923387186702e-03,
       7.8070783534694710e-03, -7.3005137888486227e-01,
       -7.1983086538174651e-03, -9.9996947200836295e-01,
       3.0396387679412240e-03, 9.3157188602096153e-02,
       7.7850324579575997e-03, -3.0956656611025499e-03,
       -9.9996490444602237e-01, 3.9664472679621245e-05, 0., 0., 0., 1. ]
mean-rme13: 2.1116676440493319e-03
max-rme13: 7.5365736135976913e-03
Hcamera2end14: !!opencv-matrix
   rows: 4
   cols: 4
   dt: d
   data: [ 9.9997523150321665e-01, -6.1845224098620467e-03,
       3.3597712199020971e-03, -1.4366141493979401e-02,
       -3.4066572997020149e-03, -7.5863386357644114e-03,
       9.9996542047820136e-01, 2.8009562025586125e-02,
       -6.1588201898216885e-03, -9.9995209842705246e-01,
       -7.6072192819729434e-03, 3.1956362097084141e-02, 0., 0., 0., 1. ]
Hobj2base14: !!opencv-matrix
   rows: 4
   cols: 4
   dt: d
   data: [ 9.9994794457650538e-01, -6.7385514357293655e-03,
       7.6615965549082666e-03, -7.3012545005117313e-01,
       -6.7598410005607996e-03, -9.9997335347647653e-01,
       2.7562450284872673e-03, 9.3198699804796420e-02,
       7.6428193011015035e-03, -2.8078927255066784e-03,
       -9.9996685097635751e-01, 3.5644587250960316e-05, 0., 0., 0., 1. ]
mean-rme14: 2.0977923837552782e-03
max-rme14: 7.1900023044070838e-03
Hcamera2end15: !!opencv-matrix
   rows: 4
   cols: 4
   dt: d
   data: [ 9.9997890657628752e-01, -5.6215255957856591e-03,
       3.2534370238758862e-03, -1.4343202466229409e-02,
       -3.2935986482564104e-03, -7.1498308193003179e-03,
       9.9996901558358287e-01, 2.8175566392732374e-02,
       -5.5980898917937392e-03, -9.9995863832922194e-01,
       -7.1681950539927985e-03, 3.1984965113095030e-02, 0., 0., 0., 1. ]
Hobj2base15: !!opencv-matrix
   rows: 4
   cols: 4
   dt: d
   data: [ 9.9995400034242254e-01, -5.8302902831100858e-03,
       7.6160957452608927e-03, -7.3015593825983649e-01,
       -5.8517186846371548e-03, -9.9997897436053784e-01,
       2.7943201824937353e-03, 9.3116131147381723e-02,
       7.5996439141697535e-03, -2.8387588944987076e-03,
       -9.9996709288871921e-01, -9.5960347317968788e-05, 0., 0., 0., 1. ]
mean-rme15: 2.1643528441369670e-03
max-rme15: 7.1620039237261096e-03
Hcamera2end16: !!opencv-matrix
   rows: 4
   cols: 4
   dt: d
   data: [ 9.9997907920040885e-01, -5.6446636058941251e-03,
       3.1589451211881010e-03, -1.4190625985954474e-02,
       -3.1990778453516141e-03, -7.1150247727522764e-03,
       9.9996957069873993e-01, 2.8223637197183887e-02,
       -5.6220158699317319e-03, -9.9995875624710595e-01,
       -7.1329336390308917e-03, 3.1971739162233621e-02, 0., 0., 0., 1. ]
Hobj2base16: !!opencv-matrix
   rows: 4
   cols: 4
   dt: d
   data: [ 9.9995424648162290e-01, -5.6484598832683402e-03,
       7.7200935432771107e-03, -7.3022023038049477e-01,
       -5.6693642896268378e-03, -9.9998031468905735e-01,
       2.6885949720784597e-03, 9.2966866398828771e-02,
       7.7047551499930681e-03, -2.7322399820458297e-03,
       -9.9996658524810611e-01, -1.4560634738618815e-04, 0., 0., 0., 1. ]
mean-rme16: 2.1600600040139212e-03
max-rme16: 7.3976798847120440e-03
Hcamera2end17: !!opencv-matrix
   rows: 4
   cols: 4
   dt: d
   data: [ 9.9998491841103798e-01, -4.3891274762185867e-03,
       3.3012892128915713e-03, -1.4229143195377924e-02,
       -3.3264326891690628e-03, -5.7336769057070303e-03,
       9.9997802965600457e-01, 2.8781077851461157e-02,
       -4.3701025198590784e-03, -9.9997392991474454e-01,
       -5.7481905698626434e-03, 3.3486098450795705e-02, 0., 0., 0., 1. ]
Hobj2base17: !!opencv-matrix
   rows: 4
   cols: 4
   dt: d
   data: [ 9.9996900128648503e-01, -4.5708702006062498e-03,
       6.4112098482975279e-03, -7.3237691964923346e-01,
       -4.5896526553597140e-03, -9.9998521013038300e-01,
       2.9179802943028786e-03, 9.2889214108574078e-02,
       6.3977773181665950e-03, -2.9473150669720007e-03,
       -9.9997519058188833e-01, -4.9489990796501755e-04, 0., 0., 0., 1. ]
mean-rme17: 2.2645644028738850e-03
max-rme17: 7.4023927376610510e-03
Hcamera2end18: !!opencv-matrix
   rows: 4
   cols: 4
   dt: d
   data: [ 9.9998524745386752e-01, -4.2447101127604039e-03,
       3.3892935378937120e-03, -1.4272798329189694e-02,
       -3.4121917919589790e-03, -5.3989656483439674e-03,
       9.9997960385054996e-01, 2.8855485234495448e-02,
       -4.2263248576353300e-03, -9.9997641652490321e-01,
       -5.4133697648601764e-03, 3.3483167586689122e-02, 0., 0., 0., 1. ]
Hobj2base18: !!opencv-matrix
   rows: 4
   cols: 4
   dt: d
   data: [ 9.9997163272140066e-01, -4.4740339939951029e-03,
       6.0594366336184924e-03, -7.3261579638127527e-01,
       -4.4922132418456140e-03, -9.9998544022843872e-01,
       2.9898748009585369e-03, 9.2852942111900760e-02,
       6.0459716081080386e-03, -3.0170102678307464e-03,
       -9.9997717167761269e-01, -3.9018194663284950e-04, 0., 0., 0., 1. ]
mean-rme18: 2.2238119374399950e-03
max-rme18: 7.4461469551027754e-03
Hcamera2end19: !!opencv-matrix
   rows: 4
   cols: 4
   dt: d
   data: [ 9.9998507736644360e-01, -4.2353876023580612e-03,
       3.4505849193519895e-03, -1.4744242214260836e-02,
       -3.4725807068684330e-03, -5.1970146619457758e-03,
       9.9998046592012901e-01, 2.8900248180371940e-02,
       -4.2173721275401907e-03, -9.9997752601269085e-01,
       -5.2116448340744359e-03, 3.3557375508374732e-02, 0., 0., 0., 1. ]
Hobj2base19: !!opencv-matrix
   rows: 4
   cols: 4
   dt: d
   data: [ 9.9997143167608704e-01, -4.8668704422382110e-03,
       5.7835459516942054e-03, -7.3276251535495329e-01,
       -4.8861765366598536e-03, -9.9998252243611407e-01,
       3.3286785905257319e-03, 9.2467766691652992e-02,
       5.7672446219564077e-03, -3.3568429222854174e-03,
       -9.9997773499966747e-01, -2.4528917718470879e-04, 0., 0., 0., 1. ]
mean-rme19: 2.1819830328354494e-03
max-rme19: 7.3954776610329481e-03
Hcamera2end20: !!opencv-matrix
   rows: 4
   cols: 4
   dt: d
   data: [ 9.9998614334458857e-01, -4.2856234293101791e-03,
       3.0572128872847749e-03, -1.4595325786615338e-02,
       -3.0798674721666400e-03, -5.2895871167009112e-03,
       9.9998126716678482e-01, 2.8970708770672024e-02,
       -4.2693717535396605e-03, -9.9997682658147491e-01,
       -5.3027129729128486e-03, 3.3759221193243129e-02, 0., 0., 0., 1. ]
Hobj2base20: !!opencv-matrix
   rows: 4
   cols: 4
   dt: d
   data: [ 9.9997177770407109e-01, -4.9427045444295848e-03,
       5.6580444630832923e-03, -7.3294146012976202e-01,
       -4.9598489776791236e-03, -9.9998313934115846e-01,
       3.0200879986888945e-03, 9.2490666646765585e-02,
       5.6430216620501931e-03, -3.0480658109175505e-03,
       -9.9997943258915778e-01, -2.1271808732436630e-04, 0., 0., 0., 1. ]
mean-rme20: 2.1619733890386864e-03
max-rme20: 7.2238685752959164e-03
Hcamera2end21: !!opencv-matrix
   rows: 4
   cols: 4
   dt: d
   data: [ 9.9998562549693792e-01, -4.6099746882667138e-03,
       2.7380527517668818e-03, -1.5184429706845245e-02,
       -2.7600898259024327e-03, -4.7807461486719660e-03,
       9.9998476306912543e-01, 2.8759770346078642e-02,
       -4.5968145112531850e-03, -9.9997794605662960e-01,
       -4.7934013720565272e-03, 3.3514110470385078e-02, 0., 0., 0., 1. ]
Hobj2base21: !!opencv-matrix
   rows: 4
   cols: 4
   dt: d
   data: [ 9.9997330122733796e-01, -4.9638788885361697e-03,
       5.3625310143274778e-03, -7.3273901578669176e-01,
       -4.9792424731758267e-03, -9.9998352665114032e-01,
       2.8554458043325731e-03, 9.1744669828357342e-02,
       5.3482685883378218e-03, -2.8820709096244565e-03,
       -9.9998154467489009e-01, -1.3666088192903019e-04, 0., 0., 0., 1. ]
mean-rme21: 2.2201164054913426e-03
max-rme21: 7.1674299125745605e-03
Hcamera2end22: !!opencv-matrix
   rows: 4
   cols: 4
   dt: d
   data: [ 9.9998492547978557e-01, -4.7652266578948116e-03,
       2.7278981078008701e-03, -1.4276168597063961e-02,
       -2.7466235195047284e-03, -3.9274808534826011e-03,
       9.9998851541074585e-01, 2.8215596093367386e-02,
       -4.7544581636353028e-03, -9.9998093357275775e-01,
       -3.9405099322074033e-03, 3.3077425374957205e-02, 0., 0., 0., 1. ]
Hobj2base22: !!opencv-matrix
   rows: 4
   cols: 4
   dt: d
   data: [ 9.9997418965929108e-01, -5.3662591976292888e-03,
       4.7773713973356426e-03, -7.3245123058234685e-01,
       -5.3798381305291262e-03, -9.9998151259434276e-01,
       2.8340450279688784e-03, 9.2813060061860089e-02,
       4.7620748559348090e-03, -2.8596733651082076e-03,
       -9.9998457233664961e-01, 2.8454307935608144e-04, 0., 0., 0., 1. ]
mean-rme22: 2.3371701251513190e-03
max-rme22: 7.0053533228877918e-03
Hcamera2end23: !!opencv-matrix
   rows: 4
   cols: 4
   dt: d
   data: [ 9.9998688610430897e-01, -4.4899531707073273e-03,
       2.4633188857058428e-03, -1.4133084390004552e-02,
       -2.4816400741758818e-03, -4.0794918732283136e-03,
       9.9998859953931396e-01, 2.8241768528944736e-02,
       -4.4798528937973160e-03, -9.9998159886398963e-01,
       -4.0905808229170226e-03, 3.3313069553262270e-02, 0., 0., 0., 1. ]
Hobj2base23: !!opencv-matrix
   rows: 4
   cols: 4
   dt: d
   data: [ 9.9997494602448622e-01, -5.0238433717530364e-03,
       4.9868147250488760e-03, -7.3258106687840419e-01,
       -5.0370440271845784e-03, -9.9998383420055381e-01,
       2.6380911711314419e-03, 9.2759114796221009e-02,
       4.9734807523579873e-03, -2.6631438817853207e-03,
       -9.9998408595030686e-01, 3.1748913686064571e-04, 0., 0., 0., 1. ]
mean-rme23: 2.3142299701828031e-03
max-rme23: 6.9763059092569218e-03
Hcamera2end24: !!opencv-matrix
   rows: 4
   cols: 4
   dt: d
   data: [ 9.9998756806235722e-01, -3.9773449623547921e-03,
       3.0073988400088130e-03, -1.4782994888656925e-02,
       -3.0239619922770530e-03, -4.1649375550532053e-03,
       9.9998675438679274e-01, 2.7917123505291404e-02,
       -3.9647666516100530e-03, -9.9998341687360648e-01,
       -4.1769131168054585e-03, 3.3161299111562605e-02, 0., 0., 0., 1. ]
Hobj2base24: !!opencv-matrix
   rows: 4
   cols: 4
   dt: d
   data: [ 9.9997576475275296e-01, -4.5457018459003498e-03,
       5.2731870699906274e-03, -7.3237089975728742e-01,
       -4.5619243180440852e-03, -9.9998488655634143e-01,
       3.0684695562547765e-03, 9.2222431242410599e-02,
       5.2591590262489876e-03, -3.0924510714645968e-03,
       -9.9998138882316567e-01, 5.2913175912885175e-04, 0., 0., 0., 1. ]
mean-rme24: 2.3119072978267266e-03
max-rme24: 7.2380588042344068e-03
