%YAML:1.0
---
Hcamera2end0: !!opencv-matrix
   rows: 4
   cols: 4
   dt: d
   data: [ 9.9999731377286349e-01, -1.8894193921889194e-03,
       1.3425875828702027e-03, -1.3124156901259466e-02,
       -1.3390490022861838e-03, 1.8728606703241057e-03,
       9.9999734966682730e-01, 2.8219642152686211e-02,
       -1.8919288640784505e-03, -9.9999646123737351e-01,
       1.8703256142429403e-03, 3.5295691067711035e-02, 0., 0., 0., 1. ]
Hobj2base0: !!opencv-matrix
   rows: 4
   cols: 4
   dt: d
   data: [ 9.9999330003632703e-01, -1.2507073861957069e-03,
       -3.4402926460632998e-03, -7.3780009102993482e-01,
       -1.2445712302674185e-03, -9.9999763208911041e-01,
       1.7851774771857727e-03, 9.4798566743289306e-02,
       -3.4425172344132661e-03, -1.7808838273105346e-03,
       -9.9999248873573277e-01, 2.0262032121261264e-03, 0., 0., 0., 1. ]
mean-rme0: 1.3109933734097485e-03
max-rme0: 3.8340964708034331e-03
Hcamera2end1: !!opencv-matrix
   rows: 4
   cols: 4
   dt: d
   data: [ 9.9999962963080158e-01, -6.3313560560767106e-04,
       -5.8299019255301241e-04, -1.2606376745390363e-02,
       5.8406052945258861e-04, 1.6916663528346865e-03,
       9.9999839856784201e-01, 2.8445574482479603e-02,
       -6.3214836679117742e-04, -9.9999836870079717e-01,
       1.6920355158106526e-03, 3.3749228171861115e-02, 0., 0., 0., 1. ]
Hobj2base1: !!opencv-matrix
   rows: 4
   cols: 4
   dt: d
   data: [ 9.9999238451183792e-01, -1.4375950585390459e-03,
       -3.6282556106533095e-03, -7.3602994223800189e-01,
       -1.4375415697664229e-03, -9.9999896658607046e-01,
       1.7350134451989020e-05, 9.4509274145739355e-02,
       -3.6282768036309731e-03, -1.2134234056193102e-05,
       -9.9999341770843553e-01, 1.9561126244742122e-03, 0., 0., 0., 1. ]
mean-rme1: 1.3747366725931800e-03
max-rme1: 3.8841993954198267e-03
Hcamera2end2: !!opencv-matrix
   rows: 4
   cols: 4
   dt: d
   data: [ 9.9999562851385848e-01, -2.9545507384248237e-03,
       1.1654658793441982e-04, -1.8235781087901224e-02,
       -1.2207210863265840e-04, -1.8700615452937885e-03,
       9.9999824398256687e-01, 3.1182903697944610e-02,
       -2.9543276008898883e-03, -9.9999388673118961e-01,
       -1.8704140385843449e-03, 3.4937156596499930e-02, 0., 0., 0., 1. ]
Hobj2base2: !!opencv-matrix
   rows: 4
   cols: 4
   dt: d
   data: [ 9.9999289624222709e-01, -3.7027465717592981e-03,
       -7.0507652623478406e-04, -7.3608626923974485e-01,
       -3.7027639509301081e-03, -9.9999314447357124e-01,
       -2.3344855459123917e-05, 8.8981618174279853e-02,
       -7.0498525248050481e-04, 2.5955421566914679e-05,
       -9.9999975116102369e-01, -4.5762245649930838e-04, 0., 0., 0., 1. ]
mean-rme2: 1.8058630077823126e-03
max-rme2: 4.9933554252511447e-03
Hcamera2end3: !!opencv-matrix
   rows: 4
   cols: 4
   dt: d
   data: [ 9.9998183056271395e-01, -5.9909745959003712e-03,
       -6.6840693819437795e-04, -1.8112301787313701e-02,
       6.6770346351968657e-04, -1.1942175616463935e-04,
       9.9999976995523776e-01, 3.1511194313723886e-02,
       -5.9910530400384384e-03, -9.9998204681975922e-01,
       -1.1541939185111261e-04, 3.5687583217282833e-02, 0., 0., 0., 1. ]
Hobj2base3: !!opencv-matrix
   rows: 4
   cols: 4
   dt: d
   data: [ 9.9997758887330457e-01, -6.4353849512903839e-03,
       -1.8459609044990065e-03, -7.3710273458837372e-01,
       -6.4369259419457675e-03, -9.9997893826433093e-01,
       -8.3006756297317262e-04, 8.9304405328174907e-02,
       -1.8405802210550691e-03, 8.4193127385784035e-04,
       -9.9999795170599204e-01, -6.6268568632323521e-04, 0., 0., 0., 1. ]
mean-rme3: 1.6886736595885022e-03
max-rme3: 5.0968391620175163e-03
Hcamera2end4: !!opencv-matrix
   rows: 4
   cols: 4
   dt: d
   data: [ 9.9999127658495335e-01, -4.1602343441603917e-03,
       3.7310078665288814e-04, -1.8544990707903251e-02,
       -3.7011692644012295e-04, 7.1798050983029604e-04,
       9.9999967375867105e-01, 3.1091278611843180e-02,
       -4.1605008660130288e-03, -9.9999108843738671e-01,
       7.1643447343949784e-04, 3.5137198413989122e-02, 0., 0., 0., 1. ]
Hobj2base4: !!opencv-matrix
   rows: 4
   cols: 4
   dt: d
   data: [ 9.9998644264522529e-01, -4.6013231820744935e-03,
       -2.4376937300922275e-03, -7.3683697622585564e-01,
       -4.5990143084865057e-03, -9.9998897140152931e-01,
       9.5191528046715103e-04, 8.9029136048999244e-02,
       -2.4420469155942686e-03, -9.4069138666957614e-04,
       -9.9999657574742540e-01, -3.3514761311052578e-04, 0., 0., 0., 1. ]
mean-rme4: 1.7476857629455304e-03
max-rme4: 5.4216139205501834e-03
Hcamera2end5: !!opencv-matrix
   rows: 4
   cols: 4
   dt: d
   data: [ 9.9998714500881969e-01, -4.2671556682677301e-03,
       2.7388317970681812e-03, -1.9308565026328953e-02,
       -2.7381984763845384e-03, 1.5425265378110620e-04,
       9.9999623923053960e-01, 3.1407844515223202e-02,
       -4.2675620925519677e-03, -9.9999088375275769e-01,
       1.4256635171516763e-04, 3.5478394179038746e-02, 0., 0., 0., 1. ]
Hobj2base5: !!opencv-matrix
   rows: 4
   cols: 4
   dt: d
   data: [ 9.9998406741134027e-01, -5.4394055694954374e-03,
       -1.5092350786221731e-03, -7.3699091043588527e-01,
       -5.4353735530335611e-03, -9.9998168260380904e-01,
       2.6629253076446788e-03, 8.8755334719131676e-02,
       -1.5236921641148453e-03, -2.6546796239194674e-03,
       -9.9999531550816956e-01, -3.5460639793381696e-04, 0., 0., 0., 1. ]
mean-rme5: 1.9706401825074159e-03
max-rme5: 7.4616865900800355e-03
Hcamera2end6: !!opencv-matrix
   rows: 4
   cols: 4
   dt: d
   data: [ 9.9998249834494257e-01, -5.1556962019022236e-03,
       2.9020338524331918e-03, -1.9534565326827211e-02,
       -2.9004066982368341e-03, 3.2305204091331863e-04,
       9.9999574163011518e-01, 3.2278503559264315e-02,
       -5.1566117549996099e-03, -9.9998665712801038e-01,
       3.0809277116994327e-04, 3.5316798922844651e-02, 0., 0., 0., 1. ]
Hobj2base6: !!opencv-matrix
   rows: 4
   cols: 4
   dt: d
   data: [ 9.9997996875639317e-01, -6.1279609487490481e-03,
       -1.5843549392261611e-03, -7.3713692763089878e-01,
       -6.1239588706752963e-03, -9.9997807657688687e-01,
       2.5186292580244786e-03, 8.8970141282712231e-02,
       -1.5997542664800185e-03, -2.5088762822638839e-03,
       -9.9999557315324461e-01, -1.2025146948793225e-03, 0., 0., 0., 1. ]
mean-rme6: 1.9224157392781253e-03
max-rme6: 7.6428792864547679e-03
Hcamera2end7: !!opencv-matrix
   rows: 4
   cols: 4
   dt: d
   data: [ 9.9997615873992296e-01, -6.3529569825360090e-03,
       2.7058989867561186e-03, -1.9905047349398290e-02,
       -2.7002459351030822e-03, 8.9823880584216642e-04,
       9.9999595091127125e-01, 3.1184287121598892e-02,
       -6.3553618023240903e-03, -9.9997941634046938e-01,
       8.8106284442923677e-04, 3.5428905313996131e-02, 0., 0., 0., 1. ]
Hobj2base7: !!opencv-matrix
   rows: 4
   cols: 4
   dt: d
   data: [ 9.9997017221173501e-01, -7.3943698947099160e-03,
       -2.2311388780839997e-03, -7.3711757472848383e-01,
       -7.3884265855712070e-03, -9.9996916627061050e-01,
       2.6603873118267703e-03, 8.9074278518482611e-02,
       -2.2507419715984433e-03, -2.6438233525543928e-03,
       -9.9999397216116104e-01, 8.4144083864047853e-05, 0., 0., 0., 1. ]
mean-rme7: 1.9229603409897575e-03
max-rme7: 7.9473427224115156e-03
Hcamera2end8: !!opencv-matrix
   rows: 4
   cols: 4
   dt: d
   data: [ 9.9997102236116953e-01, -7.2005142182214286e-03,
       2.4712411761262380e-03, -2.0069941525408343e-02,
       -2.4686380709064266e-03, 3.7038200838346302e-04,
       9.9999688431676759e-01, 3.1139111747423308e-02,
       -7.2014070869700283e-03, -9.9997400736827202e-01,
       3.5259581205815405e-04, 3.5296745995680084e-02, 0., 0., 0., 1. ]
Hobj2base8: !!opencv-matrix
   rows: 4
   cols: 4
   dt: d
   data: [ 9.9996556920344992e-01, -8.0846557314133670e-03,
       -1.8704944065511193e-03, -7.3670302136301802e-01,
       -8.0789083976024190e-03, -9.9996268297783408e-01,
       3.0600475281574238e-03, 8.9296031370671450e-02,
       -1.8951640360568044e-03, -3.0448306153147940e-03,
       -9.9999356865921918e-01, -1.3344757474123163e-04, 0., 0., 0., 1. ]
mean-rme8: 1.9344836292679128e-03
max-rme8: 8.3182557969671833e-03
Hcamera2end9: !!opencv-matrix
   rows: 4
   cols: 4
   dt: d
   data: [ 9.9997209234448448e-01, -7.0919931359914937e-03,
       2.3490775961868141e-03, -2.0256876726989618e-02,
       -2.3473838324444257e-03, 2.4714209146559085e-04,
       9.9999721435108502e-01, 3.0964618408123631e-02,
       -7.0925539361386463e-03, -9.9997482096008083e-01,
       2.3048756428201145e-04, 3.5270285542112825e-02, 0., 0., 0., 1. ]
Hobj2base9: !!opencv-matrix
   rows: 4
   cols: 4
   dt: d
   data: [ 9.9996719138530921e-01, -8.0072931543434915e-03,
       -1.2245037022212751e-03, -7.3659777255191128e-01,
       -8.0032850623189856e-03, -9.9996271177812046e-01,
       3.2438374742143720e-03, 8.8993549128250096e-02,
       -1.2504324002566140e-03, -3.2339309962118191e-03,
       -9.9999398903649617e-01, -9.8433031937683602e-05, 0., 0., 0., 1. ]
mean-rme9: 1.8466037075874407e-03
max-rme9: 8.2931581040539826e-03
Hcamera2end10: !!opencv-matrix
   rows: 4
   cols: 4
   dt: d
   data: [ 9.9997193006357199e-01, -6.6897710450815077e-03,
       3.3743219021268385e-03, -2.0901596494383442e-02,
       -3.3646349612079648e-03, 1.4587488445826358e-03,
       9.9999327561908458e-01, 3.0073529167365838e-02,
       -6.6946483486887420e-03, -9.9997655923285178e-01,
       1.4361992600545603e-03, 3.5031201268222317e-02, 0., 0., 0., 1. ]
Hobj2base10: !!opencv-matrix
   rows: 4
   cols: 4
   dt: d
   data: [ 9.9997113349118483e-01, -7.3900863444486993e-03,
       -1.7660147724561849e-03, -7.3674547667971568e-01,
       -7.3830295508167040e-03, -9.9996486617898994e-01,
       3.9695443424747016e-03, 8.8474287994590700e-02,
       -1.7952880010482740e-03, -3.9563912163357254e-03,
       -9.9999056191022984e-01, 9.5641841299174551e-04, 0., 0., 0., 1. ]
mean-rme10: 1.9140040034833388e-03
max-rme10: 7.9733768124621573e-03
Hcamera2end11: !!opencv-matrix
   rows: 4
   cols: 4
   dt: d
   data: [ 9.9996633523186407e-01, -6.7511502589885433e-03,
       4.6637295307402184e-03, -1.9990234358012955e-02,
       -4.6629804376017610e-03, 1.2669410666166225e-04,
       9.9998912022183606e-01, 3.1117597095471926e-02,
       -6.7516676750179827e-03, -9.9997720269953350e-01,
       9.5209359945003236e-05, 3.4752061904802414e-02, 0., 0., 0., 1. ]
Hobj2base11: !!opencv-matrix
   rows: 4
   cols: 4
   dt: d
   data: [ 9.9997331327388939e-01, -7.2850546190308492e-03,
       -5.4837873564671062e-04, -7.3610386133568462e-01,
       -7.2823052469759867e-03, -9.9996167862936280e-01,
       4.8589405260870315e-03, 8.9602737010179498e-02,
       -5.8375536814509908e-04, -4.8548173955280929e-03,
       -9.9998804491740079e-01, -5.8730515493135734e-04, 0., 0., 0., 1. ]
mean-rme11: 2.0868139261004319e-03
max-rme11: 7.4309357337572213e-03
Hcamera2end12: !!opencv-matrix
   rows: 4
   cols: 4
   dt: d
   data: [ 9.9996703492752514e-01, -6.5016317887734822e-03,
       4.8639328055554631e-03, -1.9746591934208087e-02,
       -4.8647919107445087e-03, -1.1632858502585997e-04,
       9.9998816006357061e-01, 3.0977878169126106e-02,
       -6.5009889954454848e-03, -9.9997885740236703e-01,
       -1.4795383597809852e-04, 3.4744048903922582e-02, 0., 0., 0., 1. ]
Hobj2base12: !!opencv-matrix
   rows: 4
   cols: 4
   dt: d
   data: [ 9.9997688549898311e-01, -6.7979132327919013e-03,
       1.2978225259068125e-04, -7.3592325660311164e-01,
       -6.7984924546574000e-03, -9.9996357659482871e-01,
       5.1600372113499776e-03, 8.9888795257389284e-02,
       9.4700040238376444e-05, -5.1608002633295952e-03,
       -9.9998667849754108e-01, -6.1378344480155715e-04, 0., 0., 0., 1. ]
mean-rme12: 2.0369394625222863e-03
max-rme12: 7.6115407947229818e-03
Hcamera2end13: !!opencv-matrix
   rows: 4
   cols: 4
   dt: d
   data: [ 9.9996467444368775e-01, -6.7949993080295805e-03,
       4.9475093868907539e-03, -1.9769552852784898e-02,
       -4.9444959583868717e-03, 4.6020502561594512e-04,
       9.9998767000951172e-01, 3.0878801249940944e-02,
       -6.7971923944368734e-03, -9.9997680782893095e-01,
       4.2659092200159066e-04, 3.4551900616669982e-02, 0., 0., 0., 1. ]
Hobj2base13: !!opencv-matrix
   rows: 4
   cols: 4
   dt: d
   data: [ 9.9997408427111356e-01, -7.1921189336668512e-03,
       -3.2281789261054611e-04, -7.3584244443330682e-01,
       -7.1903636443563443e-03, -9.9996091853734903e-01,
       5.1439351282306688e-03, 8.9908809613801974e-02,
       -3.5980106964443473e-04, -5.1414806413637012e-03,
       -9.9998671777179382e-01, -5.2193548881050342e-04, 0., 0., 0., 1. ]
mean-rme13: 2.0229761985070590e-03
max-rme13: 7.7813859954482534e-03
Hcamera2end14: !!opencv-matrix
   rows: 4
   cols: 4
   dt: d
   data: [ 9.9996844561836695e-01, -6.5454497677592096e-03,
       4.5016502446247574e-03, -1.9544991190497459e-02,
       -4.5013892097175200e-03, 5.4611856167841033e-05,
       9.9998986720502714e-01, 3.0799365992454787e-02,
       -6.5456292875343859e-03, -9.9997857682296520e-01,
       2.5146515967189309e-05, 3.4448502868715217e-02, 0., 0., 0., 1. ]
Hobj2base14: !!opencv-matrix
   rows: 4
   cols: 4
   dt: d
   data: [ 9.9997770826130061e-01, -6.6763691304382389e-03,
       9.5266527744177209e-05, -7.3561435082017124e-01,
       -6.6767581185784774e-03, -9.9996552265132665e-01,
       4.9370446306805154e-03, 8.9783115738600788e-02,
       6.2301710839012014e-05, -4.9375706469342055e-03,
       -9.9998780818298139e-01, -7.0348314765417694e-04, 0., 0., 0., 1. ]
mean-rme14: 1.9887983038371546e-03
max-rme14: 7.8445251371323521e-03
Hcamera2end15: !!opencv-matrix
   rows: 4
   cols: 4
   dt: d
   data: [ 9.9997691382737508e-01, -5.5826124681705239e-03,
       3.8737901735621007e-03, -1.9103421394763023e-02,
       -3.8712435935995132e-03, 4.6689654790843527e-04,
       9.9999239771142878e-01, 3.0837327279538234e-02,
       -5.5843786867989173e-03, -9.9998430809970384e-01,
       4.4527411630124192e-04, 3.4607531657999117e-02, 0., 0., 0., 1. ]
Hobj2base15: !!opencv-matrix
   rows: 4
   cols: 4
   dt: d
   data: [ 9.9998438703162218e-01, -5.5841869382030904e-03,
       -2.0627464708053921e-04, -7.3599343377116699e-01,
       -5.5832859361623832e-03, -9.9997585596938521e-01,
       4.1369549731713993e-03, 8.9518046398333315e-02,
       -2.2937119670426314e-04, -4.1357386926881914e-03,
       -9.9999142149036446e-01, -5.6741981310986535e-04, 0., 0., 0., 1. ]
mean-rme15: 2.0615927512642020e-03
max-rme15: 7.4986200626070421e-03
Hcamera2end16: !!opencv-matrix
   rows: 4
   cols: 4
   dt: d
   data: [ 9.9997778584412544e-01, -5.3301246443032317e-03,
       4.0021980906265447e-03, -1.9424627662305825e-02,
       -4.0002175234136713e-03, 3.8218903110376345e-04,
       9.9999192606306064e-01, 3.0536908787730608e-02,
       -5.3316112054235167e-03, -9.9998572174947598e-01,
       3.6085888309300707e-04, 3.4563678648927558e-02, 0., 0., 0., 1. ]
Hobj2base16: !!opencv-matrix
   rows: 4
   cols: 4
   dt: d
   data: [ 9.9998611785451585e-01, -5.2683737323490649e-03,
       -9.1304274512966725e-05, -7.3587284827532140e-01,
       -5.2679392037214366e-03, -9.9997713276242584e-01,
       4.2406094824855769e-03, 8.9129954323687338e-02,
       -1.1364330224310730e-04, -4.2400696283606248e-03,
       -9.9999100440691246e-01, -3.5445067965491679e-04, 0., 0., 0., 1. ]
mean-rme16: 2.0335815027641788e-03
max-rme16: 7.3904956540938316e-03
Hcamera2end17: !!opencv-matrix
   rows: 4
   cols: 4
   dt: d
   data: [ 9.9998262630975376e-01, -4.7549301079805647e-03,
       3.4839228343249103e-03, -1.9078783648610442e-02,
       -3.4793762296004560e-03, 9.6412494950759431e-04,
       9.9999348218082629e-01, 3.0590853427899359e-02,
       -4.7582580531326689e-03, -9.9998823048211416e-01,
       9.4756400830831033e-04, 3.4255674703681752e-02, 0., 0., 0., 1. ]
Hobj2base17: !!opencv-matrix
   rows: 4
   cols: 4
   dt: d
   data: [ 9.9998782139534148e-01, -4.8834691339599730e-03,
       -7.1329532193086594e-04, -7.3608155833529343e-01,
       -4.8807835931169805e-03, -9.9998117180708523e-01,
       3.7194062491080278e-03, 8.8952602926903643e-02,
       -7.3144549748311639e-04, -3.7158795118254280e-03,
       -9.9999282858775440e-01, -3.9531364382186881e-04, 0., 0., 0., 1. ]
mean-rme17: 2.0847432848640117e-03
max-rme17: 7.3405572523159712e-03
Hcamera2end18: !!opencv-matrix
   rows: 4
   cols: 4
   dt: d
   data: [ 9.9998436537984081e-01, -4.6708403128049511e-03,
       3.0744506256112410e-03, -1.8961932021392257e-02,
       -3.0688218510891057e-03, 1.2117776706211947e-03,
       9.9999455694884820e-01, 3.0012788704117849e-02,
       -4.6745404397997500e-03, -9.9998835735504898e-01,
       1.1974247481226774e-03, 3.4221075864820934e-02, 0., 0., 0., 1. ]
Hobj2base18: !!opencv-matrix
   rows: 4
   cols: 4
   dt: d
   data: [ 9.9998846243945816e-01, -4.7268080169374322e-03,
       -8.5573006220189725e-04, -7.3613534072750797e-01,
       -4.7237471236513074e-03, -9.9998256190984458e-01,
       3.5443037871046423e-03, 8.9017508493833511e-02,
       -8.7246838345927198e-04, -3.5402206420651720e-03,
       -9.9999335279626966e-01, 1.8770293913681022e-04, 0., 0., 0., 1. ]
mean-rme18: 2.0709221105880233e-03
max-rme18: 7.4120723759722729e-03
Hcamera2end19: !!opencv-matrix
   rows: 4
   cols: 4
   dt: d
   data: [ 9.9998171468630737e-01, -5.2817160107438456e-03,
       2.9451263155172145e-03, -1.8961782173057540e-02,
       -2.9349164834969453e-03, 1.9397621461166858e-03,
       9.9999381177487878e-01, 3.0129171144449698e-02,
       -5.2873961708385167e-03, -9.9998417027410924e-01,
       1.9242252815763194e-03, 3.4130564988950993e-02, 0., 0., 0., 1. ]
Hobj2base19: !!opencv-matrix
   rows: 4
   cols: 4
   dt: d
   data: [ 9.9998400919206720e-01, -5.3772537103908384e-03,
       -1.7511432533519281e-03, -7.3648656722118389e-01,
       -5.3712251145861065e-03, -9.9997969451381397e-01,
       3.4293586612485351e-03, 8.9117643964683066e-02,
       -1.7695482271222474e-03, -3.4198980384112080e-03,
       -9.9999258647075906e-01, 3.4511001919290018e-04, 0., 0., 0., 1. ]
mean-rme19: 2.0972160615908022e-03
max-rme19: 7.4352908272613816e-03
Hcamera2end20: !!opencv-matrix
   rows: 4
   cols: 4
   dt: d
   data: [ 9.9998106825527866e-01, -5.3179758431436183e-03,
       3.0955232131928585e-03, -1.8778422744526794e-02,
       -3.0852013816302787e-03, 1.9480407927252585e-03,
       9.9999334331259648e-01, 2.9944700697766769e-02,
       -5.3239706485349383e-03, -9.9998396200639217e-01,
       1.9315968864955790e-03, 3.4172739820834644e-02, 0., 0., 0., 1. ]
Hobj2base20: !!opencv-matrix
   rows: 4
   cols: 4
   dt: d
   data: [ 9.9998505337351451e-01, -5.2178055110438278e-03,
       -1.6332590787279792e-03, -7.3658656806485290e-01,
       -5.2119813194188760e-03, -9.9998011558981581e-01,
       3.5501655882164817e-03, 8.9282164524863344e-02,
       -1.6517506759058356e-03, -3.5416000094093715e-03,
       -9.9999236436538719e-01, 5.8278498949540297e-04, 0., 0., 0., 1. ]
mean-rme20: 2.0816498320085407e-03
max-rme20: 7.3747738595824897e-03
Hcamera2end21: !!opencv-matrix
   rows: 4
   cols: 4
   dt: d
   data: [ 9.9998433037969603e-01, -4.9041434014301510e-03,
       2.6996986071152846e-03, -1.8653298678872988e-02,
       -2.6887472345215346e-03, 2.2383078896959230e-03,
       9.9999388028932457e-01, 2.9897776858065848e-02,
       -4.9101561461835311e-03, -9.9998546957207790e-01,
       2.2250868142529301e-03, 3.4104823959635551e-02, 0., 0., 0., 1. ]
Hobj2base21: !!opencv-matrix
   rows: 4
   cols: 4
   dt: d
   data: [ 9.9998764064124279e-01, -4.5969336476052473e-03,
       -1.8938758671485929e-03, -7.3666024288685317e-01,
       -4.5905941668933576e-03, -9.9998389124993436e-01,
       3.3382159657743432e-03, 8.9265125391949765e-02,
       -1.9091909164716348e-03, -3.3294806920570606e-03,
       -9.9999263474705935e-01, 6.3340255444760819e-04, 0., 0., 0., 1. ]
mean-rme21: 2.0739044250148182e-03
max-rme21: 7.6298346206184753e-03
Hcamera2end22: !!opencv-matrix
   rows: 4
   cols: 4
   dt: d
   data: [ 9.9998698143125897e-01, -4.5487737219917692e-03,
       2.3120609042824509e-03, -1.8341112782612985e-02,
       -2.3012180077349887e-03, 2.3874882269397935e-03,
       9.9999450213271002e-01, 3.0250102412413483e-02,
       -4.5542687316264558e-03, -9.9998680419173114e-01,
       2.3769894252579915e-03, 3.4136487188929011e-02, 0., 0., 0., 1. ]
Hobj2base22: !!opencv-matrix
   rows: 4
   cols: 4
   dt: d
   data: [ 9.9998940365900202e-01, -4.1769819315590935e-03,
       -1.9353014382405085e-03, -7.3675957207268084e-01,
       -4.1709432650364284e-03, -9.9998645342736570e-01,
       3.1138712303823875e-03, 8.9422397295876740e-02,
       -1.9482818054055145e-03, -3.1057662022413619e-03,
       -9.9999327918456737e-01, 3.0734506172433652e-04, 0., 0., 0., 1. ]
mean-rme22: 2.0603377690707248e-03
max-rme22: 7.8091445991409769e-03
Hcamera2end23: !!opencv-matrix
   rows: 4
   cols: 4
   dt: d
   data: [ 9.9998690968319126e-01, -4.5617571936529553e-03,
       2.3175058936810394e-03, -1.8249841753123313e-02,
       -2.3066745583575961e-03, 2.3782088200899887e-03,
       9.9999451167258413e-01, 3.0210552524156525e-02,
       -4.5672436701928477e-03, -9.9998676715950308e-01,
       2.3676551993231376e-03, 3.4122761088114968e-02, 0., 0., 0., 1. ]
Hobj2base23: !!opencv-matrix
   rows: 4
   cols: 4
   dt: d
   data: [ 9.9998862524239918e-01, -4.3234542335003371e-03,
       -2.0142316915701336e-03, -7.3669844693247410e-01,
       -4.3170362327046687e-03, -9.9998562576479944e-01,
       3.1798525041305831e-03, 8.9542624486419337e-02,
       -2.0279506853009407e-03, -3.1711208228855717e-03,
       -9.9999291567927862e-01, 3.3762530656212284e-04, 0., 0., 0., 1. ]
mean-rme23: 2.0072637836024195e-03
max-rme23: 7.7940341038091054e-03
Hcamera2end24: !!opencv-matrix
   rows: 4
   cols: 4
   dt: d
   data: [ 9.9998906761064288e-01, -4.2106362905501094e-03,
       2.0335194185871013e-03, -1.8836104308769953e-02,
       -2.0211420810818904e-03, 2.9417124484959478e-03,
       9.9999363063599456e-01, 3.0242811020824233e-02,
       -4.2165915008627961e-03, -9.9998680834793940e-01,
       2.9331699943551115e-03, 3.3750448914520483e-02, 0., 0., 0., 1. ]
Hobj2base24: !!opencv-matrix
   rows: 4
   cols: 4
   dt: d
   data: [ 9.9998908085843430e-01, -3.9916160307755721e-03,
       -2.4300546015665310e-03, -7.3664152102400549e-01,
       -3.9845135843999601e-03, -9.9998779676815008e-01,
       2.9206105998838073e-03, 8.8796510682377650e-02,
       -2.4416829031369703e-03, -2.9108961237524333e-03,
       -9.9999278240813161e-01, 1.7499388609424165e-04, 0., 0., 0., 1. ]
mean-rme24: 2.0049814667416998e-03
max-rme24: 7.8828316644277974e-03
