%YAML:1.0
---
Hcamera2end0: !!opencv-matrix
   rows: 4
   cols: 4
   dt: d
   data: [ 9.9999839002749347e-01, -1.3053638068826253e-03,
       -1.2312464224430739e-03, -1.0077555435079762e-02,
       1.2447564254287886e-03, 1.0399811913780366e-02,
       9.9994514574230475e-01, 2.9031636103202585e-02,
       -1.2924874709070537e-03, -9.9994506846000775e-01,
       1.0401420030355268e-02, 3.7976104433113431e-02, 0., 0., 0., 1. ]
Hobj2base0: !!opencv-matrix
   rows: 4
   cols: 4
   dt: d
   data: [ 9.9991390669392044e-01, -4.1227238095674391e-03,
       -1.2457220737062485e-02, -7.4171947284539153e-01,
       -4.1538979076390006e-03, -9.9998830310991771e-01,
       -2.4776552464056203e-03, 9.4315240970248695e-02,
       -1.2446860338044537e-02, 2.5291879600288130e-03,
       -9.9991933618466833e-01, 3.5714217517636890e-03, 0., 0., 0., 1. ]
mean-rme0: 1.0582168159039445e-03
max-rme0: 3.1572116016538032e-03
Hcamera2end1: !!opencv-matrix
   rows: 4
   cols: 4
   dt: d
   data: [ 9.9990589114254069e-01, 1.3717440567758830e-02,
       -2.0169955763397508e-04, -9.6147254326330259e-03,
       1.9499307625851087e-04, 4.9023750792365206e-04,
       9.9999986082243342e-01, 2.7958704652241373e-02,
       1.3717537539287315e-02, -9.9990579130808910e-01,
       4.8751656629719697e-04, 3.7454008633716812e-02, 0., 0., 0., 1. ]
Hobj2base1: !!opencv-matrix
   rows: 4
   cols: 4
   dt: d
   data: [ 9.9996382070674728e-01, 8.0955634271604529e-03,
       -2.6113464651393997e-03, -7.4023228616046188e-01,
       8.0987907479368598e-03, -9.9996645062504474e-01,
       1.2276859415760644e-03, 9.3513422516622396e-02,
       -2.6013200466890405e-03, -1.2487902733578904e-03,
       -9.9999583681976789e-01, 2.9663415494548379e-03, 0., 0., 0., 1. ]
mean-rme1: 1.7662811755683790e-03
max-rme1: 6.1501891129900899e-03
Hcamera2end2: !!opencv-matrix
   rows: 4
   cols: 4
   dt: d
   data: [ 9.9991901572087227e-01, 1.2726303668551063e-02,
       -5.6522012573510631e-05, -9.7348758816137911e-03,
       1.0975399682742505e-04, -4.1821719750894104e-03,
       9.9999124865752254e-01, 2.9971523395057091e-02,
       1.2725955911532225e-02, -9.9991027129063281e-01,
       -4.1832300475992401e-03, 3.7851659521360770e-02, 0., 0., 0., 1. ]
Hobj2base2: !!opencv-matrix
   rows: 4
   cols: 4
   dt: d
   data: [ 9.9996459657504133e-01, 8.2437554603617749e-03,
       -1.6870365806932912e-03, -7.4033894149725676e-01,
       8.2459279952235044e-03, -9.9996517624081060e-01,
       1.2849035690799106e-03, 9.3497367384195798e-02,
       -1.6763854009240211e-03, -1.2987692612625283e-03,
       -9.9999775146266856e-01, 3.0540731535056570e-04, 0., 0., 0., 1. ]
mean-rme2: 2.0625071660148684e-03
max-rme2: 7.4812738255198297e-03
Hcamera2end3: !!opencv-matrix
   rows: 4
   cols: 4
   dt: d
   data: [ 9.9991827216746831e-01, 1.2773615304398415e-02,
       -5.3267032955638203e-04, -1.1187830750470971e-02,
       5.7270191814571929e-04, -3.1304747608240646e-03,
       9.9999493605732059e-01, 3.0125702266694917e-02,
       1.2771883108520187e-02, -9.9991351369997350e-01,
       -3.1375343878934370e-03, 3.8108516603185233e-02, 0., 0., 0., 1. ]
Hobj2base3: !!opencv-matrix
   rows: 4
   cols: 4
   dt: d
   data: [ 9.9995909272874473e-01, 8.8779624035647351e-03,
       -1.7305064769339174e-03, -7.4072481919782951e-01,
       8.8793234074058310e-03, -9.9996027351669370e-01,
       7.8038724103301278e-04, 9.1636195720160893e-02,
       -1.7235094814111373e-03, -7.9572104418776640e-04,
       -9.9999819816992042e-01, 5.2633531191646299e-04, 0., 0., 0., 1. ]
mean-rme3: 2.0108642660005564e-03
max-rme3: 7.8539711292487102e-03
Hcamera2end4: !!opencv-matrix
   rows: 4
   cols: 4
   dt: d
   data: [ 9.9992206671923378e-01, 1.2429693858282643e-02,
       -1.1675609301058402e-03, -1.0818847499145887e-02,
       1.2022002698539140e-03, -2.7797147086277008e-03,
       9.9999541393980906e-01, 3.0223315288165121e-02,
       1.2426391368667817e-02, -9.9991888465851475e-01,
       -2.7944410576514755e-03, 3.6731484795665945e-02, 0., 0., 0., 1. ]
Hobj2base4: !!opencv-matrix
   rows: 4
   cols: 4
   dt: d
   data: [ 9.9995746403114472e-01, 9.0302397301318671e-03,
       -1.8774713894795592e-03, -7.3945568823041152e-01,
       9.0329456882777201e-03, -9.9995816839530072e-01,
       1.4378288176570460e-03, 9.1602997942539247e-02,
       -1.8644089129242242e-03, -1.4547267553077028e-03,
       -9.9999720387082758e-01, 7.2909793261775597e-04, 0., 0., 0., 1. ]
mean-rme4: 2.0117860457968943e-03
max-rme4: 7.8227870053146908e-03
Hcamera2end5: !!opencv-matrix
   rows: 4
   cols: 4
   dt: d
   data: [ 9.9996981961704912e-01, 5.4642215608213815e-03,
       -5.5228740507640003e-03, -9.7691692052804500e-03,
       5.5043438856499554e-03, 3.4004278899267826e-03,
       9.9997906942523251e-01, 3.0050838770846421e-02,
       5.4828873264782278e-03, -9.9997928947198689e-01,
       3.3702483091727631e-03, 3.6789705813711507e-02, 0., 0., 0., 1. ]
Hobj2base5: !!opencv-matrix
   rows: 4
   cols: 4
   dt: d
   data: [ 9.9996808472109489e-01, 4.0844306317961449e-03,
       -6.8663648052900046e-03, -7.4100318017174271e-01,
       4.0617233114320118e-03, -9.9998624742399977e-01,
       -3.3177351626028592e-03, 9.2139014276188036e-02,
       -6.8798214342124953e-03, 3.2897400021653683e-03,
       -9.9997092241112306e-01, 1.4293012790302878e-03, 0., 0., 0., 1. ]
mean-rme5: 2.1028327276798628e-03
max-rme5: 7.9485947560659909e-03
Hcamera2end6: !!opencv-matrix
   rows: 4
   cols: 4
   dt: d
   data: [ 9.9997163754284601e-01, 5.4564099089994614e-03,
       -5.1915027481476564e-03, -9.9531517747507830e-03,
       5.1744740393621473e-03, 3.1303606416944740e-03,
       9.9998171266312097e-01, 2.9996031104925280e-02,
       5.4725614016673555e-03, -9.9998021402083626e-01,
       3.1020378055527376e-03, 3.6526563512910282e-02, 0., 0., 0., 1. ]
Hobj2base6: !!opencv-matrix
   rows: 4
   cols: 4
   dt: d
   data: [ 9.9997448386501797e-01, 3.4734869763338562e-03,
       -6.2423158455904406e-03, -7.4060783414100595e-01,
       3.4511008158774961e-03, -9.9998758862963411e-01,
       -3.5933953090722627e-03, 9.2221286831305579e-02,
       -6.2547199817034249e-03, 3.5717607582048307e-03,
       -9.9997406016508039e-01, 1.0995743503364602e-03, 0., 0., 0., 1. ]
mean-rme6: 2.0084104646122948e-03
max-rme6: 7.9784190305273728e-03
Hcamera2end7: !!opencv-matrix
   rows: 4
   cols: 4
   dt: d
   data: [ 9.9997866377707767e-01, 3.2003452719522301e-03,
       -5.6947151597439623e-03, -1.0146498596676101e-02,
       5.6815456920255702e-03, 4.1091498136996973e-03,
       9.9997541716102112e-01, 2.9453243440914989e-02,
       3.2236670361174679e-03, -9.9998643624698680e-01,
       4.0908792320704102e-03, 3.6592464398451985e-02, 0., 0., 0., 1. ]
Hobj2base7: !!opencv-matrix
   rows: 4
   cols: 4
   dt: d
   data: [ 9.9997533881293554e-01, 1.8522496062742171e-03,
       -6.7742850066059273e-03, -7.4037933265201772e-01,
       1.8283423930596785e-03, -9.9999208537115036e-01,
       -3.5336042721553088e-03, 9.2708177589931454e-02,
       -6.7807765077762053e-03, 3.5211314168190951e-03,
       -9.9997081092574769e-01, 1.8733404224703632e-03, 0., 0., 0., 1. ]
mean-rme7: 2.1243441360175638e-03
max-rme7: 8.3253115375059306e-03
Hcamera2end8: !!opencv-matrix
   rows: 4
   cols: 4
   dt: d
   data: [ 9.9997677825945019e-01, 2.5932313643297661e-03,
       -6.3022292041387670e-03, -9.9896918129117815e-03,
       6.2841457952466217e-03, 6.9233509805366467e-03,
       9.9995628740601672e-01, 3.0280962523533021e-02,
       2.6367505522000732e-03, -9.9997267080770336e-01,
       6.9068939643022187e-03, 3.5749579930859657e-02, 0., 0., 0., 1. ]
