%YAML:1.0
---
Hcamera2end0: !!opencv-matrix
   rows: 4
   cols: 4
   dt: d
   data: [ 9.9999160639838780e-01, -2.4712770705113329e-03,
       3.2680150569739295e-03, -1.7150613662935792e-02,
       -3.2384202375077224e-03, 1.1886162819239710e-02,
       9.9992411300448192e-01, 2.7978629688023747e-02,
       -2.5099336917822784e-03, -9.9992630324593190e-01,
       1.1878060017846748e-02, 3.1537430401362185e-02, 0., 0., 0., 1. ]
Hobj2base0: !!opencv-matrix
   rows: 4
   cols: 4
   dt: d
   data: [ 9.9993347087583084e-01, -2.2509486529956272e-03,
       -1.1313136274945094e-02, -7.3646045117216652e-01,
       -2.2272314202724181e-03, -9.9999529662281961e-01,
       2.1085948969980345e-03, 8.8658985445598526e-02,
       -1.1317829403841210e-02, -2.0832576414529284e-03,
       -9.9993378119512744e-01, 3.3824319436251971e-03, 0., 0., 0., 1. ]
mean-rme0: 6.1053677093706122e-04
max-rme0: 2.2156462845743241e-03
Hcamera2end1: !!opencv-matrix
   rows: 4
   cols: 4
   dt: d
   data: [ 9.9998354697870284e-01, -2.3852625029896612e-03,
       -5.2169238718000740e-03, -1.7263741095589105e-02,
       5.2405725527463554e-03, 1.0018142493667392e-02,
       9.9993608456755667e-01, 2.9197897129347269e-02,
       -2.3328461611789846e-03, -9.9994697226591378e-01,
       1.0030477806159843e-02, 2.9367686411464932e-02, 0., 0., 0., 1. ]
Hobj2base1: !!opencv-matrix
   rows: 4
   cols: 4
   dt: d
   data: [ 9.9995712025990013e-01, -1.8859427019930044e-03,
       -9.0664690840712991e-03, -7.3355692651340709e-01,
       -1.9419768028329336e-03, -9.9997904549234318e-01,
       -6.1755406499428662e-03, 8.6027287072418357e-02,
       -9.0546323848558381e-03, 6.1928827170096888e-03,
       -9.9993982910774593e-01, 1.1174466802223687e-03, 0., 0., 0., 1. ]
mean-rme1: 1.1591552601664453e-03
max-rme1: 4.8190659703683247e-03
Hcamera2end2: !!opencv-matrix
   rows: 4
   cols: 4
   dt: d
   data: [ 9.9998816991540485e-01, -2.2794245866847242e-03,
       -4.2970050957696036e-03, -1.5289952057701331e-02,
       4.3232196909699962e-03, 1.1623052910354037e-02,
       9.9992310424979514e-01, 2.7442255325222549e-02,
       -2.2293049910369041e-03, -9.9992985197192552e-01,
       1.1632769861912085e-02, 2.9283216023193961e-02, 0., 0., 0., 1. ]
Hobj2base2: !!opencv-matrix
   rows: 4
   cols: 4
   dt: d
   data: [ 9.9995121667145426e-01, -2.5709970055888529e-03,
       -9.5369938489837519e-03, -7.3355856386648377e-01,
       -2.6264216283192845e-03, -9.9997971000530450e-01,
       -5.8035753753517792e-03, 8.8126795478803366e-02,
       -9.5218793685174080e-03, 5.8283404245416219e-03,
       -9.9993768018871410e-01, 3.3294451427996613e-03, 0., 0., 0., 1. ]
mean-rme2: 1.2458860044827749e-03
max-rme2: 4.7786830767122257e-03
Hcamera2end3: !!opencv-matrix
   rows: 4
   cols: 4
   dt: d
   data: [ 9.9998380165009559e-01, -4.0606998351637264e-03,
       -3.9883773982563944e-03, -1.3366767567812876e-02,
       4.0268568617288355e-03, 9.5124055152886466e-03,
       9.9994664785933840e-01, 2.8184186627589151e-02,
       -4.0225441249747106e-03, -9.9994651099854392e-01,
       9.5286032870103288e-03, 2.8947960374948539e-02, 0., 0., 0., 1. ]
Hobj2base3: !!opencv-matrix
   rows: 4
   cols: 4
   dt: d
   data: [ 9.9996166742640302e-01, -3.4358507150932015e-03,
       -8.0534841945138283e-03, -7.3312813101642094e-01,
       -3.4792443658303897e-03, -9.9997947297092060e-01,
       -5.3803806039046474e-03, 9.0403887620501971e-02,
       -8.0348326958641775e-03, 5.4081943995782349e-03,
       -9.9995309534841992e-01, 1.7326291155531760e-03, 0., 0., 0., 1. ]
mean-rme3: 1.5091812762223810e-03
max-rme3: 5.7540299133566342e-03
Hcamera2end4: !!opencv-matrix
   rows: 4
   cols: 4
   dt: d
   data: [ 9.9999024022841287e-01, -2.9482458558244165e-03,
       -3.2904854193080428e-03, -1.3449821888606030e-02,
       3.3183621076276642e-03, 9.5008811295206330e-03,
       9.9994935958311681e-01, 2.7943352713274219e-02,
       -2.9168340445979370e-03, -9.9995051932789969e-01,
       9.5105717504228027e-03, 2.7984272205743281e-02, 0., 0., 0., 1. ]
Hobj2base4: !!opencv-matrix
   rows: 4
   cols: 4
   dt: d
   data: [ 9.9996410140690462e-01, -1.9861654758502874e-03,
       -8.2371745267587077e-03, -7.3240925094797338e-01,
       -2.0225166571853190e-03, -9.9998824344605164e-01,
       -4.4070847565711030e-03, 9.0055720328668140e-02,
       -8.2283244863793539e-03, 4.4235863711172014e-03,
       -9.9995636232775897e-01, 2.1762492819051181e-03, 0., 0., 0., 1. ]
mean-rme4: 1.5989029016050670e-03
max-rme4: 5.7739791813370134e-03
Hcamera2end5: !!opencv-matrix
   rows: 4
   cols: 4
   dt: d
   data: [ 9.9998444030003542e-01, -4.2790561263184226e-03,
       -3.5789434883451389e-03, -1.3473793707307937e-02,
       3.6173735271040597e-03, 9.0072090184923903e-03,
       9.9995289128761589e-01, 2.8335027182262166e-02,
       -4.2466182534291958e-03, -9.9995027869607855e-01,
       9.0225478133748593e-03, 2.8082364959003361e-02, 0., 0., 0., 1. ]
Hobj2base5: !!opencv-matrix
   rows: 4
   cols: 4
   dt: d
   data: [ 9.9996460637621354e-01, -3.4917983973803148e-03,
       -7.6546285877507258e-03, -7.3247665667404505e-01,
       -3.5244535343273444e-03, -9.9998472910548997e-01,
       -4.2567338540371452e-03, 9.0305145976261422e-02,
       -7.6396480382754485e-03, 4.2835615755806179e-03,
       -9.9996164270339860e-01, 1.7092315093795768e-03, 0., 0., 0., 1. ]
mean-rme5: 1.5978769899319028e-03
max-rme5: 5.6133409177029636e-03
Hcamera2end6: !!opencv-matrix
   rows: 4
   cols: 4
   dt: d
   data: [ 9.9999048088099607e-01, -3.0504491861439841e-03,
       -3.1197607531726879e-03, -1.3619315349821411e-02,
       3.1461156416512570e-03, 8.6733878688086685e-03,
       9.9995743624378652e-01, 2.8788694905224378e-02,
       -3.0232604524983307e-03, -9.9995773265805588e-01,
       8.6829023716959997e-03, 2.8384408195919544e-02, 0., 0., 0., 1. ]
Hobj2base6: !!opencv-matrix
   rows: 4
   cols: 4
   dt: d
   data: [ 9.9996692670263532e-01, -2.5328747347721603e-03,
       -7.7285216221668002e-03, -7.3305423106570278e-01,
       -2.5561794645600528e-03, -9.9999221182099207e-01,
       -3.0070324083102534e-03, 9.0204209146712358e-02,
       -7.7208449946432915e-03, 3.0266884440952194e-03,
       -9.9996561326359146e-01, 1.5959233571663279e-03, 0., 0., 0., 1. ]
mean-rme6: 1.6210898814718626e-03
max-rme6: 5.6285985798252003e-03
Hcamera2end7: !!opencv-matrix
   rows: 4
   cols: 4
   dt: d
   data: [ 9.9999629997312556e-01, -2.6054233174290357e-03,
       -7.8218245676542895e-04, -1.4500983823111125e-02,
       8.0080490056762526e-04, 7.1542113188491907e-03,
       9.9997408765023321e-01, 2.8344624875258320e-02,
       -2.5997599062031478e-03, -9.9997101409477973e-01,
       7.1562712838357800e-03, 2.9924071328697267e-02, 0., 0., 0., 1. ]
Hobj2base7: !!opencv-matrix
   rows: 4
   cols: 4
   dt: d
   data: [ 9.9997884143390858e-01, -2.2382246295920634e-03,
       -6.1079485103684456e-03, -7.3413367103461069e-01,
       -2.2435617879183523e-03, -9.9999710728551783e-01,
       -8.6709347855981438e-04, 9.0007320970687116e-02,
       -6.1059900918374616e-03, 8.8077869198557629e-04,
       -9.9998097037588374e-01, 1.8715544660629208e-03, 0., 0., 0., 1. ]
mean-rme7: 1.7342943918266761e-03
max-rme7: 6.8242487725793388e-03
Hcamera2end8: !!opencv-matrix
   rows: 4
   cols: 4
   dt: d
   data: [ 9.9999859852039463e-01, -1.5802938186288656e-03,
       -5.5283695005150938e-04, -1.4492360705308922e-02,
       5.6353107959179977e-04, 6.7747620444728041e-03,
       9.9997689224899755e-01, 2.8192217323267918e-02,
       -1.5765119628068027e-03, -9.9997580234258066e-01,
       6.7756430944636570e-03, 3.0026564457225298e-02, 0., 0., 0., 1. ]
