%YAML:1.0
---
Hcamera2end0: !!opencv-matrix
   rows: 4
   cols: 4
   dt: d
   data: [ 9.9991331296517449e-01, -1.2632424796502778e-02,
       3.7132733227963838e-03, -1.2828780326991317e-02,
       -3.5995141915954511e-03, 9.0161766988725578e-03,
       9.9995287491727292e-01, 2.6177853653535040e-02,
       -1.2665309020848742e-02, -9.9987955794760375e-01,
       8.9699245209198253e-03, 3.5249869541216519e-02, 0., 0., 0., 1. ]
Hobj2base0: !!opencv-matrix
   rows: 4
   cols: 4
   dt: d
   data: [ 9.9991252767245420e-01, -1.1413440674411943e-02,
       -6.6835900274641270e-03, -7.3784122337194002e-01,
       -1.1380144335593884e-02, -9.9992274905498557e-01,
       4.9988235836807065e-03, 9.3370090667720451e-02,
       -6.7401274902326091e-03, -4.9223261057543726e-03,
       -9.9996517008700025e-01, 5.6313556149226547e-03, 0., 0., 0., 1. ]
mean-rme0: 1.0662333273732021e-03
max-rme0: 3.1821289763998006e-03
Hcamera2end1: !!opencv-matrix
   rows: 4
   cols: 4
   dt: d
   data: [ 9.9992952266649593e-01, -1.1470935607855290e-02,
       3.0606104348879460e-03, -1.3218118465321648e-02,
       -2.9736070270259141e-03, 7.5940792279237668e-03,
       9.9996674325795887e-01, 2.6337689295065692e-02,
       -1.1493796640037159e-02, -9.9990536932099738e-01,
       7.5594339627392815e-03, 3.5285649613732692e-02, 0., 0., 0., 1. ]
Hobj2base1: !!opencv-matrix
   rows: 4
   cols: 4
   dt: d
   data: [ 9.9993665108087282e-01, -1.0054803653850621e-02,
       -5.0591252851962028e-03, -7.3768854027308550e-01,
       -1.0038659240516175e-02, -9.9994447034399481e-01,
       3.2064854780695790e-03, 9.2582190949138096e-02,
       -5.0910849356103401e-03, -3.1554955158871823e-03,
       -9.9998206169022263e-01, 4.9103112392363136e-03, 0., 0., 0., 1. ]
mean-rme1: 9.5738672976877943e-04
max-rme1: 3.1966525594382400e-03
Hcamera2end2: !!opencv-matrix
   rows: 4
   cols: 4
   dt: d
   data: [ 9.9991363839519010e-01, -1.2610977484114905e-02,
       3.6985129698579545e-03, -1.3157738381027547e-02,
       -3.6583503106870034e-03, 3.2063207728766363e-03,
       9.9998816792005396e-01, 2.7098752625862581e-02,
       -1.2622686888985123e-02, -9.9991533779315378e-01,
       3.1599084964720747e-03, 3.5248181310443626e-02, 0., 0., 0., 1. ]
Hobj2base2: !!opencv-matrix
   rows: 4
   cols: 4
   dt: d
   data: [ 9.9994233286249856e-01, -1.0540635049987810e-02,
       -2.0557145344114753e-03, -7.3661588592236782e-01,
       -1.0535196732878201e-02, -9.9994102199921797e-01,
       2.6385891986401644e-03, 9.2916531311557721e-02,
       -2.0834056982677630e-03, -2.6167796817073751e-03,
       -9.9999440592675004e-01, 3.1815373598480523e-03, 0., 0., 0., 1. ]
mean-rme2: 1.1335381243343769e-03
max-rme2: 4.3757502714683316e-03
Hcamera2end3: !!opencv-matrix
   rows: 4
   cols: 4
   dt: d
   data: [ 9.9998722745458635e-01, -4.8003628066583025e-03,
       1.5815955911179320e-03, -1.1674229835447367e-02,
       -1.5879357723491581e-03, -1.3172474001357237e-03,
       9.9999787165736975e-01, 2.5427720982339346e-02,
       -4.7982692371610347e-03, -9.9998761061135688e-01,
       -1.3248532433545179e-03, 3.5753699182378383e-02, 0., 0., 0., 1. ]
Hobj2base3: !!opencv-matrix
   rows: 4
   cols: 4
   dt: d
   data: [ 9.9999192997446384e-01, -3.4893305604669976e-03,
       1.9911198323489085e-03, -7.3667085326384851e-01,
       -3.4911870329398932e-03, -9.9999347364829605e-01,
       9.2966333455372062e-04, 9.2405881099137666e-02,
       1.9878629349163938e-03, -9.3660720388659662e-04,
       -9.9999758558103413e-01, 3.6072485063593320e-03, 0., 0., 0., 1. ]
mean-rme3: 1.5331922626923399e-03
max-rme3: 4.5694345533699166e-03
Hcamera2end4: !!opencv-matrix
   rows: 4
   cols: 4
   dt: d
   data: [ 9.9999796819285403e-01, -1.8406527517364031e-03,
       8.2195353352080929e-04, -1.1246038148327519e-02,
       -8.2247366763431350e-04, -2.8184222238736290e-04,
       9.9999962205094262e-01, 2.5098692412951672e-02,
       -1.8404203948528437e-03, -9.9999826627970179e-01,
       -2.8335553815783676e-04, 3.5588227170463602e-02, 0., 0., 0., 1. ]
Hobj2base4: !!opencv-matrix
   rows: 4
   cols: 4
   dt: d
   data: [ 9.9999881356508646e-01, -1.2866636626264933e-03,
       8.4697404843600576e-04, -7.3689880506231809e-01,
       -1.2869449338033980e-03, -9.9999911689731702e-01,
       3.3162829151023830e-04, 9.2473235728574507e-02,
       8.4654660639876594e-04, -3.3271790701555257e-04,
       -9.9999958632873343e-01, 4.0320415565860464e-03, 0., 0., 0., 1. ]
mean-rme4: 1.6816159190966590e-03
max-rme4: 4.2129034749334437e-03
Hcamera2end5: !!opencv-matrix
   rows: 4
   cols: 4
   dt: d
   data: [ 9.9999650384353045e-01, -2.4023257647411665e-03,
       1.1050482505584563e-03, -1.1294566058161979e-02,
       -1.1055574775166773e-03, -2.1065486168692082e-04,
       9.9999936668339584e-01, 2.5023232151298803e-02,
       -2.4020914595219924e-03, -9.9999709222349698e-01,
       -2.1331003441726892e-04, 3.5450756409559962e-02, 0., 0., 0., 1. ]
Hobj2base5: !!opencv-matrix
   rows: 4
   cols: 4
   dt: d
   data: [ 9.9999717643791386e-01, -2.3220395512133386e-03,
       5.0522126087152396e-04, -7.3667252355131818e-01,
       -2.3221259114642326e-03, -9.9999728934112686e-01,
       1.7041610872847740e-04, 9.2428413127171927e-02,
       5.0482417844439887e-04, -1.7158881492890634e-04,
       -9.9999985785490386e-01, 4.0181296189440848e-03, 0., 0., 0., 1. ]
mean-rme5: 1.6493562679105627e-03
max-rme5: 4.5059668247874052e-03
Hcamera2end6: !!opencv-matrix
   rows: 4
   cols: 4
   dt: d
   data: [ 9.9999660954015790e-01, -2.2904752591616827e-03,
       1.2388023555272548e-03, -1.1811664415801934e-02,
       -1.2397635520883224e-03, -4.1827720472742413e-04,
       9.9999914401489087e-01, 2.5031922679968371e-02,
       -2.2899551357624887e-03, -9.9999728937995969e-01,
       -4.2111543431855303e-04, 3.5433066735544791e-02, 0., 0., 0., 1. ]
Hobj2base6: !!opencv-matrix
   rows: 4
   cols: 4
   dt: d
   data: [ 9.9999736416466423e-01, -2.1637281524180063e-03,
       7.6807825540467023e-04, -7.3652655166783798e-01,
       -2.1639689111400016e-03, -9.9999760970593243e-01,
       3.1276344714992188e-04, 9.1969110572775722e-02,
       7.6739968439612700e-04, -3.1442472022299452e-04,
       -9.9999965611735098e-01, 3.8974882143727511e-03, 0., 0., 0., 1. ]
mean-rme6: 1.5496233264785495e-03
max-rme6: 4.5019428191803434e-03
Hcamera2end7: !!opencv-matrix
   rows: 4
   cols: 4
   dt: d
   data: [ 9.9999500667139307e-01, -2.9635487120266207e-03,
       1.0972744924979475e-03, -1.1562302306429326e-02,
       -1.1016278256467749e-03, -1.4677268663803034e-03,
       9.9999831609557188e-01, 2.6479933389287263e-02,
       -2.9619332224413890e-03, -9.9999453156348661e-01,
       -1.4709842652615990e-03, 3.5759955611184197e-02, 0., 0., 0., 1. ]
Hobj2base7: !!opencv-matrix
   rows: 4
   cols: 4
   dt: d
   data: [ 9.9999369725283427e-01, -2.6631883249458432e-03,
       2.3479528429645141e-03, -7.3610310455507366e-01,
       -2.6630536366433685e-03, -9.9999645223693245e-01,
       -6.0488648858460974e-05, 9.1669983222380638e-02,
       2.3481056056475652e-03, 5.4235543256677028e-05,
       -9.9999724172548099e-01, 2.1204560715619202e-03, 0., 0., 0., 1. ]
mean-rme7: 1.7312055501036044e-03
max-rme7: 6.2201221308406940e-03
Hcamera2end8: !!opencv-matrix
   rows: 4
   cols: 4
   dt: d
   data: [ 9.9999229488613983e-01, -3.9043801282474069e-03,
       4.0741154354344451e-04, -1.1541436504442055e-02,
       -4.1363269780964095e-04, -1.5927032125091500e-03,
       9.9999864610131761e-01, 2.6595588097527757e-02,
       -3.9037259564380809e-03, -9.9999110951662529e-01,
       -1.5943059198351150e-03, 3.5816100296821113e-02, 0., 0., 0., 1. ]
Hobj2base8: !!opencv-matrix
   rows: 4
   cols: 4
   dt: d
   data: [ 9.9999227147019720e-01, -3.2020770412851149e-03,
       2.2811625319569583e-03, -7.3619194826430401e-01,
       -3.2004324995211051e-03, -9.9999461636235032e-01,
       -7.2420862446407350e-04, 9.1904271063017393e-02,
       2.2834692228139632e-03, 7.1690232069217101e-04,
       -9.9999713590558392e-01, 2.0191889118676897e-03, 0., 0., 0., 1. ]
mean-rme8: 1.8408033979568309e-03
max-rme8: 6.5105363244184478e-03
Hcamera2end9: !!opencv-matrix
   rows: 4
   cols: 4
   dt: d
   data: [ 9.9999683971557263e-01, -2.4395998303632380e-03,
       -6.0738088132077789e-04, -1.0631122397442775e-02,
       6.0259541154762230e-04, -1.9618361030566689e-03,
       9.9999789403671990e-01, 2.5877157776922725e-02,
       -2.4407862743968584e-03, -9.9999509976388012e-01,
       -1.9603598114328324e-03, 3.5676482323708798e-02, 0., 0., 0., 1. ]
Hobj2base9: !!opencv-matrix
   rows: 4
   cols: 4
   dt: d
   data: [ 9.9999548001051919e-01, -1.9426309677660792e-03,
       2.2948079340988454e-03, -7.3614905196648550e-01,
       -1.9404907065738071e-03, -9.9999768058852267e-01,
       -9.3451238224553706e-04, 9.2353086966818529e-02,
       2.2966180241884961e-03, 9.3005510478990890e-04,
       -9.9999693026686476e-01, 2.5548387263515529e-03, 0., 0., 0., 1. ]
mean-rme9: 1.9082830048304121e-03
max-rme9: 7.1021870762691675e-03
Hcamera2end10: !!opencv-matrix
   rows: 4
   cols: 4
   dt: d
   data: [ 9.9999676934598380e-01, -2.4025575352495817e-03,
       -8.3006920494062134e-04, -1.0964197336017558e-02,
       8.2449058486592966e-04, -2.3220105004724267e-03,
       9.9999696423664775e-01, 2.6059320039022334e-02,
       -2.4044776710634552e-03, -9.9999441797668331e-01,
       -2.3200221127923637e-03, 3.5596549092425968e-02, 0., 0., 0., 1. ]
Hobj2base10: !!opencv-matrix
   rows: 4
   cols: 4
   dt: d
   data: [ 9.9999332601952062e-01, -2.0811781289573998e-03,
       3.0027677253162480e-03, -7.3597566317061947e-01,
       -2.0772064165321394e-03, -9.9999696452881093e-01,
       -1.3251968410798788e-03, 9.2000376529046787e-02,
       3.0055165811835489e-03, 1.3189506283556476e-03,
       -9.9999461360515385e-01, 2.1114427287548913e-03, 0., 0., 0., 1. ]
mean-rme10: 1.8550820486007169e-03
max-rme10: 7.0141208603712868e-03
Hcamera2end11: !!opencv-matrix
   rows: 4
   cols: 4
   dt: d
   data: [ 9.9999812764338003e-01, -4.8912404674185492e-04,
       -1.8722893476178048e-03, -1.0861394263148362e-02,
       1.8712849461030127e-03, -2.0459198693105751e-03,
       9.9999615624488203e-01, 2.6935418753860723e-02,
       -4.9295272064618732e-04, -9.9999778748232981e-01,
       -2.0450007481536137e-03, 3.5482659058617930e-02, 0., 0., 0., 1. ]
Hobj2base11: !!opencv-matrix
   rows: 4
   cols: 4
   dt: d
   data: [ 9.9999594166999650e-01, -2.5826529402205305e-04,
       2.8372420719694220e-03, -7.3607995134943116e-01,
       -2.5317693679400156e-04, -9.9999835939603643e-01,
       -1.7936294695548730e-03, 9.1607417291689544e-02,
       2.8377006494211543e-03, 1.7929038661578570e-03,
       -9.9999436645950701e-01, 1.1533993321604097e-03, 0., 0., 0., 1. ]
mean-rme11: 1.9634104225784948e-03
max-rme11: 6.7984216886413096e-03
Hcamera2end12: !!opencv-matrix
   rows: 4
   cols: 4
   dt: d
   data: [ 9.9999549752250139e-01, -1.6402735507548287e-03,
       -2.5128544334520496e-03, -1.1594361169351497e-02,
       2.5103715238266795e-03, -1.5140245728022528e-03,
       9.9999570287297002e-01, 2.7117045661560538e-02,
       -1.6440710256511390e-03, -9.9999750861303238e-01,
       -1.5099000599276824e-03, 3.5546595041073263e-02, 0., 0., 0., 1. ]
Hobj2base12: !!opencv-matrix
   rows: 4
   cols: 4
   dt: d
   data: [ 9.9999659170705024e-01, -1.0953224304623367e-03,
       2.3699879865565990e-03, -7.3656913079626563e-01,
       -1.0895314889051110e-03, -9.9999642144858814e-01,
       -2.4433606266931890e-03, 9.0739553728671526e-02,
       2.3726557731328698e-03, 2.4407701224647112e-03,
       -9.9999420655611360e-01, 1.2760450523711941e-03, 0., 0., 0., 1. ]
mean-rme12: 2.0269275620787659e-03
max-rme12: 6.6156164933925121e-03
Hcamera2end13: !!opencv-matrix
   rows: 4
   cols: 4
   dt: d
   data: [ 9.9999450898630893e-01, -2.1337846771390962e-03,
       -2.5355394263455837e-03, -1.1788821271716529e-02,
       2.5318290944343165e-03, -1.7397586510421448e-03,
       9.9999528152950434e-01, 2.7015202553002490e-02,
       -2.1381858355910971e-03, -9.9999621009421213e-01,
       -1.7343467198769336e-03, 3.5519062898548635e-02, 0., 0., 0., 1. ]
Hobj2base13: !!opencv-matrix
   rows: 4
   cols: 4
   dt: d
   data: [ 9.9999525122498256e-01, -1.5326034097908087e-03,
       2.6736967427577851e-03, -7.3627911753565967e-01,
       -1.5258322670827784e-03, -9.9999562860746249e-01,
       -2.5327064295586695e-03, 9.0970362742341715e-02,
       2.6775666894897376e-03, 2.5286147895431563e-03,
       -9.9999321834893928e-01, 1.1857165193946155e-03, 0., 0., 0., 1. ]
mean-rme13: 2.1046982483967627e-03
max-rme13: 6.9882781854769260e-03
Hcamera2end14: !!opencv-matrix
   rows: 4
   cols: 4
   dt: d
   data: [ 9.9999412435778989e-01, -2.3260640679866515e-03,
       -2.5180698657243867e-03, -1.1838482006846120e-02,
       2.5144148222205807e-03, -1.5729327311737595e-03,
       9.9999560179069025e-01, 2.7054260415289667e-02,
       -2.3300145919811933e-03, -9.9999605764651622e-01,
       -1.5670747992138079e-03, 3.5521387024682993e-02, 0., 0., 0., 1. ]
Hobj2base14: !!opencv-matrix
   rows: 4
   cols: 4
   dt: d
   data: [ 9.9999610876170497e-01, -1.7695729050330575e-03,
       2.1566346890475735e-03, -7.3637232415438725e-01,
       -1.7634926873229732e-03, -9.9999447459270296e-01,
       -2.8179562816937160e-03, 9.1034830595173727e-02,
       2.1616093518461790e-03, 2.8141421068509564e-03,
       -9.9999370400478638e-01, 1.2511048588951051e-03, 0., 0., 0., 1. ]
mean-rme14: 2.0473627475335373e-03
max-rme14: 7.0581637481178794e-03
Hcamera2end15: !!opencv-matrix
   rows: 4
   cols: 4
   dt: d
   data: [ 9.9998996707121701e-01, -3.1616310639670363e-03,
       -3.1733020533255174e-03, -1.1956079213211131e-02,
       3.1704429651996987e-03, -9.0890984302438582e-04,
       9.9999456107236007e-01, 2.6117379311696602e-02,
       -3.1644981135556115e-03, -9.9999458897131699e-01,
       -8.9887695303136894e-04, 3.5544706410344185e-02, 0., 0., 0., 1. ]
Hobj2base15: !!opencv-matrix
   rows: 4
   cols: 4
   dt: d
   data: [ 9.9999496983264968e-01, -2.7197857133176096e-03,
       1.6318930944307763e-03, -7.3642524713025626e-01,
       -2.7146569279536299e-03, -9.9999139530301107e-01,
       -3.1368706860498896e-03, 9.1073030040946121e-02,
       1.6404106685616233e-03, 3.1324248771709062e-03,
       -9.9999374846407307e-01, 2.3176964915933942e-03, 0., 0., 0., 1. ]
mean-rme15: 2.1362935245426381e-03
max-rme15: 7.8729183931149360e-03
Hcamera2end16: !!opencv-matrix
   rows: 4
   cols: 4
   dt: d
   data: [ 9.9998975803214518e-01, -3.3415729195626163e-03,
       -3.0524942645255744e-03, -1.1995105374207195e-02,
       3.0501512392573709e-03, -7.0604612896829622e-04,
       9.9999509902613104e-01, 2.6146534624378388e-02,
       -3.3437117443602220e-03, -9.9999416767763560e-01,
       -6.9584659488475253e-04, 3.5672607473496015e-02, 0., 0., 0., 1. ]
Hobj2base16: !!opencv-matrix
   rows: 4
   cols: 4
   dt: d
   data: [ 9.9999478389607965e-01, -2.8828705973780295e-03,
       1.4564469614978350e-03, -7.3654221152645927e-01,
       -2.8785883093765626e-03, -9.9999155318170341e-01,
       -2.9338191132819197e-03, 9.1124642239510847e-02,
       1.4648924800146988e-03, 2.9296112989799466e-03,
       -9.9999463571944180e-01, 2.4602092461180713e-03, 0., 0., 0., 1. ]
mean-rme16: 2.1019430543873360e-03
max-rme16: 7.8882214723949851e-03
Hcamera2end17: !!opencv-matrix
   rows: 4
   cols: 4
   dt: d
   data: [ 9.9998812315968388e-01, -3.2710442348272851e-03,
       -3.6130055613895580e-03, -1.1725870260626249e-02,
       3.6068815096948455e-03, -1.8761681945345110e-03,
       9.9999173516518669e-01, 2.7243320092914299e-02,
       -3.2777958063079718e-03, -9.9999289010598458e-01,
       -1.8643476426163375e-03, 3.5809989418868690e-02, 0., 0., 0., 1. ]
Hobj2base17: !!opencv-matrix
   rows: 4
   cols: 4
   dt: d
   data: [ 9.9999290467781266e-01, -2.9557179519322835e-03,
       2.3354497253696544e-03, -7.3646125167142451e-01,
       -2.9480806102416559e-03, -9.9999031809940186e-01,
       -3.2668835565612033e-03, 9.1460428233930899e-02,
       2.3450831001525624e-03, 3.2599752829182644e-03,
       -9.9999193654069418e-01, 1.1813821052567154e-03, 0., 0., 0., 1. ]
mean-rme17: 2.2611155444276620e-03
max-rme17: 7.5808323045333526e-03
Hcamera2end18: !!opencv-matrix
   rows: 4
   cols: 4
   dt: d
   data: [ 9.9999002511198998e-01, -2.7986424174694644e-03,
       -3.4809879546947829e-03, -1.1836095764308651e-02,
       3.4758359479590494e-03, -1.8436560352033116e-03,
       9.9999225971848738e-01, 2.7165040329120552e-02,
       -2.8050384996404438e-03, -9.9999438425075327e-01,
       -1.8339100230206906e-03, 3.5754684525978110e-02, 0., 0., 0., 1. ]
Hobj2base18: !!opencv-matrix
   rows: 4
   cols: 4
   dt: d
   data: [ 9.9999339293051415e-01, -2.8526116411207673e-03,
       2.2531538214916784e-03, -7.3633173244369521e-01,
       -2.8455157321130436e-03, -9.9999100195634960e-01,
       -3.1462750284536626e-03, 9.1525657037363498e-02,
       2.2621086482875761e-03, 3.1398428561500028e-03,
       -9.9999251209761697e-01, 1.1991288971613205e-03, 0., 0., 0., 1. ]
mean-rme18: 2.2710029967444247e-03
max-rme18: 7.8009121022712125e-03
Hcamera2end19: !!opencv-matrix
   rows: 4
   cols: 4
   dt: d
   data: [ 9.9998976467703049e-01, -2.4398144968337714e-03,
       -3.8102291792253542e-03, -1.1743517809020883e-02,
       3.8057207949301064e-03, -1.8498230806271998e-03,
       9.9999104728182497e-01, 2.7141451377056980e-02,
       -2.4468409037403938e-03, -9.9999531271891029e-01,
       -1.8405188943242390e-03, 3.5697470411711826e-02, 0., 0., 0., 1. ]
Hobj2base19: !!opencv-matrix
   rows: 4
   cols: 4
   dt: d
   data: [ 9.9999523688064318e-01, -2.3606751294072141e-03,
       1.9883231527347118e-03, -7.3633780279454386e-01,
       -2.3540920457758275e-03, -9.9999176185798233e-01,
       -3.3067305315842730e-03, 9.1526581744373364e-02,
       1.9961128891717648e-03, 3.3020340855137859e-03,
       -9.9999255602440962e-01, 1.1989548268396134e-03, 0., 0., 0., 1. ]
mean-rme19: 2.2490470634970207e-03
max-rme19: 7.9103584174955999e-03
Hcamera2end20: !!opencv-matrix
   rows: 4
   cols: 4
   dt: d
   data: [ 9.9998813012350696e-01, -2.4041475862651199e-03,
       -4.2378870295988382e-03, -1.1470315625704266e-02,
       4.2326507377124477e-03, -2.1789472348399119e-03,
       9.9998866836413725e-01, 2.7102009113857073e-02,
       -2.4133544755648192e-03, -9.9999473611781142e-01,
       -2.1687454539507378e-03, 3.5812201867204560e-02, 0., 0., 0., 1. ]
Hobj2base20: !!opencv-matrix
   rows: 4
   cols: 4
   dt: d
   data: [ 9.9999477456222752e-01, -2.1628265669070622e-03,
       2.4027129418990618e-03, -7.3622818351742203e-01,
       -2.1531248975329010e-03, -9.9998954913258298e-01,
       -4.0330731198261046e-03, 9.1400966188017727e-02,
       2.4114106691545028e-03, 4.0278787041966571e-03,
       -9.9998898058515118e-01, 1.0884103505128335e-03, 0., 0., 0., 1. ]
mean-rme20: 2.2416087041752389e-03
max-rme20: 7.7129463571025958e-03
Hcamera2end21: !!opencv-matrix
   rows: 4
   cols: 4
   dt: d
   data: [ 9.9998805602349894e-01, -2.3720934362610677e-03,
       -4.2732871507950611e-03, -1.1782445853470292e-02,
       4.2674119830355788e-03, -2.4763462947576809e-03,
       9.9998782837792355e-01, 2.7004576684193139e-02,
       -2.3826467028385387e-03, -9.9999412042359426e-01,
       -2.4661940173809072e-03, 3.5862678616468427e-02, 0., 0., 0., 1. ]
Hobj2base21: !!opencv-matrix
   rows: 4
   cols: 4
   dt: d
   data: [ 9.9999364859583484e-01, -1.9080071342466669e-03,
       3.0103615672486990e-03, -7.3602832688208808e-01,
       -1.8959735584580281e-03, -9.9999022182987907e-01,
       -3.9951882177515618e-03, 9.1030253922299062e-02,
       3.0179549790432967e-03, 3.9894552767635733e-03,
       -9.9998748801889503e-01, 1.0126123627176864e-03, 0., 0., 0., 1. ]
mean-rme21: 2.2287541235132395e-03
max-rme21: 7.6966064847145133e-03
Hcamera2end22: !!opencv-matrix
   rows: 4
   cols: 4
   dt: d
   data: [ 9.9998876982902962e-01, -2.7418872427096832e-03,
       -3.8655232727499694e-03, -1.2201631527800018e-02,
       3.8592888364107061e-03, -2.2754337565527027e-03,
       9.9998996409508889e-01, 2.7429150211691698e-02,
       -2.7506554675315919e-03, -9.9999365220763692e-01,
       -2.2648264682161301e-03, 3.5935393044714381e-02, 0., 0., 0., 1. ]
Hobj2base22: !!opencv-matrix
   rows: 4
   cols: 4
   dt: d
   data: [ 9.9999341742894710e-01, -2.0422589857197891e-03,
       2.9990460167878992e-03, -7.3611022470535226e-01,
       -2.0312816481524378e-03, -9.9999124360257885e-01,
       -3.6587720663139862e-03, 9.0719395431566055e-02,
       3.0064919160782229e-03, 3.6526560750510272e-03,
       -9.9998880949236391e-01, 7.1233573841656046e-04, 0., 0., 0., 1. ]
mean-rme22: 2.2286014220030529e-03
max-rme22: 7.3637581753651371e-03
Hcamera2end23: !!opencv-matrix
   rows: 4
   cols: 4
   dt: d
   data: [ 9.9998941018127208e-01, -2.9994485331074766e-03,
       -3.4903916411865112e-03, -1.2817358453621688e-02,
       3.4824867371466865e-03, -2.6366463792835138e-03,
       9.9999046014549353e-01, 2.7200354444589611e-02,
       -3.0086228472878886e-03, -9.9999202567038881e-01,
       -2.6261729179410942e-03, 3.5881069141962617e-02, 0., 0., 0., 1. ]
Hobj2base23: !!opencv-matrix
   rows: 4
   cols: 4
   dt: d
   data: [ 9.9999142773504834e-01, -2.4338917455568724e-03,
       3.3497204943998939e-03, -7.3588263311499857e-01,
       -2.4228672827301787e-03, -9.9999164852320122e-01,
       -3.2912912330959349e-03, 9.0299332881580596e-02,
       3.3577031658513579e-03, 3.2831470910832791e-03,
       -9.9998897332652059e-01, 7.9869257563416993e-04, 0., 0., 0., 1. ]
mean-rme23: 2.2273544200277322e-03
max-rme23: 7.5398893958299462e-03
Hcamera2end24: !!opencv-matrix
   rows: 4
   cols: 4
   dt: d
   data: [ 9.9998586377440635e-01, -3.7398514716670966e-03,
       -3.7796510849900954e-03, -1.3012419180171028e-02,
       3.7708884020886011e-03, -2.3473401021287810e-03,
       9.9999013514889434e-01, 2.6662048267114470e-02,
       -3.7486867051530234e-03, -9.9999025170519273e-01,
       -2.3332043570596372e-03, 3.5929234785580785e-02, 0., 0., 0., 1. ]
Hobj2base24: !!opencv-matrix
   rows: 4
   cols: 4
   dt: d
   data: [ 9.9999000709838926e-01, -3.1031782923852153e-03,
       3.2180720702111058e-03, -7.3591705117353901e-01,
       -3.0922520444906748e-03, -9.9998945689464103e-01,
       -3.3947130738363369e-03, 9.0265880500524795e-02,
       3.2285725416578226e-03, 3.3847280608641644e-03,
       -9.9998905990780562e-01, 1.4110365860880972e-03, 0., 0., 0., 1. ]
mean-rme24: 2.2503838841102831e-03
max-rme24: 7.7695055927781698e-03
