%YAML:1.0
---
Hcamera2end0: !!opencv-matrix
   rows: 4
   cols: 4
   dt: d
   data: [ 9.9996844291689757e-01, -7.3096022594715676e-03,
       3.1117334660332990e-03, -1.4638239707951908e-02,
       -3.2087890190046989e-03, -1.3303829487834262e-02,
       9.9990635151197549e-01, 2.5743047691967336e-02,
       -7.2675197548282122e-03, -9.9988478228032207e-01,
       -1.3326864629245039e-02, 2.6953774089362201e-02, 0., 0., 0., 1. ]
Hobj2base0: !!opencv-matrix
   rows: 4
   cols: 4
   dt: d
   data: [ 9.9989445279869171e-01, -6.6660899469796068e-03,
       1.2909163691877792e-02, -7.2568785444999351e-01,
       -6.7204894861215879e-03, -9.9996870070696642e-01,
       4.1752398121539819e-03, 9.2762509087057368e-02,
       1.2880927120042549e-02, -4.2615550261429058e-03,
       -9.9990795619661310e-01, 1.4864126356790759e-03, 0., 0., 0., 1. ]
mean-rme0: 9.0144375041713678e-04
max-rme0: 3.4803933788857266e-03
Hcamera2end1: !!opencv-matrix
   rows: 4
   cols: 4
   dt: d
   data: [ 9.9999833142770556e-01, 1.6549360507843384e-03,
       7.7351695037025593e-04, -1.2680798492077811e-02,
       -7.6726420968277194e-04, -3.7755417102482980e-03,
       9.9999257826767218e-01, 2.6426004650725622e-02,
       1.6578442138016570e-03, -9.9999150319963315e-01,
       -3.7742656372830030e-03, 2.8062449445322216e-02, 0., 0., 0., 1. ]
Hobj2base1: !!opencv-matrix
   rows: 4
   cols: 4
   dt: d
   data: [ 9.9999530146016147e-01, 5.9499755032481664e-04,
       3.0071640320882939e-03, -7.3020997218367856e-01,
       5.8748659970884153e-04, -9.9999670754178793e-01,
       2.4979521770155744e-03, 9.2832063026081824e-02,
       3.0086404065525351e-03, -2.4961737717157781e-03,
       -9.9999235857050661e-01, 2.6025441481566380e-03, 0., 0., 0., 1. ]
mean-rme1: 1.4027476318173684e-03
max-rme1: 3.8471657992141528e-03
Hcamera2end2: !!opencv-matrix
   rows: 4
   cols: 4
   dt: d
   data: [ 9.9999906735534561e-01, 1.1518785688580729e-03,
       7.3380120035926246e-04, -1.4757855655709164e-02,
       -7.3184274420653745e-04, -1.6997296751382063e-03,
       9.9999828766114862e-01, 2.7000630590895840e-02,
       1.1531238601275497e-03, -9.9999789204517531e-01,
       -1.6988850959214208e-03, 2.8421760149107141e-02, 0., 0., 0., 1. ]
Hobj2base2: !!opencv-matrix
   rows: 4
   cols: 4
   dt: d
   data: [ 9.9999860346732750e-01, -6.9303207168070456e-04,
       1.5207793864880162e-03, -7.3087179640099154e-01,
       -6.9588119057980354e-04, -9.9999800243879400e-01,
       1.8737309813500105e-03, 9.0728410866497272e-02,
       1.5194777929743335e-03, -1.8747866463935539e-03,
       -9.9999708817689426e-01, 2.8076784372281366e-03, 0., 0., 0., 1. ]
mean-rme2: 1.4933889815094280e-03
max-rme2: 4.8183443830639161e-03
Hcamera2end3: !!opencv-matrix
   rows: 4
   cols: 4
   dt: d
   data: [ 9.9998309683344966e-01, -3.3584663765766866e-03,
       4.7462354536088932e-03, -1.6581312602583467e-02,
       -4.7402523908070667e-03, 1.7872097130813280e-03,
       9.9998716786202457e-01, 2.8526619492082062e-02,
       -3.3669057983760167e-03, -9.9999276326633424e-01,
       1.7712595253068786e-03, 2.7710714803464626e-02, 0., 0., 0., 1. ]
Hobj2base3: !!opencv-matrix
   rows: 4
   cols: 4
   dt: d
   data: [ 9.9998749625416194e-01, -4.7061304115507963e-03,
       -1.6910564396346358e-03, -7.3066403384676526e-01,
       -4.6985917075222580e-03, -9.9997912837656489e-01,
       4.4346417230631333e-03, 9.0659195734616393e-02,
       -1.7118911468186593e-03, -4.4266406896659258e-03,
       -9.9998873707702662e-01, 2.3954609790463352e-03, 0., 0., 0., 1. ]
mean-rme3: 1.7112501752396560e-03
max-rme3: 6.4036389693735984e-03
Hcamera2end4: !!opencv-matrix
   rows: 4
   cols: 4
   dt: d
   data: [ 9.9998490574763477e-01, -1.3777727537696289e-03,
       5.3188362573975134e-03, -1.6693586027187235e-02,
       -5.3150414309274269e-03, 2.7434914431380131e-03,
       9.9998211163464767e-01, 2.8151088317934780e-02,
       -1.3923402894268594e-03, -9.9999528748736632e-01,
       2.7361271129171527e-03, 2.7446101846593400e-02, 0., 0., 0., 1. ]
Hobj2base4: !!opencv-matrix
   rows: 4
   cols: 4
   dt: d
   data: [ 9.9999222259186826e-01, -2.9286141554286512e-03,
       -2.6415856798583958e-03, -7.3067998860320160e-01,
       -2.9143558667588500e-03, -9.9998125171498509e-01,
       5.3854199848239540e-03, 9.0400637703437925e-02,
       -2.6573079718576627e-03, -5.3776795794911302e-03,
       -9.9998200947651195e-01, 2.9117004521442892e-03, 0., 0., 0., 1. ]
mean-rme4: 1.6544295764758508e-03
max-rme4: 6.9010427611163327e-03
Hcamera2end5: !!opencv-matrix
   rows: 4
   cols: 4
   dt: d
   data: [ 9.9998498230565069e-01, -2.1243150786008267e-03,
       5.0519747242354579e-03, -1.6638206485546529e-02,
       -5.0451278186871007e-03, 3.2162118434707621e-03,
       9.9998210117315123e-01, 2.8023809333207760e-02,
       -2.1405252767940633e-03, -9.9999257160582167e-01,
       3.2054461022856806e-03, 2.7370859912372959e-02, 0., 0., 0., 1. ]
Hobj2base5: !!opencv-matrix
   rows: 4
   cols: 4
   dt: d
   data: [ 9.9999111969271803e-01, -3.2296062656522119e-03,
       -2.7074303449638451e-03, -7.3065728916933093e-01,
       -3.2154005418555801e-03, -9.9998112794372584e-01,
       5.2349742835133047e-03, 9.0451830143428211e-02,
       -2.7242861559325796e-03, -5.2262223223348211e-03,
       -9.9998263228177020e-01, 3.0216259215666789e-03, 0., 0., 0., 1. ]
mean-rme5: 1.5343646506430161e-03
max-rme5: 7.2268955961655446e-03
Hcamera2end6: !!opencv-matrix
   rows: 4
   cols: 4
   dt: d
   data: [ 9.9998621861130921e-01, -2.0019985025489170e-03,
       4.8533070633056969e-03, -1.6051608756443819e-02,
       -4.8463217590891837e-03, 3.4793835948304652e-03,
       9.9998220336924359e-01, 2.7759179859533172e-02,
       -2.0188493906975321e-03, -9.9999194291343940e-01,
       3.4696333151882364e-03, 2.7416777380884834e-02, 0., 0., 0., 1. ]
Hobj2base6: !!opencv-matrix
   rows: 4
   cols: 4
   dt: d
   data: [ 9.9999159575889218e-01, -3.0517381901001548e-03,
       -2.7377555777308026e-03, -7.3081740863875722e-01,
       -3.0387564059650607e-03, -9.9998418005405187e-01,
       4.7334555169179305e-03, 9.0823968336984903e-02,
       -2.7521575335576628e-03, -4.7250963635166966e-03,
       -9.9998504943487321e-01, 3.3455741868824440e-03, 0., 0., 0., 1. ]
mean-rme6: 1.4455089259553333e-03
max-rme6: 7.3157109930178377e-03
Hcamera2end7: !!opencv-matrix
   rows: 4
   cols: 4
   dt: d
   data: [ 9.9997551387072092e-01, -5.2491402145494210e-03,
       4.6279786079388985e-03, -1.6669639644310438e-02,
       -4.6028901500059921e-03, 4.7815891884247508e-03,
       9.9997797466099236e-01, 2.6858822794441069e-02,
       -5.2711536929326789e-03, -9.9997479114817744e-01,
       4.7573108900241801e-03, 2.7649631029933276e-02, 0., 0., 0., 1. ]
Hobj2base7: !!opencv-matrix
   rows: 4
   cols: 4
   dt: d
   data: [ 9.9997505378677509e-01, -6.1570139717604441e-03,
       -3.4616445640432577e-03, -7.3063651630914928e-01,
       -6.1424777888560728e-03, -9.9997233861278745e-01,
       4.1942789471473788e-03, 9.0889502754523954e-02,
       -3.4873730442316259e-03, -4.1729112409228889e-03,
       -9.9998521241117655e-01, 4.4948343584376499e-03, 0., 0., 0., 1. ]
mean-rme7: 1.5364520641860608e-03
max-rme7: 8.4752040686392471e-03
Hcamera2end8: !!opencv-matrix
   rows: 4
   cols: 4
   dt: d
   data: [ 9.9997329439786453e-01, -5.7067993882081525e-03,
       4.5654059868284018e-03, -1.6805200621817982e-02,
       -4.5401559612063330e-03, 4.4297031259792341e-03,
       9.9997988215466771e-01, 2.6819681148373645e-02,
       -5.7269079728719374e-03, -9.9997390474499781e-01,
       4.4036750688282167e-03, 2.7544386264509970e-02, 0., 0., 0., 1. ]
