%YAML:1.0
---
Hcamera2end0: !!opencv-matrix
   rows: 4
   cols: 4
   dt: d
   data: [ 9.9993891594813844e-01, -1.0741974560263795e-02,
       -2.6027591145472003e-03, -1.9219635344049954e-02,
       2.5747217758365255e-03, -2.6230775029403297e-03,
       9.9999324511328136e-01, 2.5441823225519238e-02,
       -1.0748729238321444e-02, -9.9993886285460509e-01,
       -2.5952596789222682e-03, 3.3722755386029576e-02, 0., 0., 0., 1. ]
Hobj2base0: !!opencv-matrix
   rows: 4
   cols: 4
   dt: d
   data: [ 9.9993580313390873e-01, -1.1040031931905926e-02,
       2.5509421568037098e-03, -7.3407868121577613e-01,
       -1.1025862847673082e-02, -9.9992406907083997e-01,
       -5.5033118464192848e-03, 8.7607127365935442e-02,
       2.6115051999112148e-03, 5.4748322126923566e-03,
       -9.9998160295719174e-01, 3.5738450447655537e-03, 0., 0., 0., 1. ]
mean-rme0: 9.6716912400845979e-04
max-rme0: 2.5582377994760319e-03
Hcamera2end1: !!opencv-matrix
   rows: 4
   cols: 4
   dt: d
   data: [ 9.9996793231507863e-01, -7.5017700044686941e-03,
       -2.8031746835358749e-03, -1.9046264678809065e-02,
       2.8008097563473073e-03, -3.2573634410715258e-04,
       9.9999602467236992e-01, 2.5607532968584812e-02,
       -7.5026532783484283e-03, -9.9997180827393051e-01,
       -3.0471486787830848e-04, 3.3595696191006795e-02, 0., 0., 0., 1. ]
Hobj2base1: !!opencv-matrix
   rows: 4
   cols: 4
   dt: d
   data: [ 9.9996369871878099e-01, -8.5190847115068635e-03,
       -1.6260483723269577e-04, -7.3475390293344656e-01,
       -8.5198164948983371e-03, -9.9995012634622538e-01,
       -5.2112903450854788e-03, 8.7325170379511471e-02,
       -1.1820130362930054e-04, 5.2124865319435531e-03,
       -9.9998640791393045e-01, 3.9959667332684556e-03, 0., 0., 0., 1. ]
mean-rme1: 9.1273397779289102e-04
max-rme1: 2.6247987078580615e-03
Hcamera2end2: !!opencv-matrix
   rows: 4
   cols: 4
   dt: d
   data: [ 9.9997687219656339e-01, -6.6304592356515183e-03,
       -1.5139624507810789e-03, -1.4669468310815111e-02,
       1.5064693016895716e-03, -1.1349586997704275e-03,
       9.9999822120791437e-01, 2.6035248509890099e-02,
       -6.6321657262977457e-03, -9.9997737418357335e-01,
       -1.1249438673739398e-03, 3.4101089511598508e-02, 0., 0., 0., 1. ]
Hobj2base2: !!opencv-matrix
   rows: 4
   cols: 4
   dt: d
   data: [ 9.9997372578327015e-01, -7.1767357052622324e-03,
       1.0208857634493326e-03, -7.3557598984283556e-01,
       -7.1726292459989641e-03, -9.9996639254477482e-01,
       -3.9707896807440659e-03, 9.1824259235302103e-02,
       1.0493487621566304e-03, 3.9633629162716642e-03,
       -9.9999159527546477e-01, 3.9528126113200640e-03, 0., 0., 0., 1. ]
mean-rme2: 1.1269930104308391e-03
max-rme2: 4.0138635302281456e-03
Hcamera2end3: !!opencv-matrix
   rows: 4
   cols: 4
   dt: d
   data: [ 9.9998708595811459e-01, -4.9117941995723636e-03,
       -1.3046818537104916e-03, -1.5764286740700309e-02,
       1.3041378780197664e-03, -1.1395009700088110e-04,
       9.9999914311951799e-01, 2.6445279851148296e-02,
       -4.9119386593755691e-03, -9.9998793057372259e-01,
       -1.0754296857995449e-04, 3.4363963931406033e-02, 0., 0., 0., 1. ]
Hobj2base3: !!opencv-matrix
   rows: 4
   cols: 4
   dt: d
   data: [ 9.9998203769120986e-01, -5.9919543509019402e-03,
       -1.4414573303223057e-04, -7.3578056218021370e-01,
       -5.9924229310484353e-03, -9.9997589972898959e-01,
       -3.5058278071434454e-03, 9.0189370205719488e-02,
       -1.2313549889847331e-04, 3.5066286165778438e-03,
       -9.9999384417775028e-01, 4.1280811018449583e-03, 0., 0., 0., 1. ]
mean-rme3: 1.3563676601065838e-03
max-rme3: 5.1137238306693256e-03
Hcamera2end4: !!opencv-matrix
   rows: 4
   cols: 4
   dt: d
   data: [ 9.9998718001226128e-01, -4.9216202399894604e-03,
       -1.1905735334808223e-03, -1.5823715606305976e-02,
       1.1903084559043355e-03, -5.6788610241831350e-05,
       9.9999928997016474e-01, 2.7051837807357808e-02,
       -4.9216843565086090e-03, -9.9998788714127296e-01,
       -5.0929636024266145e-05, 3.5348127259206198e-02, 0., 0., 0., 1. ]
Hobj2base4: !!opencv-matrix
   rows: 4
   cols: 4
   dt: d
   data: [ 9.9998503336395395e-01, -5.4503177216850092e-03,
       4.7653417990191235e-04, -7.3656742760416483e-01,
       -5.4484476254110037e-03, -9.9997777901603557e-01,
       -3.8413399523903381e-03, 9.0068062543463528e-02,
       4.9746011406107192e-04, 3.8386860889324278e-03,
       -9.9999250848321131e-01, 3.2760495896246413e-03, 0., 0., 0., 1. ]
mean-rme4: 1.5245831402883974e-03
max-rme4: 4.8920901343259549e-03
Hcamera2end5: !!opencv-matrix
   rows: 4
   cols: 4
   dt: d
   data: [ 9.9998899312503065e-01, -4.5569893065689569e-03,
       -1.1169052096057918e-03, -1.5831632563952293e-02,
       1.1171877500331944e-03, 5.9456506721899949e-05,
       9.9999937417803164e-01, 2.6965627421826392e-02,
       -4.5569200474228373e-03, -9.9998961510276885e-01,
       6.4546864921855018e-05, 3.5323107293924363e-02, 0., 0., 0., 1. ]
Hobj2base5: !!opencv-matrix
   rows: 4
   cols: 4
   dt: d
   data: [ 9.9998591291913386e-01, -5.3072300382034877e-03,
       -8.5279587946990892e-05, -7.3652704903037847e-01,
       -5.3075146262811365e-03, -9.9997876303489819e-01,
       -3.7820322163949105e-03, 9.0054018122257620e-02,
       -6.5205661883053408e-05, 3.7824315612615916e-03,
       -9.9999284445425163e-01, 3.4366244013548275e-03, 0., 0., 0., 1. ]
mean-rme5: 1.4282096034682404e-03
max-rme5: 4.7413011929066107e-03
Hcamera2end6: !!opencv-matrix
   rows: 4
   cols: 4
   dt: d
   data: [ 9.9998705699047563e-01, -5.0564818503462247e-03,
       -5.6377550887349659e-04, -1.6023682875031031e-02,
       5.6695357497727871e-04, 6.2710192094028727e-04,
       9.9999964265334840e-01, 2.6992196569142222e-02,
       -5.0561264987247726e-03, -9.9998701928298939e-01,
       6.2996059481601474e-04, 3.5638395479583980e-02, 0., 0., 0., 1. ]
Hobj2base6: !!opencv-matrix
   rows: 4
   cols: 4
   dt: d
   data: [ 9.9998017184308952e-01, -6.2881310810209553e-03,
       -3.3960001912962807e-04, -7.3683769482725914e-01,
       -6.2892030604893958e-03, -9.9997492970264190e-01,
       -3.2535966345790873e-03, 9.0288426507356648e-02,
       -3.1913246313316368e-04, 3.2556679352341456e-03,
       -9.9999464937606874e-01, 3.8910267606027068e-03, 0., 0., 0., 1. ]
mean-rme6: 1.4352336861609947e-03
max-rme6: 4.9091023247350152e-03
Hcamera2end7: !!opencv-matrix
   rows: 4
   cols: 4
   dt: d
   data: [ 9.9999754854172795e-01, -1.8939876525983015e-03,
       1.1470489554899700e-03, -1.6428045188558185e-02,
       -1.1471581105226879e-03, -5.6547041615617744e-05,
       9.9999934041513305e-01, 2.6688758836701774e-02,
       -1.8939215411276867e-03, -9.9999820480499046e-01,
       -5.8719606289781012e-05, 3.4944520207974741e-02, 0., 0., 0., 1. ]
Hobj2base7: !!opencv-matrix
   rows: 4
   cols: 4
   dt: d
   data: [ 9.9999402990788100e-01, -3.4533493326004069e-03,
       -1.2052793420385161e-04, -7.3628246269961062e-01,
       -3.4534518471399950e-03, -9.9999366618725238e-01,
       -8.6096208852660993e-04, 8.9816125681692338e-02,
       -1.1755396794867787e-04, 8.6137318592063882e-04,
       -9.9999962210857829e-01, 4.4341806155816467e-03, 0., 0., 0., 1. ]
mean-rme7: 1.5956050518069434e-03
max-rme7: 5.3006570898322392e-03
Hcamera2end8: !!opencv-matrix
   rows: 4
   cols: 4
   dt: d
   data: [ 9.9999986379932915e-01, -1.6521446929838217e-05,
       5.2165924213623386e-04, -1.6105437662465139e-02,
       -5.2163040057508811e-04, 1.7000791708272622e-03,
       9.9999841881501905e-01, 2.7420414673941584e-02,
       -1.7408282818199856e-05, -9.9999855472788313e-01,
       1.7000703211863533e-03, 3.4809623158889552e-02, 0., 0., 0., 1. ]
