%YAML:1.0
---
Hcamera2end0: !!opencv-matrix
   rows: 4
   cols: 4
   dt: d
   data: [ 9.9998050660780113e-01, -6.2419974559664981e-03,
       1.5450619738271651e-04, -2.0319521220689956e-02,
       -7.9821040181691193e-05, 1.1963422941099422e-02,
       9.9992843250911412e-01, 2.8660123287711996e-02,
       -6.2433991548567682e-03, -9.9990895284485382e-01,
       1.1962691490674304e-02, 3.4975733190673840e-02, 0., 0., 0., 1. ]
Hobj2base0: !!opencv-matrix
   rows: 4
   cols: 4
   dt: d
   data: [ 9.9993345174445503e-01, -6.7490826602166964e-03,
       -9.3563863571993321e-03, -7.4020195647620157e-01,
       -6.7573980282801096e-03, -9.9997680094197805e-01,
       -8.5740873309139113e-04, 8.5235035724822009e-02,
       -9.3503825754361284e-03, 9.2057650075788057e-04,
       -9.9995586046815066e-01, 3.1456241282664943e-03, 0., 0., 0., 1. ]
mean-rme0: 9.6058969180866979e-04
max-rme0: 2.9575943309461672e-03
Hcamera2end1: !!opencv-matrix
   rows: 4
   cols: 4
   dt: d
   data: [ 9.9998858203155894e-01, -3.5756241243527489e-03,
       3.1702868377378084e-03, -1.7907590049477760e-02,
       -3.1430546058586811e-03, 7.5961543692389943e-03,
       9.9996620925236435e-01, 2.8837162453478865e-02,
       -3.5995852895545459e-03, -9.9996475605439217e-01,
       7.5848292547152640e-03, 3.4912646506495899e-02, 0., 0., 0., 1. ]
Hobj2base1: !!opencv-matrix
   rows: 4
   cols: 4
   dt: d
   data: [ 9.9997667403805390e-01, -5.1332273294047576e-03,
       -4.5057027172592601e-03, -7.3917468521528806e-01,
       -5.1220533548699820e-03, -9.9998378706014179e-01,
       2.4880084980988494e-03, 8.8130956229752200e-02,
       -4.5184011797903189e-03, -2.4648720131883167e-03,
       -9.9998675414064198e-01, 2.5511654665234607e-03, 0., 0., 0., 1. ]
mean-rme1: 1.0916352394431627e-03
max-rme1: 3.4551636944393227e-03
Hcamera2end2: !!opencv-matrix
   rows: 4
   cols: 4
   dt: d
   data: [ 9.9999820269994333e-01, -1.3421259872470179e-03,
       1.3391395436547222e-03, -1.5800615438656199e-02,
       -1.3257539493089822e-03, 9.9251783779851221e-03,
       9.9994986534857411e-01, 2.6962350671669282e-02,
       -1.3553498990722640e-03, -9.9994984350816307e-01,
       9.9233812106334085e-03, 3.4757665875532237e-02, 0., 0., 0., 1. ]
Hobj2base2: !!opencv-matrix
   rows: 4
   cols: 4
   dt: d
   data: [ 9.9997099420972224e-01, -2.9500020357764983e-03,
       -7.0219817152006635e-03, -7.3976094715381591e-01,
       -2.9435181156796855e-03, -9.9999523209962105e-01,
       9.3353046419088280e-04, 8.9575225035719921e-02,
       -7.0247021518612058e-03, -9.1283405601535583e-04,
       -9.9997490983207360e-01, 4.5915789421302894e-03, 0., 0., 0., 1. ]
mean-rme2: 1.1494927171108802e-03
max-rme2: 3.8064802498927186e-03
Hcamera2end3: !!opencv-matrix
   rows: 4
   cols: 4
   dt: d
   data: [ 9.9999261487620883e-01, -3.2911891623495946e-03,
       1.9845067246116966e-03, -1.6411548238381177e-02,
       -1.9501065602839085e-03, 1.0422676174966838e-02,
       9.9994378087258262e-01, 2.7551834249499176e-02,
       -3.3116880055243936e-03, -9.9994026616355924e-01,
       1.0416181032636418e-02, 3.3557644744538220e-02, 0., 0., 0., 1. ]
Hobj2base3: !!opencv-matrix
   rows: 4
   cols: 4
   dt: d
   data: [ 9.9996111535801924e-01, -4.6540899083996872e-03,
       -7.4904752232850397e-03, -7.3842178996569918e-01,
       -4.6465754907514239e-03, -9.9998868411151443e-01,
       1.0202867885463630e-03, 8.9846428544163193e-02,
       -7.4951389683489550e-03, -9.8544205647327549e-04,
       -9.9997142548964790e-01, 4.3247394531192307e-03, 0., 0., 0., 1. ]
mean-rme3: 1.3063473333790551e-03
max-rme3: 3.9908909567126782e-03
Hcamera2end4: !!opencv-matrix
   rows: 4
   cols: 4
   dt: d
   data: [ 9.9998391401753117e-01, -4.8464306394815386e-03,
       2.9468315587228020e-03, -1.7156035168336043e-02,
       -2.9002066442045029e-03, 9.5995171283884684e-03,
       9.9994971777201003e-01, 2.7633322005078221e-02,
       -4.8744751101736225e-03, -9.9994217901884630e-01,
       9.5853070603829638e-03, 3.3131865621209212e-02, 0., 0., 0., 1. ]
Hobj2base4: !!opencv-matrix
   rows: 4
   cols: 4
   dt: d
   data: [ 9.9995824847616233e-01, -5.6101444758551262e-03,
       -7.2130148651969378e-03, -7.3779421047801186e-01,
       -5.5957121964179532e-03, -9.9998230466924043e-01,
       2.0194933545065884e-03, 8.9764871289215814e-02,
       -7.2242168779999378e-03, -1.9790470823275309e-03,
       -9.9997194663807698e-01, 3.8164239503112431e-03, 0., 0., 0., 1. ]
mean-rme4: 1.3962682963542697e-03
max-rme4: 3.8651315293358746e-03
Hcamera2end5: !!opencv-matrix
   rows: 4
   cols: 4
   dt: d
   data: [ 9.9998948194922799e-01, -2.9529114771932050e-03,
       3.5094593205407566e-03, -1.7309669621774201e-02,
       -3.4842440648718172e-03, 8.5013648111741391e-03,
       9.9995779252908634e-01, 2.7978046586536933e-02,
       -2.9826220362418132e-03, -9.9995950273506318e-01,
       8.4909867290989816e-03, 3.3335147196504621e-02, 0., 0., 0., 1. ]
Hobj2base5: !!opencv-matrix
   rows: 4
   cols: 4
   dt: d
   data: [ 9.9997584866903522e-01, -3.5057599482437845e-03,
       -6.0009770727765454e-03, -7.3802859527870979e-01,
       -3.4878832998163634e-03, -9.9998945669040040e-01,
       2.9868341307546413e-03, 8.9483132862199222e-02,
       -6.0113849260850149e-03, -2.9658312870202942e-03,
       -9.9997753329564731e-01, 3.4810263951057592e-03, 0., 0., 0., 1. ]
mean-rme5: 1.3920379610621754e-03
max-rme5: 3.9145723032059099e-03
Hcamera2end6: !!opencv-matrix
   rows: 4
   cols: 4
   dt: d
   data: [ 9.9998823874509146e-01, -3.5074738562225790e-03,
       3.3496266415639778e-03, -1.7405642179294242e-02,
       -3.3167004822873343e-03, 9.3515381129889441e-03,
       9.9995077290476231e-01, 2.7196093874839445e-02,
       -3.5386253546758843e-03, -9.9995012193712385e-01,
       9.3397948869348157e-03, 3.3009699529638857e-02, 0., 0., 0., 1. ]
Hobj2base6: !!opencv-matrix
   rows: 4
   cols: 4
   dt: d
   data: [ 9.9996947864285124e-01, -4.0925093285659481e-03,
       -6.6553099206446134e-03, -7.3828912882964248e-01,
       -4.0760701660840244e-03, -9.9998861316238385e-01,
       2.4817730703757734e-03, 8.9116556092455182e-02,
       -6.6653908171531604e-03, -2.4545698130799482e-03,
       -9.9997477350795561e-01, 4.3482652683047391e-03, 0., 0., 0., 1. ]
mean-rme6: 1.5196708001198580e-03
max-rme6: 3.9650918529693380e-03
Hcamera2end7: !!opencv-matrix
   rows: 4
   cols: 4
   dt: d
   data: [ 9.9998988426358026e-01, -3.1262805166964005e-03,
       3.2338430144902485e-03, -1.6918947831275830e-02,
       -3.2052587058006721e-03, 9.1054082856377727e-03,
       9.9995340784287590e-01, 2.7459536780903671e-02,
       -3.1555803175219443e-03, -9.9995365788124546e-01,
       9.0952956398846485e-03, 3.2917263425297091e-02, 0., 0., 0., 1. ]
Hobj2base7: !!opencv-matrix
   rows: 4
   cols: 4
   dt: d
   data: [ 9.9997150129033441e-01, -3.2890680514712028e-03,
       -6.7954866277152833e-03, -7.3826292302659924e-01,
       -3.2693851369165225e-03, -9.9999043440437063e-01,
       2.9055499626729599e-03, 8.9330071236786185e-02,
       -6.8049781763922746e-03, -2.8832500952693874e-03,
       -9.9997268919751403e-01, 4.0389297974895216e-03, 0., 0., 0., 1. ]
mean-rme7: 1.4687483253558917e-03
max-rme7: 3.8156705650381484e-03
Hcamera2end8: !!opencv-matrix
   rows: 4
   cols: 4
   dt: d
   data: [ 9.9999058102852456e-01, -2.7152532173774406e-03,
       3.3860381272909630e-03, -1.6923460919167816e-02,
       -3.3621670474850585e-03, 8.7483675417759921e-03,
       9.9995607998456559e-01, 2.7198094642890816e-02,
       -2.7447562694622334e-03, -9.9995804585258463e-01,
       8.7391560062586304e-03, 3.2840100690164221e-02, 0., 0., 0., 1. ]
