%YAML:1.0
---
Hcamera2end0: !!opencv-matrix
   rows: 4
   cols: 4
   dt: d
   data: [ 9.9997208742652244e-01, -3.5353837623646042e-03,
       -6.5822055191315180e-03, -1.3299559711248457e-02,
       6.5459391859712173e-03, -1.0173542153535386e-02,
       9.9992682218261530e-01, 3.0789385055706036e-02,
       -3.6020893960093769e-03, -9.9994199836875686e-01,
       -1.0150115776685009e-02, 3.2397320838804630e-02, 0., 0., 0., 1. ]
Hobj2base0: !!opencv-matrix
   rows: 4
   cols: 4
   dt: d
   data: [ 9.9993487684456284e-01, -4.1935344099083170e-03,
       1.0613969050353618e-02, -7.3037759747538245e-01,
       -4.1351538115466111e-03, -9.9997623498057653e-01,
       -5.5163372835984594e-03, 9.0818712444093341e-02,
       1.0636849759388403e-02, 5.4720876477338887e-03,
       -9.9992845428259125e-01, -3.6935334521513521e-03, 0., 0., 0., 1. ]
mean-rme0: 1.2685833738108969e-03
max-rme0: 4.5192725227553854e-03
Hcamera2end1: !!opencv-matrix
   rows: 4
   cols: 4
   dt: d
   data: [ 9.9999203908461076e-01, -8.9954584892664585e-04,
       -3.8874907933004227e-03, -1.3549573310473927e-02,
       3.8806587967988963e-03, -7.4759719761068322e-03,
       9.9996452453590345e-01, 3.1082664953408966e-02,
       -9.2857670934826586e-04, -9.9997164992827581e-01,
       -7.4724216300148250e-03, 3.3533616848654225e-02, 0., 0., 0., 1. ]
Hobj2base1: !!opencv-matrix
   rows: 4
   cols: 4
   dt: d
   data: [ 9.9997012256112161e-01, -2.2519002186046342e-03,
       7.3947907678838217e-03, -7.3267571214373350e-01,
       -2.2308146126975904e-03, -9.9999342641509226e-01,
       -2.8584248750884353e-03, 9.1064907318423621e-02,
       7.4011790451999132e-03, 2.8418430653711049e-03,
       -9.9996857274452977e-01, -3.3680883928215444e-03, 0., 0., 0., 1. ]
mean-rme1: 1.2511535117097038e-03
max-rme1: 4.7321491188319909e-03
Hcamera2end2: !!opencv-matrix
   rows: 4
   cols: 4
   dt: d
   data: [ 9.9999623284275607e-01, -1.9807328016124069e-03,
       -1.9002625779114067e-03, -1.3939028946632091e-02,
       1.8811770605739067e-03, -9.5933168108093270e-03,
       9.9995221358094610e-01, 3.2640232546776476e-02,
       -1.9988679704183456e-03, -9.9995202133409167e-01,
       -9.5895545621669243e-03, 3.3387503372727723e-02, 0., 0., 0., 1. ]
Hobj2base2: !!opencv-matrix
   rows: 4
   cols: 4
   dt: d
   data: [ 9.9995247298054246e-01, -2.7237576303352287e-03,
       9.3612458822925956e-03, -7.3199152945091717e-01,
       -2.7145723507406676e-03, -9.9999582175148016e-01,
       -9.9376885386623977e-04, 9.1268491215005867e-02,
       9.3639135541793515e-03, 9.6830984375402942e-04,
       -9.9995568876775565e-01, -5.3429244869414444e-03, 0., 0., 0., 1. ]
mean-rme2: 1.2909928516433276e-03
max-rme2: 5.0703276311043488e-03
Hcamera2end3: !!opencv-matrix
   rows: 4
   cols: 4
   dt: d
   data: [ 9.9998346651216607e-01, -5.5436287853971068e-03,
       1.5280321336172318e-03, -1.5900210494201351e-02,
       -1.5748004295216356e-03, -8.4418716193437326e-03,
       9.9996312672376575e-01, 3.3603966376866745e-02,
       -5.5305249225393333e-03, -9.9994900019123600e-01,
       -8.4504621547543124e-03, 3.2704960366881898e-02, 0., 0., 0., 1. ]
Hobj2base3: !!opencv-matrix
   rows: 4
   cols: 4
   dt: d
   data: [ 9.9995193966504126e-01, -5.1416488833780395e-03,
       8.3475629306819874e-03, -7.3124589235859294e-01,
       -5.1532707357292186e-03, -9.9998578152179673e-01,
       1.3713332802785811e-03, 9.0675236783208837e-02,
       8.3403933268111231e-03, -1.4142846253071323e-03,
       -9.9996421817890702e-01, -5.7019544846581872e-03, 0., 0., 0., 1. ]
mean-rme3: 1.5363050895574001e-03
max-rme3: 7.4212272037508520e-03
Hcamera2end4: !!opencv-matrix
   rows: 4
   cols: 4
   dt: d
   data: [ 9.9998502438054182e-01, -5.1316598814139421e-03,
       1.9018626419267004e-03, -1.5891985477551943e-02,
       -1.9434349480652506e-03, -8.1083538424069346e-03,
       9.9996523822509409e-01, 3.3876501030134315e-02,
       -5.1160605205478535e-03, -9.9995395927253972e-01,
       -8.1182054619404198e-03, 3.3624762702127275e-02, 0., 0., 0., 1. ]
Hobj2base4: !!opencv-matrix
   rows: 4
   cols: 4
   dt: d
   data: [ 9.9995999557106752e-01, -4.8561139741386027e-03,
       7.5116852024619714e-03, -7.3240716703873499e-01,
       -4.8676051495255080e-03, -9.9998700967843579e-01,
       1.5122481571756879e-03, 9.0518175189630790e-02,
       7.5042439738472744e-03, -1.5487515781248743e-03,
       -9.9997064341456099e-01, -5.4719490230449698e-03, 0., 0., 0., 1. ]
mean-rme4: 1.5621263010445177e-03
max-rme4: 7.0441398980063130e-03
Hcamera2end5: !!opencv-matrix
   rows: 4
   cols: 4
   dt: d
   data: [ 9.9999356979448095e-01, -2.9876391236634530e-03,
       1.9835277051866024e-03, -1.5695867892985191e-02,
       -2.0054154015080100e-03, -7.3409926383940505e-03,
       9.9997104364884015e-01, 3.3669019832444524e-02,
       -2.9729915502540233e-03, -9.9996859142652583e-01,
       -7.3469368918153144e-03, 3.3541830007887283e-02, 0., 0., 0., 1. ]
Hobj2base5: !!opencv-matrix
   rows: 4
   cols: 4
   dt: d
   data: [ 9.9997332749847823e-01, -2.8839396504274158e-03,
       6.7102297810060826e-03, -7.3252302199191943e-01,
       -2.8966774685404676e-03, -9.9999401983801905e-01,
       1.8893247055418003e-03, 9.0342245137093657e-02,
       6.7047409543142186e-03, -1.9087116839410861e-03,
       -9.9997570133900915e-01, -4.9671374818713258e-03, 0., 0., 0., 1. ]
mean-rme5: 1.5805591643849651e-03
max-rme5: 7.1509604359053236e-03
Hcamera2end6: !!opencv-matrix
   rows: 4
   cols: 4
   dt: d
   data: [ 9.9998372949480807e-01, -5.4933911340917518e-03,
       1.5373351952300859e-03, -1.5734729932919713e-02,
       -1.5739757715216118e-03, -6.6718511202128461e-03,
       9.9997650422542450e-01, 3.3558243948074863e-02,
       -5.4830051910675724e-03, -9.9996265383087057e-01,
       -6.6803890303730462e-03, 3.3459472784930555e-02, 0., 0., 0., 1. ]
Hobj2base6: !!opencv-matrix
   rows: 4
   cols: 4
   dt: d
   data: [ 9.9996755121034586e-01, -5.2347462244203514e-03,
       6.1232310384446769e-03, -7.3211891036316656e-01,
       -5.2450575839630255e-03, -9.9998485157507822e-01,
       1.6691289073373207e-03, 9.0648247543404822e-02,
       6.1144008148932586e-03, -1.7011914455210529e-03,
       -9.9997985982235660e-01, -4.7983486015461584e-03, 0., 0., 0., 1. ]
mean-rme6: 1.5993296414524912e-03
max-rme6: 7.2380070441240008e-03
Hcamera2end7: !!opencv-matrix
   rows: 4
   cols: 4
   dt: d
   data: [ 9.9998372180547113e-01, -5.6218145240893814e-03,
       9.7535918249398116e-04, -1.3469997497015523e-02,
       -1.0113271628817942e-03, -6.3986429192866012e-03,
       9.9997901707293879e-01, 3.4099784991804716e-02,
       -5.6154555868384451e-03, -9.9996372562720892e-01,
       -6.4042242546653583e-03, 3.3495190643688215e-02, 0., 0., 0., 1. ]
Hobj2base7: !!opencv-matrix
   rows: 4
   cols: 4
   dt: d
   data: [ 9.9996791085759029e-01, -5.0377055057338610e-03,
       6.2288665376482154e-03, -7.3234756111704002e-01,
       -5.0494204109926798e-03, -9.9998550975297240e-01,
       1.8664505356034225e-03, 9.2751451461318010e-02,
       6.2193736516939907e-03, -1.8978428086389350e-03,
       -9.9997885856854762e-01, -5.0543094507278360e-03, 0., 0., 0., 1. ]
mean-rme7: 1.6282651528629357e-03
max-rme7: 7.5140189812667180e-03
Hcamera2end8: !!opencv-matrix
   rows: 4
   cols: 4
   dt: d
   data: [ 9.9998711276328378e-01, -4.9426594308552615e-03,
       1.1594934679303220e-03, -1.3695463484990079e-02,
       -1.1914540637755855e-03, -6.4682425600477433e-03,
       9.9997837090379027e-01, 3.4515829203938628e-02,
       -4.9350526406015350e-03, -9.9996686542901758e-01,
       -6.4740481539393713e-03, 3.3456225233795912e-02, 0., 0., 0., 1. ]
Hobj2base8: !!opencv-matrix
   rows: 4
   cols: 4
   dt: d
   data: [ 9.9997128400209723e-01, -4.2932856097851720e-03,
       6.2449075149202558e-03, -7.3251404916046836e-01,
       -4.3041655263757550e-03, -9.9998924089853314e-01,
       1.7298110583779732e-03, 9.2353442916524323e-02,
       6.2374137524020675e-03, -1.7566405007683730e-03,
       -9.9997900422150510e-01, -5.4435387647102885e-03, 0., 0., 0., 1. ]
mean-rme8: 1.6016070892026883e-03
max-rme8: 7.3522180312673158e-03
Hcamera2end9: !!opencv-matrix
   rows: 4
   cols: 4
   dt: d
   data: [ 9.9998774566911564e-01, -4.8097040109689355e-03,
       1.1727143415768393e-03, -1.3694658414411502e-02,
       -1.2030681673346742e-03, -6.3129248546200945e-03,
       9.9997934959016266e-01, 3.4667649011167229e-02,
       -4.8022014310956027e-03, -9.9996850636762902e-01,
       -6.3186338957399446e-03, 3.3554466028186285e-02, 0., 0., 0., 1. ]
Hobj2base9: !!opencv-matrix
   rows: 4
   cols: 4
   dt: d
   data: [ 9.9997201698487814e-01, -3.9311511194873357e-03,
       6.3648486290158726e-03, -7.3266386637883785e-01,
       -3.9426483211825632e-03, -9.9999061702788983e-01,
       1.7948204356146560e-03, 9.2313764901778256e-02,
       6.3577331974539542e-03, -1.8198645708890359e-03,
       -9.9997813342169328e-01, -5.6161352918837467e-03, 0., 0., 0., 1. ]
mean-rme9: 1.5369548251552277e-03
max-rme9: 7.3291526490973646e-03
Hcamera2end10: !!opencv-matrix
   rows: 4
   cols: 4
   dt: d
   data: [ 9.9999254712459007e-01, -3.6387874725538577e-03,
       1.2903181794201132e-03, -1.3686638699422028e-02,
       -1.3130147133424050e-03, -6.2419136158133881e-03,
       9.9997965704646985e-01, 3.3941993507003200e-02,
       -3.6306593942565433e-03, -9.9997389852942797e-01,
       -6.2466448770990279e-03, 3.3979611921928228e-02, 0., 0., 0., 1. ]
Hobj2base10: !!opencv-matrix
   rows: 4
   cols: 4
   dt: d
   data: [ 9.9997508561713089e-01, -2.7410798221632780e-03,
       6.5049693635200493e-03, -7.3295374187213369e-01,
       -2.7552532486028155e-03, -9.9999384786526746e-01,
       2.1709010002066115e-03, 9.2202325851613476e-02,
       6.4989787311445129e-03, -2.1887697515188217e-03,
       -9.9997648600475952e-01, -4.7798199232761476e-03, 0., 0., 0., 1. ]
mean-rme10: 1.5855519947566726e-03
max-rme10: 7.4096565608199050e-03
Hcamera2end11: !!opencv-matrix
   rows: 4
   cols: 4
   dt: d
   data: [ 9.9999164312561573e-01, -3.9235009900830840e-03,
       1.1488337181345461e-03, -1.3867886681532838e-02,
       -1.1689053143155252e-03, -5.1172804072756595e-03,
       9.9998622345590316e-01, 3.3873707764141177e-02,
       -3.9175680335216531e-03, -9.9997920957448616e-01,
       -5.1218238439640906e-03, 3.3635779244049327e-02, 0., 0., 0., 1. ]
Hobj2base11: !!opencv-matrix
   rows: 4
   cols: 4
   dt: d
   data: [ 9.9997784509460008e-01, -3.0036477179948020e-03,
       5.9403215692659019e-03, -7.3281823882734820e-01,
       -3.0163341575855335e-03, -9.9999318698112538e-01,
       2.1278438808443956e-03, 9.2030573189101586e-02,
       5.9338898043259838e-03, -2.1457147335209288e-03,
       -9.9998009223187645e-01, -4.6167166586392654e-03, 0., 0., 0., 1. ]
mean-rme11: 1.6333622805173801e-03
max-rme11: 7.4677298581640461e-03
Hcamera2end12: !!opencv-matrix
   rows: 4
   cols: 4
   dt: d
   data: [ 9.9999516653339249e-01, -3.0336294370451951e-03,
       6.8117713648006969e-04, -1.3646528537174501e-02,
       -6.9774315915159058e-04, -5.4630868283578327e-03,
       9.9998483380338810e-01, 3.3320580123955640e-02,
       -3.0298620985826225e-03, -9.9998047569677317e-01,
       -5.4651771168972019e-03, 3.3864294834936276e-02, 0., 0., 0., 1. ]
Hobj2base12: !!opencv-matrix
   rows: 4
   cols: 4
   dt: d
   data: [ 9.9997737926588803e-01, -2.1881967478735226e-03,
       6.3602477561027927e-03, -7.3315825326034045e-01,
       -2.1988493390602097e-03, -9.9999619080996638e-01,
       1.6683606149615828e-03, 9.1997624835657918e-02,
       6.3565728274384888e-03, -1.6823081019944745e-03,
       -9.9997838167699382e-01, -4.2200176827063840e-03, 0., 0., 0., 1. ]
mean-rme12: 1.6590147945902617e-03
max-rme12: 7.8434475237893764e-03
Hcamera2end13: !!opencv-matrix
   rows: 4
   cols: 4
   dt: d
   data: [ 9.9999669632708632e-01, -2.3534805498298594e-03,
       1.0336654268112487e-03, -1.4194582883145599e-02,
       -1.0463458774504376e-03, -5.3931154265927095e-03,
       9.9998490961929054e-01, 3.3963500085413163e-02,
       -2.3478703579530983e-03, -9.9998268756778863e-01,
       -5.3955601641741957e-03, 3.3844631614798629e-02, 0., 0., 0., 1. ]
Hobj2base13: !!opencv-matrix
   rows: 4
   cols: 4
   dt: d
   data: [ 9.9997968309388829e-01, -1.9782244932507378e-03,
       6.0597052156881196e-03, -7.3328884610758127e-01,
       -1.9899240341495926e-03, -9.9999616672143210e-01,
       1.9252908300608515e-03, 9.1369659169976164e-02,
       6.0558733296733310e-03, -1.9373100671563790e-03,
       -9.9997978640966467e-01, -4.7010232281888388e-03, 0., 0., 0., 1. ]
mean-rme13: 1.6771624679008646e-03
max-rme13: 7.6395921863036398e-03
Hcamera2end14: !!opencv-matrix
   rows: 4
   cols: 4
   dt: d
   data: [ 9.9999717659381393e-01, -2.1724467945901838e-03,
       9.6295343875326333e-04, -1.4193637654623205e-02,
       -9.7423738063252970e-04, -5.1990514580568803e-03,
       9.9998601026487488e-01, 3.3890571365019856e-02,
       -2.1674099581551632e-03, -9.9998412504342327e-01,
       -5.2011532578974951e-03, 3.3704710945394012e-02, 0., 0., 0., 1. ]
Hobj2base14: !!opencv-matrix
   rows: 4
   cols: 4
   dt: d
   data: [ 9.9998097202798497e-01, -1.5424383606947307e-03,
       5.9729779733172427e-03, -7.3326168625103960e-01,
       -1.5552885120018252e-03, -9.9999648501088600e-01,
       2.1473340488038384e-03, 9.1343705198688036e-02,
       5.9696448479545873e-03, -2.1565828934159911e-03,
       -9.9997985604241690e-01, -4.6974778429550055e-03, 0., 0., 0., 1. ]
mean-rme14: 1.6512645074378612e-03
max-rme14: 7.7147736270674339e-03
Hcamera2end15: !!opencv-matrix
   rows: 4
   cols: 4
   dt: d
   data: [ 9.9999590674095051e-01, -2.7285055337628395e-03,
       8.6125425772768304e-04, -1.4443736510309755e-02,
       -8.7557639827125417e-04, -5.2522400692400772e-03,
       9.9998582356962717e-01, 3.3759043406349283e-02,
       -2.7239433391718776e-03, -9.9998248446250637e-01,
       -5.2546075855088858e-03, 3.3807145514489823e-02, 0., 0., 0., 1. ]
Hobj2base15: !!opencv-matrix
   rows: 4
   cols: 4
   dt: d
   data: [ 9.9997817602126426e-01, -2.0829146027279435e-03,
       6.2696848360234937e-03, -7.3306288144213172e-01,
       -2.0947906029949279e-03, -9.9999602322407144e-01,
       1.8882236022522061e-03, 9.1115393393625468e-02,
       6.2657268943774108e-03, -1.9013160705787040e-03,
       -9.9997856260206142e-01, -4.6869025836635521e-03, 0., 0., 0., 1. ]
mean-rme15: 1.6712319656536788e-03
max-rme15: 7.6820147522558002e-03
Hcamera2end16: !!opencv-matrix
   rows: 4
   cols: 4
   dt: d
   data: [ 9.9999775442456373e-01, -1.8483302963688006e-03,
       1.0367357162889353e-03, -1.4261438235135780e-02,
       -1.0460702186450934e-03, -5.0564415301270760e-03,
       9.9998666897921695e-01, 3.3372584482795960e-02,
       -1.8430634627075964e-03, -9.9998550793207386e-01,
       -5.0583636587833158e-03, 3.3817553406123128e-02, 0., 0., 0., 1. ]
Hobj2base16: !!opencv-matrix
   rows: 4
   cols: 4
   dt: d
   data: [ 9.9997863324512903e-01, -1.5894863370478050e-03,
       6.3408663751986991e-03, -7.3295283332940186e-01,
       -1.6031770957605467e-03, -9.9999639368468252e-01,
       2.1546324116028938e-03, 9.1403883432395597e-02,
       6.3374187492555613e-03, -2.1647519058403150e-03,
       -9.9997757523495623e-01, -4.3396710634647758e-03, 0., 0., 0., 1. ]
mean-rme16: 1.7419131660565267e-03
max-rme16: 7.8702672931787176e-03
Hcamera2end17: !!opencv-matrix
   rows: 4
   cols: 4
   dt: d
   data: [ 9.9999853962624774e-01, -1.3748064428663687e-03,
       1.0152106266711203e-03, -1.4847215308207243e-02,
       -1.0220051944111325e-03, -4.9505484171552538e-03,
       9.9998722370625914e-01, 3.3573322602427132e-02,
       -1.3697630285744722e-03, -9.9998680090169889e-01,
       -4.9519462468301523e-03, 3.3691559477427663e-02, 0., 0., 0., 1. ]
Hobj2base17: !!opencv-matrix
   rows: 4
   cols: 4
   dt: d
   data: [ 9.9997956412465461e-01, -9.3765294251335141e-04,
       6.3239339042440636e-03, -7.3294494390321074e-01,
       -9.5238673474134627e-04, -9.9999683845842258e-01,
       2.3272371316672060e-03, 9.0809799418274426e-02,
       6.3217317701196579e-03, -2.3332124033010673e-03,
       -9.9997729565591031e-01, -4.6443120866199563e-03, 0., 0., 0., 1. ]
mean-rme17: 1.7279048305882639e-03
max-rme17: 7.9952752746287048e-03
Hcamera2end18: !!opencv-matrix
   rows: 4
   cols: 4
   dt: d
   data: [ 9.9999905597589289e-01, -8.3080759531406099e-04,
       1.0944432660802393e-03, -1.4863961183167086e-02,
       -1.0983085451067962e-03, -4.6663245717992741e-03,
       9.9998850950064944e-01, 3.3630689132584837e-02,
       -8.2569102141497616e-04, -9.9998876752378096e-01,
       -4.6672326497576577e-03, 3.3509758094054022e-02, 0., 0., 0., 1. ]
Hobj2base18: !!opencv-matrix
   rows: 4
   cols: 4
   dt: d
   data: [ 9.9998293277184147e-01, -3.2150080322764895e-04,
       5.8335925689352785e-03, -7.3312874854655685e-01,
       -3.3420316582701969e-04, -9.9999757534224631e-01,
       2.1766069633864047e-03, 9.0714208527637910e-02,
       5.8328786435827831e-03, -2.1785194198434320e-03,
       -9.9998061560205609e-01, -4.5933376976409965e-03, 0., 0., 0., 1. ]
mean-rme18: 1.7157483737687371e-03
max-rme18: 7.9857348380233117e-03
Hcamera2end19: !!opencv-matrix
   rows: 4
   cols: 4
   dt: d
   data: [ 9.9999906444687625e-01, -1.0986410433807756e-03,
       8.1491915556122958e-04, -1.4346585133528024e-02,
       -8.1927437351611164e-04, -3.9695818776366298e-03,
       9.9999178557087043e-01, 3.3344723059854843e-02,
       -1.0953971303601308e-03, -9.9999151766781225e-01,
       -3.9704782523344306e-03, 3.3204066827875967e-02, 0., 0., 0., 1. ]
Hobj2base19: !!opencv-matrix
   rows: 4
   cols: 4
   dt: d
   data: [ 9.9998610467097415e-01, -5.9297010568217109e-04,
       5.2382107083703468e-03, -7.3302353730071867e-01,
       -6.0386228300892482e-04, -9.9999765856179534e-01,
       2.0780330289330447e-03, 9.1196148317015405e-02,
       5.2369662319588957e-03, -2.0811673118576192e-03,
       -9.9998412133758641e-01, -4.2988604357622794e-03, 0., 0., 0., 1. ]
mean-rme19: 1.7371177943618424e-03
max-rme19: 8.1227691108435029e-03
Hcamera2end20: !!opencv-matrix
   rows: 4
   cols: 4
   dt: d
   data: [ 9.9999923994737072e-01, -6.8460195378186356e-04,
       1.0253900943983933e-03, -1.4328037322596960e-02,
       -1.0282658111287076e-03, -4.2135134784164752e-03,
       9.9999059444256222e-01, 3.3212519254503081e-02,
       -6.8027501973548282e-04, -9.9999088877065878e-01,
       -4.2142142287076023e-03, 3.3224932265056045e-02, 0., 0., 0., 1. ]
Hobj2base20: !!opencv-matrix
   rows: 4
   cols: 4
   dt: d
   data: [ 9.9998498440040640e-01, -2.4738725633110522e-04,
       5.4744655688376076e-03, -7.3285334024381243e-01,
       -2.5870770101781769e-04, -9.9999782976851481e-01,
       2.0672514569267564e-03, 9.1028664059131251e-02,
       5.4739422763139889e-03, -2.0686367023082350e-03,
       -9.9998287820249687e-01, -4.4407882290100386e-03, 0., 0., 0., 1. ]
mean-rme20: 1.8739021869122652e-03
max-rme20: 7.8635160026331585e-03
Hcamera2end21: !!opencv-matrix
   rows: 4
   cols: 4
   dt: d
   data: [ 9.9999936096294062e-01, -9.5840049434179470e-04,
       5.9961838102961487e-04, -1.4198057014892943e-02,
       -6.0363646502697868e-04, -4.1977131892643182e-03,
       9.9999100737306579e-01, 3.3202595125995403e-02,
       -9.5587484981712227e-04, -9.9999073029327290e-01,
       -4.1982890322564970e-03, 3.3368600314570236e-02, 0., 0., 0., 1. ]
Hobj2base21: !!opencv-matrix
   rows: 4
   cols: 4
   dt: d
   data: [ 9.9998538592810782e-01, -6.9536284948071064e-04,
       5.3613804864916740e-03, -7.3295974917316997e-01,
       -7.0385994847201765e-04, -9.9999849911137417e-01,
       1.5831475522013914e-03, 9.1177558905246772e-02,
       5.3602715776636355e-03, -1.5868980769622085e-03,
       -9.9998437449947541e-01, -4.4842327515969595e-03, 0., 0., 0., 1. ]
mean-rme21: 1.8577668688836476e-03
max-rme21: 8.1798948824625406e-03
Hcamera2end22: !!opencv-matrix
   rows: 4
   cols: 4
   dt: d
   data: [ 9.9999886024081552e-01, -1.3600910148710852e-03,
       6.5549180095576332e-04, -1.4231745454266025e-02,
       -6.6127685878686251e-04, -4.2573532445318030e-03,
       9.9999071878506329e-01, 3.3223687231951265e-02,
       -1.3572877314284794e-03, -9.9999001249801622e-01,
       -4.2582477888883918e-03, 3.3369609109678046e-02, 0., 0., 0., 1. ]
Hobj2base22: !!opencv-matrix
   rows: 4
   cols: 4
   dt: d
   data: [ 9.9998418607649386e-01, -1.0732541098298920e-03,
       5.5204820937871093e-03, -7.3294098788357598e-01,
       -1.0823073031771848e-03, -9.9999807408825658e-01,
       1.6372020887914986e-03, 9.1210937938507222e-02,
       5.5187143279553973e-03, -1.6431510562900668e-03,
       -9.9998342178596800e-01, -4.5341461249229931e-03, 0., 0., 0., 1. ]
mean-rme22: 1.8216739834605738e-03
max-rme22: 8.0974509078049206e-03
Hcamera2end23: !!opencv-matrix
   rows: 4
   cols: 4
   dt: d
   data: [ 9.9999796559236032e-01, -1.9823419196699282e-03,
       3.7300355761514005e-04, -1.3905442409816024e-02,
       -3.8145045092295075e-04, -4.2623992985073578e-03,
       9.9999084318196296e-01, 3.3503090943352770e-02,
       -1.9807338776233630e-03, -9.9998895107532737e-01,
       -4.2631467922689126e-03, 3.3375033717169177e-02, 0., 0., 0., 1. ]
Hobj2base23: !!opencv-matrix
   rows: 4
   cols: 4
   dt: d
   data: [ 9.9998332630908759e-01, -1.4885880306235561e-03,
       5.5795348809645146e-03, -7.3300360020431521e-01,
       -1.4966966062221975e-03, -9.9999782960005867e-01,
       1.4493772592053104e-03, 9.1543666031186174e-02,
       5.5773652455024291e-03, -1.4577039636575130e-03,
       -9.9998338390998831e-01, -4.7960155463893251e-03, 0., 0., 0., 1. ]
mean-rme23: 1.8178134867298356e-03
max-rme23: 8.1822048264917624e-03
Hcamera2end24: !!opencv-matrix
   rows: 4
   cols: 4
   dt: d
   data: [ 9.9999675295657586e-01, -2.5185809437496768e-03,
       3.8836366296502627e-04, -1.4003475016103158e-02,
       -3.9727289412024697e-04, -3.5378661726193084e-03,
       9.9999366281851609e-01, 3.3480822536890865e-02,
       -2.5171910043792762e-03, -9.9999057008202541e-01,
       -3.5388552489548086e-03, 3.3245103288737851e-02, 0., 0., 0., 1. ]
Hobj2base24: !!opencv-matrix
   rows: 4
   cols: 4
   dt: d
   data: [ 9.9998563196215162e-01, -2.0197418409604474e-03,
       4.9655324137627610e-03, -7.3302314503202048e-01,
       -2.0269154751826083e-03, -9.9999690888952975e-01,
       1.4400781372868657e-03, 9.1620264950894148e-02,
       4.9626084786853963e-03, -1.4501221606816612e-03,
       -9.9998663474208804e-01, -4.5212255781493758e-03, 0., 0., 0., 1. ]
mean-rme24: 1.8740741482199293e-03
max-rme24: 8.2079823941920427e-03
