%YAML:1.0
---
Hcamera2end0: !!opencv-matrix
   rows: 4
   cols: 4
   dt: d
   data: [ 9.9977167607691930e-01, 1.6698982236215312e-02,
       1.3331905588554509e-02, -8.8530289433346714e-03,
       -1.3566889363815051e-02, 1.4038401337755024e-02,
       9.9980941323877837e-01, 2.8826075122048222e-02,
       1.6508640990026028e-02, -9.9976200531934334e-01,
       1.4261749279374847e-02, 3.5415154083447434e-02, 0., 0., 0., 1. ]
Hobj2base0: !!opencv-matrix
   rows: 4
   cols: 4
   dt: d
   data: [ 9.9982888845937390e-01, 1.3640141714730309e-02,
       -1.2495612673856191e-02, -7.4358321848299214e-01,
       1.3843100237452803e-02, -9.9977127242963770e-01,
       1.6302496748625821e-02, 9.7456917657040551e-02,
       -1.2270386216773925e-02, -1.6472685222063688e-02,
       -9.9978902187594842e-01, 5.1980826028724947e-03, 0., 0., 0., 1. ]
mean-rme0: 9.3238872667103945e-04
max-rme0: 3.3866649412122030e-03
Hcamera2end1: !!opencv-matrix
   rows: 4
   cols: 4
   dt: d
   data: [ 9.9983868898912742e-01, 1.6522291785604784e-02,
       7.0434277631150361e-03, -1.2453901304269124e-02,
       -7.1363901096686494e-03, 5.5742846340982588e-03,
       9.9995899880296135e-01, 3.1923830168252919e-02,
       1.6482352280712438e-02, -9.9984795905426016e-01,
       5.6912949602968554e-03, 3.4813983744950802e-02, 0., 0., 0., 1. ]
Hobj2base1: !!opencv-matrix
   rows: 4
   cols: 4
   dt: d
   data: [ 9.9987967826029400e-01, 1.4445426494329405e-02,
       -5.6531986952408735e-03, -7.4100272945239987e-01,
       1.4506949399337932e-02, -9.9983428771228899e-01,
       1.0997523993389735e-02, 9.2259312813510491e-02,
       -5.4933979662860639e-03, -1.1078211419586656e-02,
       -9.9992354498257874e-01, -2.9214795627721272e-04, 0., 0., 0., 1. ]
mean-rme1: 1.4724434098018176e-03
max-rme1: 4.4062019654338980e-03
Hcamera2end2: !!opencv-matrix
   rows: 4
   cols: 4
   dt: d
   data: [ 9.9990640597666469e-01, 1.2493671590346696e-02,
       5.5756127037202320e-03, -1.2708465562515618e-02,
       -5.5903895110221390e-03, 1.1481318032317001e-03,
       9.9998371453663060e-01, 3.1571808214942709e-02,
       1.2487066586848020e-02, -9.9992129188429368e-01,
       1.2178688355697354e-03, 3.4812628984232985e-02, 0., 0., 0., 1. ]
Hobj2base2: !!opencv-matrix
   rows: 4
   cols: 4
   dt: d
   data: [ 9.9993849313465022e-01, 1.1075218541512697e-02,
       -5.9116991025896435e-04, -7.3952102596316782e-01,
       1.1079741771915539e-02, -9.9990423027136610e-01,
       8.2927442800657496e-03, 9.2304895220761518e-02,
       -4.9926933886647480e-04, -8.2987842293089330e-03,
       -9.9996543985801956e-01, -1.1951509390292145e-03, 0., 0., 0., 1. ]
mean-rme2: 1.5056838260022601e-03
max-rme2: 5.4248738364706672e-03
Hcamera2end3: !!opencv-matrix
   rows: 4
   cols: 4
   dt: d
   data: [ 9.9997608383306791e-01, 6.9159901819935195e-03,
       2.9011787610773703e-05, -1.0887628546802731e-02,
       -2.5473153726150548e-05, -5.1174729914160721e-04,
       9.9999986873290136e-01, 3.1344553801239523e-02,
       6.9160041208555078e-03, -9.9997595330813038e-01,
       -5.1155888802667526e-04, 3.3490889008053741e-02, 0., 0., 0., 1. ]
Hobj2base3: !!opencv-matrix
   rows: 4
   cols: 4
   dt: d
   data: [ 9.9997942798544237e-01, 6.2317372173486566e-03,
       1.5195582125562912e-03, -7.3708197810512910e-01,
       6.2266659515555168e-03, -9.9997510436868753e-01,
       3.3195291775325103e-03, 9.3567072467529405e-02,
       1.5402068157149777e-03, -3.3099991067464148e-03,
       -9.9999333581223349e-01, -1.6985281460889141e-03, 0., 0., 0., 1. ]
mean-rme3: 1.5752683997166464e-03
max-rme3: 8.5006955180834121e-03
Hcamera2end4: !!opencv-matrix
   rows: 4
   cols: 4
   dt: d
   data: [ 9.9994762145858973e-01, 9.9976725591548743e-03,
       2.1910916705663733e-03, -1.1450334208631355e-02,
       -2.1670817883381521e-03, -2.4117486756480844e-03,
       9.9999474359860885e-01, 3.2063029159022073e-02,
       1.0002904369809645e-02, -9.9994711360737709e-01,
       -2.3899565776415166e-03, 3.3919340123201087e-02, 0., 0., 0., 1. ]
Hobj2base4: !!opencv-matrix
   rows: 4
   cols: 4
   dt: d
   data: [ 9.9996425177950443e-01, 8.0981938312730904e-03,
       2.4319580027291664e-03, -7.3745845470758498e-01,
       8.0864393623310184e-03, -9.9995576030166511e-01,
       4.8048868829777096e-03, 9.3189826127229980e-02,
       2.4707613189564577e-03, -4.7850492359011558e-03,
       -9.9998549921602087e-01, -2.1505950184658785e-03, 0., 0., 0., 1. ]
mean-rme4: 1.8478037054352181e-03
max-rme4: 7.4168509125066562e-03
Hcamera2end5: !!opencv-matrix
   rows: 4
   cols: 4
   dt: d
   data: [ 9.9997030847818569e-01, 7.4014050194909121e-03,
       2.1450794343523655e-03, -1.1418431750718753e-02,
       -2.1206053020228662e-03, -3.3129522300920922e-03,
       9.9999226366041161e-01, 3.2429738116690143e-02,
       7.4084543054040112e-03, -9.9996712123512277e-01,
       -3.2971584047718494e-03, 3.4268875249665959e-02, 0., 0., 0., 1. ]
Hobj2base5: !!opencv-matrix
   rows: 4
   cols: 4
   dt: d
   data: [ 9.9997640347594519e-01, 6.1458265756267139e-03,
       3.0694147676776935e-03, -7.3748623151783343e-01,
       6.1339742791131227e-03, -9.9997375239143582e-01,
       3.8560196750195893e-03, 9.3205776282253183e-02,
       3.0930326310752258e-03, -3.8371009751217069e-03,
       -9.9998785482887209e-01, -2.4952182976160542e-03, 0., 0., 0., 1. ]
mean-rme5: 1.9958199962139870e-03
max-rme5: 7.5355537974593212e-03
Hcamera2end6: !!opencv-matrix
   rows: 4
   cols: 4
   dt: d
   data: [ 9.9997569242034523e-01, 6.5877753830659649e-03,
       2.2838090886232688e-03, -1.2358535973033975e-02,
       -2.2611590362631036e-03, -3.4435958696426017e-03,
       9.9999151436764655e-01, 3.2541032564880785e-02,
       6.5955839971706736e-03, -9.9997237104981496e-01,
       -3.4286161563255035e-03, 3.4581529837128443e-02, 0., 0., 0., 1. ]
Hobj2base6: !!opencv-matrix
   rows: 4
   cols: 4
   dt: d
   data: [ 9.9998099843625632e-01, 5.0652203946420418e-03,
       3.5137314612423798e-03, -7.3733215976831368e-01,
       5.0520854748348967e-03, -9.9998025533911661e-01,
       3.7370261265492442e-03, 9.2444069501286100e-02,
       3.5325909447577485e-03, -3.7192034455312759e-03,
       -9.9998684407693506e-01, -2.5615712943187394e-03, 0., 0., 0., 1. ]
mean-rme6: 2.0144064635807860e-03
max-rme6: 7.5323091410819665e-03
Hcamera2end7: !!opencv-matrix
   rows: 4
   cols: 4
   dt: d
   data: [ 9.9997099665058908e-01, 7.0576524224435517e-03,
       2.8627608896929779e-03, -1.4767829221608705e-02,
       -2.8298018749375181e-03, -4.6755398362421374e-03,
       9.9998506566277690e-01, 3.2424990714699391e-02,
       7.0709319736636678e-03, -9.9996416379264486e-01,
       -4.6554324718688367e-03, 3.4384741214507381e-02, 0., 0., 0., 1. ]
Hobj2base7: !!opencv-matrix
   rows: 4
   cols: 4
   dt: d
   data: [ 9.9997354655227211e-01, 5.5799075509173962e-03,
       4.6659219232639861e-03, -7.3639743918087985e-01,
       5.5596252173656163e-03, -9.9997508964541248e-01,
       4.3486384180649266e-03, 9.0288793697444331e-02,
       4.6900706938395719e-03, -4.3225826043990102e-03,
       -9.9997965905138009e-01, -3.1215378831959684e-03, 0., 0., 0., 1. ]
mean-rme7: 2.1000241186671562e-03
max-rme7: 7.6795914706235535e-03
Hcamera2end8: !!opencv-matrix
   rows: 4
   cols: 4
   dt: d
   data: [ 9.9997125624932948e-01, 7.0379594807341468e-03,
       2.8202484793873463e-03, -1.4800834609349530e-02,
       -2.7880153673430822e-03, -4.5855106680319224e-03,
       9.9998559992743130e-01, 3.2169609831620080e-02,
       7.0507904130956214e-03, -9.9996471948677301e-01,
       -4.5657569240695750e-03, 3.4428829154211540e-02, 0., 0., 0., 1. ]
