%YAML:1.0
---
Hcamera2end0: !!opencv-matrix
   rows: 4
   cols: 4
   dt: d
   data: [ 9.9999032898135176e-01, -4.2994678403096417e-03,
       9.2548368868243611e-04, -1.6003563756568303e-02,
       -8.7872162749386509e-04, 1.0865430776858531e-02,
       9.9994058336599900e-01, 2.8659972394371822e-02,
       -4.3092681593570655e-03, -9.9993172616450321e-01,
       1.0861547661696780e-02, 3.2534957367876129e-02, 0., 0., 0., 1. ]
Hobj2base0: !!opencv-matrix
   rows: 4
   cols: 4
   dt: d
   data: [ 9.9991216446907882e-01, -3.6668222643090140e-03,
       -1.2736473658111874e-02, -7.3581647371464365e-01,
       -3.6867935807029994e-03, -9.9999201036195839e-01,
       -1.5449159660099320e-03, 8.8741825880082489e-02,
       -1.2730706966036768e-02, 1.5917370168193488e-03,
       -9.9991769434959710e-01, 3.9301000651514968e-03, 0., 0., 0., 1. ]
mean-rme0: 1.3511655145122721e-03
max-rme0: 4.2052839735385594e-03
Hcamera2end1: !!opencv-matrix
   rows: 4
   cols: 4
   dt: d
   data: [ 9.9997323442739605e-01, 7.2254208111636551e-03,
       -1.1505315787308009e-03, -1.5565580187316963e-02,
       1.1312177159751775e-03, 2.6765614912117597e-03,
       9.9999577817361962e-01, 2.7590439234069248e-02,
       7.2284697752095176e-03, -9.9997031421571980e-01,
       2.6683163274838773e-03, 3.3389032561482040e-02, 0., 0., 0., 1. ]
Hobj2base1: !!opencv-matrix
   rows: 4
   cols: 4
   dt: d
   data: [ 9.9996463610445674e-01, 6.8953552082420934e-03,
       -4.8146253264038817e-03, -7.3582356050553532e-01,
       6.8927265363700431e-03, -9.9997608675218519e-01,
       -5.6235636459133626e-04, 8.6858721762135382e-02,
       -4.8183878399627898e-03, 5.2915058172961753e-04,
       -9.9998825150012904e-01, 3.1622805025302331e-03, 0., 0., 0., 1. ]
mean-rme1: 1.8000235532430128e-03
max-rme1: 4.3955706899460045e-03
Hcamera2end2: !!opencv-matrix
   rows: 4
   cols: 4
   dt: d
   data: [ 9.9997850298521551e-01, 6.3874745671998519e-03,
       -1.4811266322018687e-03, -1.7658116795220318e-02,
       1.4784762274405675e-03, 4.1963977384407158e-04,
       9.9999881900455512e-01, 2.8804156259292238e-02,
       6.3880885632664561e-03, -9.9997951182567413e-01,
       4.1018702354067571e-04, 3.3533006946024707e-02, 0., 0., 0., 1. ]
Hobj2base2: !!opencv-matrix
   rows: 4
   cols: 4
   dt: d
   data: [ 9.9997071574948027e-01, 6.6746042383846859e-03,
       -3.7439687142335793e-03, -7.3583835373350359e-01,
       6.6727257314740870e-03, -9.9997760501207211e-01,
       -5.1400937030035186e-04, 8.4772192196453919e-02,
       -3.7473156772209978e-03, 4.8901184154388213e-04,
       -9.9999285922082159e-01, 1.3555998412153047e-03, 0., 0., 0., 1. ]
mean-rme2: 1.8237870417057410e-03
max-rme2: 4.1955224860346085e-03
Hcamera2end3: !!opencv-matrix
   rows: 4
   cols: 4
   dt: d
   data: [ 9.9998312291446556e-01, 5.7068232368628286e-03,
       -1.0890614198345665e-03, -1.6771502199972321e-02,
       1.0947959837604290e-03, -1.0018334046208999e-03,
       9.9999889887518545e-01, 2.9619721044169517e-02,
       5.7057258948280763e-03, -9.9998321410830326e-01,
       -1.0080643037526649e-03, 3.3546872292762708e-02, 0., 0., 0., 1. ]
Hobj2base3: !!opencv-matrix
   rows: 4
   cols: 4
   dt: d
   data: [ 9.9997993117140882e-01, 6.0404631425307349e-03,
       -1.9105128756834991e-03, -7.3573035751957705e-01,
       6.0395425988028599e-03, -9.9998164309581927e-01,
       -4.8723360192524012e-04, 8.5827820122576268e-02,
       -1.9134209211959360e-03, 4.7568519981934737e-04,
       -9.9999805627009564e-01, -4.1471865122445615e-05, 0., 0., 0., 1. ]
mean-rme3: 1.8289027362436525e-03
max-rme3: 4.0611568356716532e-03
Hcamera2end4: !!opencv-matrix
   rows: 4
   cols: 4
   dt: d
   data: [ 9.9997421378730644e-01, 7.1797211723694755e-03,
       -1.5285400024364062e-04, -1.6827504325640851e-02,
       1.6397787253813727e-04, -1.5487828903091305e-03,
       9.9999878719067259e-01, 2.9252190157973000e-02,
       7.1794757270763759e-03, -9.9997302607392657e-01,
       -1.5499202684674529e-03, 3.3975975236792237e-02, 0., 0., 0., 1. ]
Hobj2base4: !!opencv-matrix
   rows: 4
   cols: 4
   dt: d
   data: [ 9.9997661333584009e-01, 6.7685945883903583e-03,
       -9.7923882779551931e-04, -7.3619355532312669e-01,
       6.7689122774428189e-03, -9.9997703897665380e-01,
       3.2147482690578720e-04, 8.5554272644880316e-02,
       -9.7704041069623438e-04, -3.2809569040598827e-04,
       -9.9999946887248603e-01, 1.9990893418470046e-04, 0., 0., 0., 1. ]
mean-rme4: 1.8319682978317009e-03
max-rme4: 4.4953431638688479e-03
Hcamera2end5: !!opencv-matrix
   rows: 4
   cols: 4
   dt: d
   data: [ 9.9997298605579898e-01, 7.3342431698614000e-03,
       -4.8583513072340432e-04, -1.6723442584242652e-02,
       4.9512184174848326e-04, -1.2644499986833591e-03,
       9.9999907800985599e-01, 2.9224098765566590e-02,
       7.3336220935310819e-03, -9.9997230463814635e-01,
       -1.2680471848878216e-03, 3.4144850372490668e-02, 0., 0., 0., 1. ]
Hobj2base5: !!opencv-matrix
   rows: 4
   cols: 4
   dt: d
   data: [ 9.9997641063373077e-01, 6.7411555141027790e-03,
       -1.3171933855586888e-03, -7.3639694796462651e-01,
       6.7406676869695053e-03, -9.9997721133628348e-01,
       -3.7444257735974964e-04, 8.5620123065901166e-02,
       -1.3196875441266593e-03, 3.6555498160512013e-04,
       -9.9999906239673120e-01, 4.0663936321067018e-04, 0., 0., 0., 1. ]
mean-rme5: 1.7619902623476804e-03
max-rme5: 4.5149529801387089e-03
Hcamera2end6: !!opencv-matrix
   rows: 4
   cols: 4
   dt: d
   data: [ 9.9997910389262767e-01, 6.4646529932163941e-03,
       6.3067200906192708e-06, -1.7107327152742262e-02,
       -2.5064342208396158e-06, -5.8786405994504243e-04,
       9.9999982720476766e-01, 2.9247252098505067e-02,
       6.4646555836492536e-03, -9.9997893111681346e-01,
       -5.8783557264696640e-04, 3.4566399232603427e-02, 0., 0., 0., 1. ]
Hobj2base6: !!opencv-matrix
   rows: 4
   cols: 4
   dt: d
   data: [ 9.9998255196222841e-01, 5.6535728478346913e-03,
       -1.7125668347170477e-03, -7.3680761957162499e-01,
       5.6542028434396910e-03, -9.9998394889162401e-01,
       3.6324828794962827e-04, 8.6020276216445091e-02,
       -1.7104856954634085e-03, -3.7292515024621735e-04,
       -9.9999846758158450e-01, 1.0090868030084577e-03, 0., 0., 0., 1. ]
mean-rme6: 1.8630140776229589e-03
max-rme6: 4.5958637301837246e-03
Hcamera2end7: !!opencv-matrix
   rows: 4
   cols: 4
   dt: d
   data: [ 9.9998419844344211e-01, 5.5693525104526815e-03,
       -7.6496799998270653e-04, -1.6929020079343590e-02,
       7.6837348129732246e-04, -6.0935407663209595e-04,
       9.9999951914478558e-01, 2.9218898409074268e-02,
       5.5688836960312033e-03, -9.9998430537695115e-01,
       -6.1362379066620676e-04, 3.4845870823325173e-02, 0., 0., 0., 1. ]
Hobj2base7: !!opencv-matrix
   rows: 4
   cols: 4
   dt: d
   data: [ 9.9998710824571913e-01, 4.8609957173983386e-03,
       -1.4676726473385790e-03, -7.3697839175286828e-01,
       4.8606974127224350e-03, -9.9998816536777757e-01,
       -2.0674875734813633e-04, 8.6142340783289847e-02,
       -1.4686602827966211e-03, 1.9961217935431661e-04,
       -9.9999890159537275e-01, 9.0309788176758858e-04, 0., 0., 0., 1. ]
mean-rme7: 1.7857187258510689e-03
max-rme7: 4.8207263021836366e-03
Hcamera2end8: !!opencv-matrix
   rows: 4
   cols: 4
   dt: d
   data: [ 9.9996543370007773e-01, 8.2846664181425358e-03,
       7.0406488023128100e-04, -1.7062906698517660e-02,
       -7.0346658629630819e-04, -7.5130843515625045e-05,
       9.9999974974502759e-01, 2.9588404165888704e-02,
       8.2847172418519140e-03, -9.9996567873987352e-01,
       -6.9300260516547141e-05, 3.4415199572275811e-02, 0., 0., 0., 1. ]
