%YAML:1.0
---
Hcamera2end0: !!opencv-matrix
   rows: 4
   cols: 4
   dt: d
   data: [ 9.9993324710750142e-01, -1.0263404392490873e-02,
       5.3069632865332898e-03, -1.2614679275816826e-02,
       -5.3137039521400737e-03, -6.2960932877231812e-04,
       9.9998568396872678e-01, 3.1271610173376332e-02,
       -1.0259916147679968e-02, -9.9994713166365423e-01,
       -6.8410399301122027e-04, 3.0083756101093883e-02, 0., 0., 0., 1. ]
Hobj2base0: !!opencv-matrix
   rows: 4
   cols: 4
   dt: d
   data: [ 9.9994951840115398e-01, -9.8020874082788353e-03,
       2.2090114849632127e-03, -7.3128075022075933e-01,
       -9.8081057474635192e-03, -9.9994817195667651e-01,
       2.7302860925861928e-03, 9.4116366470178889e-02,
       2.1821344932911302e-03, -2.7518144816208122e-03,
       -9.9999383288403920e-01, -2.9195151023239572e-03, 0., 0., 0., 1. ]
mean-rme0: 1.2460858321968096e-03
max-rme0: 3.1906489119317705e-03
Hcamera2end1: !!opencv-matrix
   rows: 4
   cols: 4
   dt: d
   data: [ 9.9997713803574750e-01, -4.4738140668796099e-03,
       5.0703445179371195e-03, -1.2758737012320557e-02,
       -5.0508851975461433e-03, 4.3502343061412319e-03,
       9.9997778176327634e-01, 3.1456512630977970e-02,
       -4.4957718532855004e-03, -9.9998053003504850e-01,
       4.3275381299930915e-03, 3.1407689519005175e-02, 0., 0., 0., 1. ]
Hobj2base1: !!opencv-matrix
   rows: 4
   cols: 4
   dt: d
   data: [ 9.9998393581515865e-01, -4.8883478629311947e-03,
       -2.8691752814361902e-03, -7.3471373579571975e-01,
       -4.8812408514641182e-03, -9.9998501435684939e-01,
       2.4788201793442804e-03, 9.3166114884178128e-02,
       -2.8812496203255746e-03, -2.4647752235249735e-03,
       -9.9999281161602482e-01, -2.3984656502954449e-03, 0., 0., 0., 1. ]
mean-rme1: 1.3451278461620835e-03
max-rme1: 2.9282864672288689e-03
Hcamera2end2: !!opencv-matrix
   rows: 4
   cols: 4
   dt: d
   data: [ 9.9998778860681614e-01, -2.8365782801972775e-03,
       4.0467840206539814e-03, -1.3416762658169172e-02,
       -4.0474113070198105e-03, -2.1543638009680066e-04,
       9.9999178599070404e-01, 3.1495150963480698e-02,
       -2.8356831560164717e-03, -9.9999595369722705e-01,
       -2.2691454832290958e-04, 3.2463852790619120e-02, 0., 0., 0., 1. ]
Hobj2base2: !!opencv-matrix
   rows: 4
   cols: 4
   dt: d
   data: [ 9.9999783717192725e-01, -1.7964455679941780e-03,
       1.0480623974001896e-03, -7.3501970951557405e-01,
       -1.7983485034787665e-03, -9.9999673120052379e-01,
       1.8175618083593793e-03, 9.1834914160426107e-02,
       1.0447938206391914e-03, -1.8194426587295933e-03,
       -9.9999779901471975e-01, -3.1169461780940141e-03, 0., 0., 0., 1. ]
mean-rme2: 1.5922443474230882e-03
max-rme2: 5.8052664106556795e-03
Hcamera2end3: !!opencv-matrix
   rows: 4
   cols: 4
   dt: d
   data: [ 9.9999799896458597e-01, 1.9612105639024626e-03,
       3.9461366917704086e-04, -1.1232630355669912e-02,
       -3.9090595132318384e-04, -1.8905490205065600e-03,
       9.9999813650673264e-01, 3.1066888466498296e-02,
       1.9619529456855224e-03, -9.9999628973187937e-01,
       -1.8897785885698681e-03, 3.2694846115088549e-02, 0., 0., 0., 1. ]
Hobj2base3: !!opencv-matrix
   rows: 4
   cols: 4
   dt: d
   data: [ 9.9999298441455653e-01, 2.8449222020460250e-03,
       2.4367066570901265e-03, -7.3529637396249536e-01,
       2.8466957729013169e-03, -9.9999568555945140e-01,
       -7.2469694307824119e-04, 9.2476841000512761e-02,
       2.4346344376410022e-03, 7.3162842144545547e-04,
       -9.9999676863228304e-01, -3.3271736749719899e-03, 0., 0., 0., 1. ]
mean-rme3: 1.9376511938195300e-03
max-rme3: 7.5684771045292087e-03
Hcamera2end4: !!opencv-matrix
   rows: 4
   cols: 4
   dt: d
   data: [ 9.9999948197667277e-01, 8.7084751109997040e-04,
       5.2694496730330983e-04, -1.1311403116724909e-02,
       -5.2454424741900786e-04, -2.7546955826400765e-03,
       9.9999606824506027e-01, 3.2243847491506043e-02,
       8.7229566011469200e-04, -9.9999582662972097e-01,
       -2.7542373575910606e-03, 3.1639510976135946e-02, 0., 0., 0., 1. ]
Hobj2base4: !!opencv-matrix
   rows: 4
   cols: 4
   dt: d
   data: [ 9.9999460797879514e-01, 1.1620134184054591e-03,
       3.0714391010057333e-03, -7.3423783880015581e-01,
       1.1633118893171041e-03, -9.9999923473032748e-01,
       -4.2100380973688316e-04, 9.2785345958933105e-02,
       3.0709475384504237e-03, 4.2457458129892717e-04,
       -9.9999519449727425e-01, -4.9850718869687448e-03, 0., 0., 0., 1. ]
mean-rme4: 1.9716477910349242e-03
max-rme4: 7.6977468979906039e-03
Hcamera2end5: !!opencv-matrix
   rows: 4
   cols: 4
   dt: d
   data: [ 9.9999977455307065e-01, 2.0231497223855441e-04,
       -6.4028310917352543e-04, -1.0999135763243356e-02,
       6.4064921948121789e-04, -1.8147525079361682e-03,
       9.9999814811924148e-01, 3.2101157792358795e-02,
       2.0115264219718832e-04, -9.9999833286960382e-01,
       -1.8148817117347171e-03, 3.1466770791355590e-02, 0., 0., 0., 1. ]
Hobj2base5: !!opencv-matrix
   rows: 4
   cols: 4
   dt: d
   data: [ 9.9999727561915064e-01, 2.8898707850815158e-04,
       2.3162989325336792e-03, -7.3412928790866583e-01,
       2.9222523957812678e-04, -9.9999898041732149e-01,
       -1.3977727735715083e-03, 9.3154908104939829e-02,
       2.3158926326051574e-03, 1.3984458465166267e-03,
       -9.9999634048856811e-01, -4.5941013521397433e-03, 0., 0., 0., 1. ]
mean-rme5: 2.1097535036137963e-03
max-rme5: 7.0816417820296906e-03
Hcamera2end6: !!opencv-matrix
   rows: 4
   cols: 4
   dt: d
   data: [ 9.9999649002708901e-01, -2.4591147903182640e-03,
       9.8624943605514991e-04, -1.2103802920379179e-02,
       -9.8512899313028639e-04, 4.5679821058841608e-04,
       9.9999941042795681e-01, 3.1667188786445262e-02,
       -2.4595638574705170e-03, -9.9999687204002918e-01,
       4.5437406196169317e-04, 3.1266291525405901e-02, 0., 0., 0., 1. ]
Hobj2base6: !!opencv-matrix
   rows: 4
   cols: 4
   dt: d
   data: [ 9.9999815635962963e-01, -1.7683559845720683e-03,
       7.4846139078072447e-04, -7.3400374911886157e-01,
       -1.7676883635383762e-03, -9.9999804005931070e-01,
       -8.9171485756566078e-04, 9.2565837510427129e-02,
       7.5003679314569825e-04, 8.9039016707310981e-04,
       -9.9999932232485045e-01, -3.3477200750900576e-03, 0., 0., 0., 1. ]
mean-rme6: 2.3810648228532573e-03
max-rme6: 8.3077907650054295e-03
Hcamera2end7: !!opencv-matrix
   rows: 4
   cols: 4
   dt: d
   data: [ 9.9999569237667452e-01, -2.6857533139910844e-03,
       1.1840427491560867e-03, -1.3215659503236060e-02,
       -1.1820309238666357e-03, 7.5053667923541401e-04,
       9.9999901974831373e-01, 3.1440140380926192e-02,
       -2.6866393487898939e-03, -9.9999611170435543e-01,
       7.4735880273513189e-04, 3.1209732401518756e-02, 0., 0., 0., 1. ]
Hobj2base7: !!opencv-matrix
   rows: 4
   cols: 4
   dt: d
   data: [ 9.9999850156384296e-01, -1.5794723228345826e-03,
       7.0861643372464585e-04, -7.3411752131446439e-01,
       -1.5793440021050166e-03, -9.9999873634448599e-01,
       -1.8160934560431351e-04, 9.1620644095354448e-02,
       7.0890238521253220e-04, 1.8048992435990756e-04,
       -9.9999973244036200e-01, -2.9223799901598266e-03, 0., 0., 0., 1. ]
mean-rme7: 2.2526534044123221e-03
max-rme7: 8.2956977036650337e-03
Hcamera2end8: !!opencv-matrix
   rows: 4
   cols: 4
   dt: d
   data: [ 9.9999559281999451e-01, -2.7810970816476918e-03,
       1.0391533140640110e-03, -1.2767952755451090e-02,
       -1.0365893021403389e-03, 9.2322530668997871e-04,
       9.9999903656836187e-01, 3.0788161734530046e-02,
       -2.7820537748878492e-03, -9.9999570656781100e-01,
       9.2033838238680943e-04, 3.1204785166442841e-02, 0., 0., 0., 1. ]
Hobj2base8: !!opencv-matrix
   rows: 4
   cols: 4
   dt: d
   data: [ 9.9999851659737526e-01, -1.6279323446627711e-03,
       5.6270714427651832e-04, -7.3410052529796432e-01,
       -1.6275286176168455e-03, -9.9999841839502945e-01,
       -7.1718758925624784e-04, 9.1774233793288890e-02,
       5.6387378716984298e-04, 7.1627070339764793e-04,
       -9.9999958450122950e-01, -2.2412521305180599e-03, 0., 0., 0., 1. ]
mean-rme8: 2.1911266910535124e-03
max-rme8: 8.4911273808641330e-03
Hcamera2end9: !!opencv-matrix
   rows: 4
   cols: 4
   dt: d
   data: [ 9.9999327306569263e-01, -3.6206926145877327e-03,
       5.8686314743789281e-04, -1.2681930889015708e-02,
       -5.8405375477073437e-04, 7.7693542066303856e-04,
       9.9999952762617039e-01, 3.0574181030070320e-02,
       -3.6211468590336224e-03, -9.9999314345466539e-01,
       7.7481551515301561e-04, 3.1228199126008400e-02, 0., 0., 0., 1. ]
Hobj2base9: !!opencv-matrix
   rows: 4
   cols: 4
   dt: d
   data: [ 9.9999654376022051e-01, -2.5318421941448069e-03,
       7.0869084750339309e-04, -7.3400639271253232e-01,
       -2.5312483870659282e-03, -9.9999644564822576e-01,
       -8.3753956261918604e-04, 9.1984584503908617e-02,
       7.1080884657072634e-04, 8.3574279531696137e-04,
       -9.9999939814220107e-01, -2.0689681292661690e-03, 0., 0., 0., 1. ]
mean-rme9: 2.1512514104382024e-03
max-rme9: 8.3703451876813439e-03
Hcamera2end10: !!opencv-matrix
   rows: 4
   cols: 4
   dt: d
   data: [ 9.9999374345346825e-01, -3.4513240736167511e-03,
       7.7551019212705285e-04, -1.2810117118896442e-02,
       -7.7287811969632019e-04, 7.6389525624986909e-04,
       9.9999940956155042e-01, 3.0750122748495139e-02,
       -3.4519144443792551e-03, -9.9999375239357191e-01,
       7.6122302404313391e-04, 3.1558523454686738e-02, 0., 0., 0., 1. ]
Hobj2base10: !!opencv-matrix
   rows: 4
   cols: 4
   dt: d
   data: [ 9.9999730315430746e-01, -2.2356438733445740e-03,
       6.2895197246126645e-04, -7.3440765901824601e-01,
       -2.2354721888739530e-03, -9.9999746391681099e-01,
       -2.7353982951677265e-04, 9.2017834978375818e-02,
       6.2956191503071748e-04, 2.7213308717948713e-04,
       -9.9999976479766084e-01, -2.0860480845335608e-03, 0., 0., 0., 1. ]
mean-rme10: 2.0870107517134053e-03
max-rme10: 8.4271046873062028e-03
Hcamera2end11: !!opencv-matrix
   rows: 4
   cols: 4
   dt: d
   data: [ 9.9999542984648315e-01, -3.0021406468988833e-03,
       3.5698415031139709e-04, -1.2564646940945378e-02,
       -3.5545999798804444e-04, 5.0820676206597692e-04,
       9.9999980768701979e-01, 3.0482640119338270e-02,
       -3.0023214913074076e-03, -9.9999536442796733e-01,
       5.0713729857476686e-04, 3.2106795707910932e-02, 0., 0., 0., 1. ]
Hobj2base11: !!opencv-matrix
   rows: 4
   cols: 4
   dt: d
   data: [ 9.9999733400299351e-01, -2.1238882543685154e-03,
       9.0613773150470187e-04, -7.3493194539563567e-01,
       -2.1230945571181574e-03, -9.9999736256343796e-01,
       -8.7597698005369617e-04, 9.1982522852681395e-02,
       9.0799581884295176e-04, 8.7405082861593262e-04,
       -9.9999920578905566e-01, -2.0282694963144380e-03, 0., 0., 0., 1. ]
mean-rme11: 2.0598583914988480e-03
max-rme11: 8.4379553180099209e-03
Hcamera2end12: !!opencv-matrix
   rows: 4
   cols: 4
   dt: d
   data: [ 9.9999577316787691e-01, -2.8963018493413113e-03,
       2.5511169635823662e-04, -1.2503292116216633e-02,
       -2.5435148520842410e-04, 2.6284179825031284e-04,
       9.9999993310975321e-01, 3.0617867750114349e-02,
       -2.8963687096239914e-03, -9.9999577116595162e-01,
       2.6210400858517335e-04, 3.2391291196715612e-02, 0., 0., 0., 1. ]
Hobj2base12: !!opencv-matrix
   rows: 4
   cols: 4
   dt: d
   data: [ 9.9999741249248741e-01, -2.0880013229456150e-03,
       9.0291683197029433e-04, -7.3504944982504938e-01,
       -2.0870572766503608e-03, -9.9999727583618769e-01,
       -1.0452330497950323e-03, 9.2031713011488103e-02,
       9.0509682026769327e-04, 1.0433459061022898e-03,
       -9.9999904611407864e-01, -1.9271728509239010e-03, 0., 0., 0., 1. ]
mean-rme12: 2.0383967910800856e-03
max-rme12: 8.4926144778691148e-03
Hcamera2end13: !!opencv-matrix
   rows: 4
   cols: 4
   dt: d
   data: [ 9.9999506476601074e-01, -3.1265821573851606e-03,
       -3.0810328625813558e-04, -1.3627425377934996e-02,
       3.1175296888123478e-04, 1.1668872265750974e-03,
       9.9999927059187743e-01, 3.0491564374991665e-02,
       -3.1262203550415386e-03, -9.9999443141360222e-01,
       1.1678561889836292e-03, 3.2125706168330562e-02, 0., 0., 0., 1. ]
Hobj2base13: !!opencv-matrix
   rows: 4
   cols: 4
   dt: d
   data: [ 9.9999700749775033e-01, -2.4230753307643324e-03,
       -3.3719650911106505e-04, -7.3515493531670262e-01,
       -2.4235250235371954e-03, -9.9999616590348350e-01,
       -1.3396659255234373e-03, 9.0712398005543052e-02,
       -3.3394910481150284e-04, 1.3404791207478214e-03,
       -9.9999904579640542e-01, -1.4387866622114192e-03, 0., 0., 0., 1. ]
mean-rme13: 2.0050928928970302e-03
max-rme13: 8.6179420108038751e-03
Hcamera2end14: !!opencv-matrix
   rows: 4
   cols: 4
   dt: d
   data: [ 9.9999647505453426e-01, -2.5895051201288905e-03,
       -5.8680638976480815e-04, -1.4292266331696663e-02,
       5.8973911229983364e-04, 1.1319235017751561e-03,
       9.9999918547815114e-01, 3.0760934478118784e-02,
       -2.5888387909768257e-03, -9.9999600659823584e-01,
       1.1334466442572966e-03, 3.2032640573908991e-02, 0., 0., 0., 1. ]
Hobj2base14: !!opencv-matrix
   rows: 4
   cols: 4
   dt: d
   data: [ 9.9999763134562492e-01, -2.1754900046026802e-03,
       -6.7426846454054460e-05, -7.3510200040844698e-01,
       -2.1755823792154552e-03, -9.9999665114589931e-01,
       -1.4016198835837762e-03, 8.9975565232397262e-02,
       -6.4377410604394327e-05, 1.4017632562897380e-03,
       -9.9999901545717651e-01, -1.9006041795826072e-03, 0., 0., 0., 1. ]
mean-rme14: 1.9855368664764791e-03
max-rme14: 8.7591809563598300e-03
Hcamera2end15: !!opencv-matrix
   rows: 4
   cols: 4
   dt: d
   data: [ 9.9999548253136472e-01, -2.9563181991112391e-03,
       -5.4323067720985895e-04, -1.4198956667709600e-02,
       5.4664487008705145e-04, 1.1541945748889670e-03,
       9.9999918450680203e-01, 3.0794561014410728e-02,
       -2.9556887943533081e-03, -9.9999496399611376e-01,
       1.1558054170289767e-03, 3.2104751408161172e-02, 0., 0., 0., 1. ]
Hobj2base15: !!opencv-matrix
   rows: 4
   cols: 4
   dt: d
   data: [ 9.9999758882169576e-01, -2.1923506075957745e-03,
       1.2629175732719713e-04, -7.3505455008423815e-01,
       -2.1921848291219736e-03, -9.9999675452630865e-01,
       -1.2981766154025482e-03, 9.0130109131210556e-02,
       1.2913740574216568e-04, 1.2978966303928024e-03,
       -9.9999914939357182e-01, -1.9227903396124911e-03, 0., 0., 0., 1. ]
mean-rme15: 1.9538383510364012e-03
max-rme15: 8.7612401229201498e-03
Hcamera2end16: !!opencv-matrix
   rows: 4
   cols: 4
   dt: d
   data: [ 9.9999484523857263e-01, -3.1458726045564050e-03,
       -6.4263663073279502e-04, -1.4320854252750762e-02,
       6.4593903989385569e-04, 1.0488559017453047e-03,
       9.9999924133173934e-01, 3.0933879367299383e-02,
       -3.1451961846598857e-03, -9.9999450167831094e-01,
       1.0508825370731945e-03, 3.2133877939226146e-02, 0., 0., 0., 1. ]
Hobj2base16: !!opencv-matrix
   rows: 4
   cols: 4
   dt: d
   data: [ 9.9999675089305451e-01, -2.5353734174021676e-03,
       2.6473565783876701e-04, -7.3499939562629113e-01,
       -2.5350760482506494e-03, -9.9999616214328380e-01,
       -1.1176261151634159e-03, 9.0064779000667297e-02,
       2.6756824136422427e-04, 1.1169513588513379e-03,
       -9.9999934041323169e-01, -2.0971151519918918e-03, 0., 0., 0., 1. ]
mean-rme16: 1.9012839776879726e-03
max-rme16: 8.8675523213431473e-03
Hcamera2end17: !!opencv-matrix
   rows: 4
   cols: 4
   dt: d
   data: [ 9.9999668084813587e-01, -2.5036125893915756e-03,
       -6.0845436458295088e-04, -1.4443892804618443e-02,
       6.0934177611920678e-04, 3.5370490701946977e-04,
       9.9999975179768852e-01, 3.1038994756442718e-02,
       -2.5033967546946936e-03, -9.9999680340331143e-01,
       3.5522928876108306e-04, 3.2365811662708556e-02, 0., 0., 0., 1. ]
Hobj2base17: !!opencv-matrix
   rows: 4
   cols: 4
   dt: d
   data: [ 9.9999833719618436e-01, -1.7233506535470806e-03,
       5.9637856377024213e-04, -7.3513921366056045e-01,
       -1.7227360982298818e-03, -9.9999798619157909e-01,
       -1.0294625403989089e-03, 8.9835247265545023e-02,
       5.9815148771986720e-04, 1.0284334257246513e-03,
       -9.9999929226949269e-01, -2.2340414846329865e-03, 0., 0., 0., 1. ]
mean-rme17: 1.8960097419165654e-03
max-rme17: 8.7834993293539332e-03
Hcamera2end18: !!opencv-matrix
   rows: 4
   cols: 4
   dt: d
   data: [ 9.9999520494918970e-01, -3.0279212259947379e-03,
       -6.4943951016824329e-04, -1.4446182097918904e-02,
       6.4958399252235252e-04, 4.6733479191485294e-05,
       9.9999978792828703e-01, 3.0954296896224504e-02,
       -3.0278902332904617e-03, -9.9999541474400344e-01,
       4.8700144261060174e-05, 3.2546400554786921e-02, 0., 0., 0., 1. ]
Hobj2base18: !!opencv-matrix
   rows: 4
   cols: 4
   dt: d
   data: [ 9.9999704423272096e-01, -2.0347585958710728e-03,
       1.3308956676215348e-03, -7.3496809068322211e-01,
       -2.0333972182951135e-03, -9.9999740891155997e-01,
       -1.0234578251198132e-03, 8.9932106554124439e-02,
       1.3329747087603289e-03, 1.0207485604682794e-03,
       -9.9999859062440821e-01, -2.3268427272140624e-03, 0., 0., 0., 1. ]
mean-rme18: 1.9107715383146050e-03
max-rme18: 8.8675197405889417e-03
Hcamera2end19: !!opencv-matrix
   rows: 4
   cols: 4
   dt: d
   data: [ 9.9999492792447275e-01, -3.0928921739190669e-03,
       -7.6035736929759611e-04, -1.5006153132052362e-02,
       7.6088966391945137e-04, 1.7092951049746397e-04,
       9.9999969591496463e-01, 3.0994320106462296e-02,
       -3.0927612659039038e-03, -9.9999520238904283e-01,
       1.7328199321686721e-04, 3.2533453313208997e-02, 0., 0., 0., 1. ]
Hobj2base19: !!opencv-matrix
   rows: 4
   cols: 4
   dt: d
   data: [ 9.9999737377872344e-01, -2.1544283699318225e-03,
       7.8158432361672087e-04, -7.3508618614896604e-01,
       -2.1536474585093783e-03, -9.9999718228778622e-01,
       -9.9860858835858798e-04, 8.9347556684872667e-02,
       7.8373355201024340e-04, 9.9692270869929816e-04,
       -9.9999919595309295e-01, -2.1474726440073376e-03, 0., 0., 0., 1. ]
mean-rme19: 1.8991713191059041e-03
max-rme19: 8.9037560896480794e-03
Hcamera2end20: !!opencv-matrix
   rows: 4
   cols: 4
   dt: d
   data: [ 9.9999525902646902e-01, -3.0260110406264097e-03,
       -5.7024711061612939e-04, -1.5202381166201220e-02,
       5.7046071628073379e-04, 6.9727206978398293e-05,
       9.9999983485633026e-01, 3.1028031091146206e-02,
       -3.0259707791615311e-03, -9.9999541918715729e-01,
       7.1453096829321439e-05, 3.2671690954572785e-02, 0., 0., 0., 1. ]
Hobj2base20: !!opencv-matrix
   rows: 4
   cols: 4
   dt: d
   data: [ 9.9999681574252530e-01, -2.3110005647309700e-03,
       1.0137954427185117e-03, -7.3508154233921297e-01,
       -2.3103422539025743e-03, -9.9999711987662399e-01,
       -6.5004394226817234e-04, 8.9478805319275503e-02,
       1.0152947747802403e-03, 6.4769965791276393e-04,
       -9.9999927483057394e-01, -2.0959894146337687e-03, 0., 0., 0., 1. ]
mean-rme20: 1.9389648030418009e-03
max-rme20: 9.1251317882875271e-03
Hcamera2end21: !!opencv-matrix
   rows: 4
   cols: 4
   dt: d
   data: [ 9.9998973560408122e-01, -4.2068264832818888e-03,
       -1.6826459578075234e-03, -1.4770708321422915e-02,
       1.6821314446996761e-03, -1.2583957752210218e-04,
       9.9999857729808961e-01, 3.0873445008102005e-02,
       -4.2070322416782645e-03, -9.9999114334844996e-01,
       -1.1876185074477519e-04, 3.2387649173436041e-02, 0., 0., 0., 1. ]
Hobj2base21: !!opencv-matrix
   rows: 4
   cols: 4
   dt: d
   data: [ 9.9999325337623290e-01, -3.5390957967885539e-03,
       9.8387141354040557e-04, -7.3461229427913399e-01,
       -3.5374897627487435e-03, -9.9999241568407959e-01,
       -1.6293374415199868e-03, 8.9779009602810170e-02,
       9.8963033283961332e-04, 1.6258460139400189e-03,
       -9.9999818862663159e-01, -2.0055796820963468e-03, 0., 0., 0., 1. ]
mean-rme21: 1.9870009647357245e-03
max-rme21: 9.5792083961808439e-03
Hcamera2end22: !!opencv-matrix
   rows: 4
   cols: 4
   dt: d
   data: [ 9.9999522322048229e-01, -2.5952124008347980e-03,
       -1.6788117262740026e-03, -1.4756087508004360e-02,
       1.6794785784316557e-03, 2.5479680370033009e-04,
       9.9999855721410613e-01, 3.0780139546096118e-02,
       -2.5947809006370841e-03, -9.9999659996981172e-01,
       2.5915419022592978e-04, 3.2293229325524780e-02, 0., 0., 0., 1. ]
Hobj2base22: !!opencv-matrix
   rows: 4
   cols: 4
   dt: d
   data: [ 9.9999737776335174e-01, -2.1547672417443859e-03,
       7.7552856446610346e-04, -7.3462082244914517e-01,
       -2.1533867002297789e-03, -9.9999610332957589e-01,
       -1.7765841897736858e-03, 8.9596163210909269e-02,
       7.7935366790120861e-04, 1.7749095182531451e-03,
       -9.9999812115026598e-01, -1.8894553404054679e-03, 0., 0., 0., 1. ]
mean-rme22: 2.0230600704764972e-03
max-rme22: 9.4975148060692238e-03
Hcamera2end23: !!opencv-matrix
   rows: 4
   cols: 4
   dt: d
   data: [ 9.9999492184493177e-01, -2.9028791101328557e-03,
       -1.3151339174326537e-03, -1.4934748530680057e-02,
       1.3156940184410519e-03, 1.9104550052950753e-04,
       9.9999911622504267e-01, 3.0818616526223974e-02,
       -2.9026252942234744e-03, -9.9999576838829107e-01,
       1.9486383105238314e-04, 3.2402026438643768e-02, 0., 0., 0., 1. ]
Hobj2base23: !!opencv-matrix
   rows: 4
   cols: 4
   dt: d
   data: [ 9.9999661508298154e-01, -2.4961763228829267e-03,
       7.3411602926277411e-04, -7.3462152548849868e-01,
       -2.4950338268604415e-03, -9.9999568132187400e-01,
       -1.5531077887087747e-03, 8.9626557684312325e-02,
       7.3798968974099672e-04, 1.5512708872419379e-03,
       -9.9999852446383741e-01, -1.8101646171132869e-03, 0., 0., 0., 1. ]
mean-rme23: 2.0024324144169220e-03
max-rme23: 9.4651216502224800e-03
Hcamera2end24: !!opencv-matrix
   rows: 4
   cols: 4
   dt: d
   data: [ 9.9999607086059861e-01, -2.5455362375607794e-03,
       -1.1740990707698074e-03, -1.4937251541408712e-02,
       1.1745051158402228e-03, 1.5802357970928771e-04,
       9.9999929778289409e-01, 3.0795963534185671e-02,
       -2.5453489147035926e-03, -9.9999674763161683e-01,
       1.6101270414614621e-04, 3.2403144924835911e-02, 0., 0., 0., 1. ]
Hobj2base24: !!opencv-matrix
   rows: 4
   cols: 4
   dt: d
   data: [ 9.9999697715155189e-01, -2.3245310523134408e-03,
       8.0140073955186839e-04, -7.3458672705443839e-01,
       -2.3233621088571180e-03, -9.9999624031478840e-01,
       -1.4564837106331217e-03, 8.9543885423021746e-02,
       8.0478336814991452e-04, 1.4546173637913125e-03,
       -9.9999861820507308e-01, -1.8156625966149328e-03, 0., 0., 0., 1. ]
mean-rme24: 1.9972882815977254e-03
max-rme24: 9.3293634225692090e-03
