%YAML:1.0
---
Hcamera2end0: !!opencv-matrix
   rows: 4
   cols: 4
   dt: d
   data: [ 9.9993324710750142e-01, -1.0263404392490873e-02,
       5.3069632865332898e-03, -1.2614679275816826e-02,
       -5.3137039521400737e-03, -6.2960932877231812e-04,
       9.9998568396872678e-01, 3.1271610173376332e-02,
       -1.0259916147679968e-02, -9.9994713166365423e-01,
       -6.8410399301122027e-04, 3.0083756101093883e-02, 0., 0., 0., 1. ]
Hobj2base0: !!opencv-matrix
   rows: 4
   cols: 4
   dt: d
   data: [ 9.9994951840115398e-01, -9.8020874082788353e-03,
       2.2090114849632127e-03, -7.3128075022075933e-01,
       -9.8081057474635192e-03, -9.9994817195667651e-01,
       2.7302860925861928e-03, 9.4116366470178889e-02,
       2.1821344932911302e-03, -2.7518144816208122e-03,
       -9.9999383288403920e-01, -2.9195151023239572e-03, 0., 0., 0., 1. ]
mean-rme0: 1.2460858321968096e-03
max-rme0: 3.1906489119317705e-03
Hcamera2end1: !!opencv-matrix
   rows: 4
   cols: 4
   dt: d
   data: [ 9.9997713803574750e-01, -4.4738140668796099e-03,
       5.0703445179371195e-03, -1.2758737012320557e-02,
       -5.0508851975461433e-03, 4.3502343061412319e-03,
       9.9997778176327634e-01, 3.1456512630977970e-02,
       -4.4957718532855004e-03, -9.9998053003504850e-01,
       4.3275381299930915e-03, 3.1407689519005175e-02, 0., 0., 0., 1. ]
Hobj2base1: !!opencv-matrix
   rows: 4
   cols: 4
   dt: d
   data: [ 9.9998393581515865e-01, -4.8883478629311947e-03,
       -2.8691752814361902e-03, -7.3471373579571975e-01,
       -4.8812408514641182e-03, -9.9998501435684939e-01,
       2.4788201793442804e-03, 9.3166114884178128e-02,
       -2.8812496203255746e-03, -2.4647752235249735e-03,
       -9.9999281161602482e-01, -2.3984656502954449e-03, 0., 0., 0., 1. ]
mean-rme1: 1.3451278461620835e-03
max-rme1: 2.9282864672288689e-03
Hcamera2end2: !!opencv-matrix
   rows: 4
   cols: 4
   dt: d
   data: [ 9.9998778860681614e-01, -2.8365782801972775e-03,
       4.0467840206539814e-03, -1.3416762658169172e-02,
       -4.0474113070198105e-03, -2.1543638009680066e-04,
       9.9999178599070404e-01, 3.1495150963480698e-02,
       -2.8356831560164717e-03, -9.9999595369722705e-01,
       -2.2691454832290958e-04, 3.2463852790619120e-02, 0., 0., 0., 1. ]
Hobj2base2: !!opencv-matrix
   rows: 4
   cols: 4
   dt: d
   data: [ 9.9999783717192725e-01, -1.7964455679941780e-03,
       1.0480623974001896e-03, -7.3501970951557405e-01,
       -1.7983485034787665e-03, -9.9999673120052379e-01,
       1.8175618083593793e-03, 9.1834914160426107e-02,
       1.0447938206391914e-03, -1.8194426587295933e-03,
       -9.9999779901471975e-01, -3.1169461780940141e-03, 0., 0., 0., 1. ]
mean-rme2: 1.5922443474230882e-03
max-rme2: 5.8052664106556795e-03
Hcamera2end3: !!opencv-matrix
   rows: 4
   cols: 4
   dt: d
   data: [ 9.9999799896458597e-01, 1.9612105639024626e-03,
       3.9461366917704086e-04, -1.1232630355669912e-02,
       -3.9090595132318384e-04, -1.8905490205065600e-03,
       9.9999813650673264e-01, 3.1066888466498296e-02,
       1.9619529456855224e-03, -9.9999628973187937e-01,
       -1.8897785885698681e-03, 3.2694846115088549e-02, 0., 0., 0., 1. ]
Hobj2base3: !!opencv-matrix
   rows: 4
   cols: 4
   dt: d
   data: [ 9.9999298441455653e-01, 2.8449222020460250e-03,
       2.4367066570901265e-03, -7.3529637396249536e-01,
       2.8466957729013169e-03, -9.9999568555945140e-01,
       -7.2469694307824119e-04, 9.2476841000512761e-02,
       2.4346344376410022e-03, 7.3162842144545547e-04,
       -9.9999676863228304e-01, -3.3271736749719899e-03, 0., 0., 0., 1. ]
mean-rme3: 1.9376511938195300e-03
max-rme3: 7.5684771045292087e-03
Hcamera2end4: !!opencv-matrix
   rows: 4
   cols: 4
   dt: d
   data: [ 9.9999948197667277e-01, 8.7084751109997040e-04,
       5.2694496730330983e-04, -1.1311403116724909e-02,
       -5.2454424741900786e-04, -2.7546955826400765e-03,
       9.9999606824506027e-01, 3.2243847491506043e-02,
       8.7229566011469200e-04, -9.9999582662972097e-01,
       -2.7542373575910606e-03, 3.1639510976135946e-02, 0., 0., 0., 1. ]
Hobj2base4: !!opencv-matrix
   rows: 4
   cols: 4
   dt: d
   data: [ 9.9999460797879514e-01, 1.1620134184054591e-03,
       3.0714391010057333e-03, -7.3423783880015581e-01,
       1.1633118893171041e-03, -9.9999923473032748e-01,
       -4.2100380973688316e-04, 9.2785345958933105e-02,
       3.0709475384504237e-03, 4.2457458129892717e-04,
       -9.9999519449727425e-01, -4.9850718869687448e-03, 0., 0., 0., 1. ]
mean-rme4: 1.9716477910349242e-03
max-rme4: 7.6977468979906039e-03
Hcamera2end5: !!opencv-matrix
   rows: 4
   cols: 4
   dt: d
   data: [ 9.9999977455307065e-01, 2.0231497223855441e-04,
       -6.4028310917352543e-04, -1.0999135763243356e-02,
       6.4064921948121789e-04, -1.8147525079361682e-03,
       9.9999814811924148e-01, 3.2101157792358795e-02,
       2.0115264219718832e-04, -9.9999833286960382e-01,
       -1.8148817117347171e-03, 3.1466770791355590e-02, 0., 0., 0., 1. ]
Hobj2base5: !!opencv-matrix
   rows: 4
   cols: 4
   dt: d
   data: [ 9.9999727561915064e-01, 2.8898707850815158e-04,
       2.3162989325336792e-03, -7.3412928790866583e-01,
       2.9222523957812678e-04, -9.9999898041732149e-01,
       -1.3977727735715083e-03, 9.3154908104939829e-02,
       2.3158926326051574e-03, 1.3984458465166267e-03,
       -9.9999634048856811e-01, -4.5941013521397433e-03, 0., 0., 0., 1. ]
mean-rme5: 2.1097535036137963e-03
max-rme5: 7.0816417820296906e-03
Hcamera2end6: !!opencv-matrix
   rows: 4
   cols: 4
   dt: d
   data: [ 9.9999649002708901e-01, -2.4591147903182640e-03,
       9.8624943605514991e-04, -1.2103802920379179e-02,
       -9.8512899313028639e-04, 4.5679821058841608e-04,
       9.9999941042795681e-01, 3.1667188786445262e-02,
       -2.4595638574705170e-03, -9.9999687204002918e-01,
       4.5437406196169317e-04, 3.1266291525405901e-02, 0., 0., 0., 1. ]
Hobj2base6: !!opencv-matrix
   rows: 4
   cols: 4
   dt: d
   data: [ 9.9999815635962963e-01, -1.7683559845720683e-03,
       7.4846139078072447e-04, -7.3400374911886157e-01,
       -1.7676883635383762e-03, -9.9999804005931070e-01,
       -8.9171485756566078e-04, 9.2565837510427129e-02,
       7.5003679314569825e-04, 8.9039016707310981e-04,
       -9.9999932232485045e-01, -3.3477200750900576e-03, 0., 0., 0., 1. ]
mean-rme6: 2.3810648228532573e-03
max-rme6: 8.3077907650054295e-03
Hcamera2end7: !!opencv-matrix
   rows: 4
   cols: 4
   dt: d
   data: [ 9.9999569237667452e-01, -2.6857533139910844e-03,
       1.1840427491560867e-03, -1.3215659503236060e-02,
       -1.1820309238666357e-03, 7.5053667923541401e-04,
       9.9999901974831373e-01, 3.1440140380926192e-02,
       -2.6866393487898939e-03, -9.9999611170435543e-01,
       7.4735880273513189e-04, 3.1209732401518756e-02, 0., 0., 0., 1. ]
Hobj2base7: !!opencv-matrix
   rows: 4
   cols: 4
   dt: d
   data: [ 9.9999850156384296e-01, -1.5794723228345826e-03,
       7.0861643372464585e-04, -7.3411752131446439e-01,
       -1.5793440021050166e-03, -9.9999873634448599e-01,
       -1.8160934560431351e-04, 9.1620644095354448e-02,
       7.0890238521253220e-04, 1.8048992435990756e-04,
       -9.9999973244036200e-01, -2.9223799901598266e-03, 0., 0., 0., 1. ]
mean-rme7: 2.2526534044123221e-03
max-rme7: 8.2956977036650337e-03
Hcamera2end8: !!opencv-matrix
   rows: 4
   cols: 4
   dt: d
   data: [ 9.9999559281999451e-01, -2.7810970816476918e-03,
       1.0391533140640110e-03, -1.2767952755451090e-02,
       -1.0365893021403389e-03, 9.2322530668997871e-04,
       9.9999903656836187e-01, 3.0788161734530046e-02,
       -2.7820537748878492e-03, -9.9999570656781100e-01,
       9.2033838238680943e-04, 3.1204785166442841e-02, 0., 0., 0., 1. ]
