%YAML:1.0
---
Hcamera2end0: !!opencv-matrix
   rows: 4
   cols: 4
   dt: d
   data: [ 9.9986999681081978e-01, 5.6485802704502857e-03,
       -1.5102417636246087e-02, -1.1034342212556291e-02,
       1.5087691646096248e-02, 2.6406166966395084e-03,
       9.9988268747101217e-01, 2.8607950666175577e-02,
       5.6877973173834646e-03, -9.9998056015324110e-01,
       2.5550493706887334e-03, 3.4043563924501440e-02, 0., 0., 0., 1. ]
Hobj2base0: !!opencv-matrix
   rows: 4
   cols: 4
   dt: d
   data: [ 9.9997349697772020e-01, 5.7868364189494238e-03,
       -4.4179029425315871e-03, -7.3926455675370495e-01,
       5.7305935422131398e-03, -9.9990370440290910e-01,
       -1.2638916844194086e-02, 8.7141396334035739e-02,
       -4.4906168622199007e-03, 1.2613264668626778e-02,
       -9.9991036594016602e-01, 2.5162636629581145e-03, 0., 0., 0., 1. ]
mean-rme0: 1.2859057513079164e-03
max-rme0: 4.7084727963790374e-03
Hcamera2end1: !!opencv-matrix
   rows: 4
   cols: 4
   dt: d
   data: [ 9.9995899588894821e-01, 2.3294341125878154e-03,
       -8.7510157971303661e-03, -1.1165015754014322e-02,
       8.7438987765678360e-03, 3.0481063342755466e-03,
       9.9995712572187812e-01, 3.0184240082362996e-02,
       2.3560082664643828e-03, -9.9999264136517019e-01,
       3.0276130132977919e-03, 3.2276033330028202e-02, 0., 0., 0., 1. ]
Hobj2base1: !!opencv-matrix
   rows: 4
   cols: 4
   dt: d
   data: [ 9.9998775560058195e-01, 1.5684533781090944e-03,
       -4.6934638500312651e-03, -7.3684901401571490e-01,
       1.5376964347743496e-03, -9.9997736890771227e-01,
       -6.5495925127287214e-03, 8.9593842927516376e-02,
       -4.7036303623195557e-03, 6.5422951942730343e-03,
       -9.9996753659056581e-01, 2.0144280400565102e-03, 0., 0., 0., 1. ]
mean-rme1: 1.6289805069971605e-03
max-rme1: 5.1178690548137062e-03
Hcamera2end2: !!opencv-matrix
   rows: 4
   cols: 4
   dt: d
   data: [ 9.9996499906883651e-01, 2.5490982854494927e-03,
       -7.9688603446689786e-03, -1.0150365082296914e-02,
       7.9587693480894575e-03, 3.9446010049027924e-03,
       9.9996054827846903e-01, 2.8698617924615411e-02,
       2.5804316936572924e-03, -9.9998897104960283e-01,
       3.9241752548950792e-03, 3.2163532300554423e-02, 0., 0., 0., 1. ]
Hobj2base2: !!opencv-matrix
   rows: 4
   cols: 4
   dt: d
   data: [ 9.9998197114117882e-01, 1.4732883949398951e-03,
       -5.8212381765293409e-03, -7.3694742173777850e-01,
       1.4348206580881012e-03, -9.9997714527960579e-01,
       -6.6068304148097128e-03, 9.0447319278044655e-02,
       -5.8308389003359409e-03, 6.5983588684055744e-03,
       -9.9996123073745347e-01, 3.8358662725921366e-03, 0., 0., 0., 1. ]
mean-rme2: 1.7212881811660711e-03
max-rme2: 5.1026773227657030e-03
Hcamera2end3: !!opencv-matrix
   rows: 4
   cols: 4
   dt: d
   data: [ 9.9996856439286019e-01, 3.1109731769031843e-03,
       -7.2932895167335489e-03, -8.3853243255556913e-03,
       7.2820967330323363e-03, 3.5941206426292061e-03,
       9.9996702613835076e-01, 2.9184476206563958e-02,
       3.1370835585088188e-03, -9.9998870200752721e-01,
       3.5713532516565838e-03, 3.1867497763641478e-02, 0., 0., 0., 1. ]
Hobj2base3: !!opencv-matrix
   rows: 4
   cols: 4
   dt: d
   data: [ 9.9998313139150352e-01, 2.2616795704708593e-03,
       -5.3499287811615412e-03, -7.3646524958492643e-01,
       2.2300384117271547e-03, -9.9998003204813601e-01,
       -5.9129039981240432e-03, 9.2075273699602680e-02,
       -5.3631950482158760e-03, 5.9008737089794273e-03,
       -9.9996820740878811e-01, 2.9651684710575751e-03, 0., 0., 0., 1. ]
mean-rme3: 1.7406705570022849e-03
max-rme3: 5.0433682191418916e-03
Hcamera2end4: !!opencv-matrix
   rows: 4
   cols: 4
   dt: d
   data: [ 9.9996671076676424e-01, 2.4771935035974510e-03,
       -7.7743726849303068e-03, -8.2906428060044324e-03,
       7.7687500784736855e-03, 2.2713440781473304e-03,
       9.9996724322264530e-01, 2.8398085630780365e-02,
       2.4947706340806165e-03, -9.9999435223826361e-01,
       2.2520237696191936e-03, 3.1536733744274792e-02, 0., 0., 0., 1. ]
Hobj2base4: !!opencv-matrix
   rows: 4
   cols: 4
   dt: d
   data: [ 9.9998388994082177e-01, 2.1207591374890343e-03,
       -5.2651913073717910e-03, -7.3592314591174135e-01,
       2.0883057920786561e-03, -9.9997883648808283e-01,
       -6.1616194996693564e-03, 9.2171410648074076e-02,
       -5.2781471882884659e-03, 6.1505249061109962e-03,
       -9.9996715556344062e-01, 3.6486168389006147e-03, 0., 0., 0., 1. ]
mean-rme4: 1.8692558896054679e-03
max-rme4: 4.7458897351959906e-03
Hcamera2end5: !!opencv-matrix
   rows: 4
   cols: 4
   dt: d
   data: [ 9.9996568829905819e-01, 2.9659708783773618e-03,
       -7.7346778432808242e-03, -8.4764214793421940e-03,
       7.7281637770791958e-03, 2.2014749680061563e-03,
       9.9996771397510631e-01, 2.8644828070815708e-02,
       2.9829028186253229e-03, -9.9999317823908884e-01,
       2.1784779229492290e-03, 3.1778561527181511e-02, 0., 0., 0., 1. ]
Hobj2base5: !!opencv-matrix
   rows: 4
   cols: 4
   dt: d
   data: [ 9.9998254558073818e-01, 2.1592100490579903e-03,
       -5.4996677927814609e-03, -7.3628612691672324e-01,
       2.1267975646934341e-03, -9.9998037692015518e-01,
       -5.8925806522851848e-03, 9.2390122046848155e-02,
       -5.5122831917205411e-03, 5.8807811206436347e-03,
       -9.9996751504607673e-01, 3.6761567444031714e-03, 0., 0., 0., 1. ]
mean-rme5: 1.8929021960263650e-03
max-rme5: 4.8257895574866927e-03
Hcamera2end6: !!opencv-matrix
   rows: 4
   cols: 4
   dt: d
   data: [ 9.9996382727049193e-01, 2.2804674926455337e-03,
       -8.1941209757198201e-03, -8.4288487724852711e-03,
       8.1894649866195643e-03, 2.0435853483008470e-03,
       9.9996437757660006e-01, 2.8305840736737770e-02,
       2.2971316424351467e-03, -9.9999531160247912e-01,
       2.0248356175567306e-03, 3.1822665119162249e-02, 0., 0., 0., 1. ]
Hobj2base6: !!opencv-matrix
   rows: 4
   cols: 4
   dt: d
   data: [ 9.9998534050956145e-01, 1.5911634475939953e-03,
       -5.1756125105664273e-03, -7.3632863771648982e-01,
       1.5586705168105313e-03, -9.9997909052318934e-01,
       -6.2760706365626940e-03, 9.2599081452111209e-02,
       -5.1854905454080738e-03, 6.2679115579385497e-03,
       -9.9996691143882632e-01, 3.9182659158580836e-03, 0., 0., 0., 1. ]
mean-rme6: 1.8907837876836501e-03
max-rme6: 4.8600436597697194e-03
Hcamera2end7: !!opencv-matrix
   rows: 4
   cols: 4
   dt: d
   data: [ 9.9996621131163621e-01, 3.4517574982107723e-03,
       -7.4606705613975074e-03, -8.6379761130384002e-03,
       7.4531535078278862e-03, 2.1855088186299998e-03,
       9.9996983657208005e-01, 2.7730424499356386e-02,
       3.4679587426771057e-03, -9.9999165442586435e-01,
       2.1597084946476386e-03, 3.1312527550904405e-02, 0., 0., 0., 1. ]
Hobj2base7: !!opencv-matrix
   rows: 4
   cols: 4
   dt: d
   data: [ 9.9998333863160449e-01, 2.8717311925557979e-03,
       -5.0075562051210328e-03, -7.3567788763473607e-01,
       2.8435061123969247e-03, -9.9998008303457886e-01,
       -5.6345369947184932e-03, 9.2325894409795828e-02,
       -5.0236373454405955e-03, 5.6202040989444544e-03,
       -9.9997158778322648e-01, 4.1746423844649105e-03, 0., 0., 0., 1. ]
mean-rme7: 1.9898504019131820e-03
max-rme7: 4.6234028260048084e-03
Hcamera2end8: !!opencv-matrix
   rows: 4
   cols: 4
   dt: d
   data: [ 9.9997426987402160e-01, 4.8152433369050745e-03,
       -5.3172381481154662e-03, -9.3440247505934479e-03,
       5.3044756183780991e-03, 2.6593474005947026e-03,
       9.9998239504994124e-01, 2.7950423272455741e-02,
       4.8292989482341415e-03, -9.9998487053705432e-01,
       2.6337366343739399e-03, 3.0581268328725656e-02, 0., 0., 0., 1. ]
Hobj2base8: !!opencv-matrix
   rows: 4
   cols: 4
   dt: d
   data: [ 9.9997635667081264e-01, 4.1186971702660167e-03,
       -5.5065808799397353e-03, -7.3522010581880015e-01,
       4.0987998769440063e-03, -9.9998504839772107e-01,
       -3.6197818409226573e-03, 9.1954135558573208e-02,
       -5.5214073329576908e-03, 3.5971258841959266e-03,
       -9.9997828713749404e-01, 4.3244795815346381e-03, 0., 0., 0., 1. ]
mean-rme8: 2.0464696537323347e-03
max-rme8: 6.0979620553245351e-03
Hcamera2end9: !!opencv-matrix
   rows: 4
   cols: 4
   dt: d
   data: [ 9.9997721233127268e-01, 4.2971904625368111e-03,
       -5.2066277287131282e-03, -9.3684373586315085e-03,
       5.1955610608358125e-03, 2.5824841603143689e-03,
       9.9998316831875977e-01, 2.8119265086116736e-02,
       4.3105641672347723e-03, -9.9998743238587273e-01,
       2.5600989960826714e-03, 3.0664158018008460e-02, 0., 0., 0., 1. ]
Hobj2base9: !!opencv-matrix
   rows: 4
   cols: 4
   dt: d
   data: [ 9.9997778397381132e-01, 3.9148080360529537e-03,
       -5.3949825640496130e-03, -7.3520509337556939e-01,
       3.8954012474286133e-03, -9.9998592195822056e-01,
       -3.6030174145340161e-03, 9.1913929762645535e-02,
       -5.4090117347881323e-03, 3.5819217479949217e-03,
       -9.9997895599289710e-01, 4.1319078824201272e-03, 0., 0., 0., 1. ]
mean-rme9: 1.9731065835239181e-03
max-rme9: 5.9606198875071237e-03
Hcamera2end10: !!opencv-matrix
   rows: 4
   cols: 4
   dt: d
   data: [ 9.9996943394335436e-01, 6.3592330917880500e-03,
       -4.5487727456779920e-03, -9.5572005337610077e-03,
       4.5299696894039714e-03, 2.9680954572529616e-03,
       9.9998533478445051e-01, 2.8476015772974615e-02,
       6.3726410239865533e-03, -9.9997537497872457e-01,
       2.9391976011254872e-03, 3.1158746401885522e-02, 0., 0., 0., 1. ]
Hobj2base10: !!opencv-matrix
   rows: 4
   cols: 4
   dt: d
   data: [ 9.9997039174358437e-01, 5.4690743607985742e-03,
       -5.4133965140627039e-03, -7.3590788258522954e-01,
       5.4545401050656653e-03, -9.9998148961507005e-01,
       -2.6960006431131782e-03, 9.1733374382305638e-02,
       -5.4280409380033966e-03, 2.6663932308442630e-03,
       -9.9998171319215312e-01, 3.8431151370459798e-03, 0., 0., 0., 1. ]
mean-rme10: 1.9952212287007729e-03
max-rme10: 5.6155606815733727e-03
Hcamera2end11: !!opencv-matrix
   rows: 4
   cols: 4
   dt: d
   data: [ 9.9997109104080517e-01, 6.0985698198694179e-03,
       -4.5414236549594193e-03, -1.0025604230567402e-02,
       4.5225859252787043e-03, 3.0991230949301007e-03,
       9.9998497071335568e-01, 2.8508143655762142e-02,
       6.1125525936484206e-03, -9.9997660116734455e-01,
       3.0714521964753105e-03, 3.0921468786738272e-02, 0., 0., 0., 1. ]
Hobj2base11: !!opencv-matrix
   rows: 4
   cols: 4
   dt: d
   data: [ 9.9997005071332790e-01, 5.1670838124246530e-03,
       -5.7618505065420650e-03, -7.3585535436865268e-01,
       5.1507834345792952e-03, -9.9998270097709940e-01,
       -2.8402775488959352e-03, 9.1282803333376461e-02,
       -5.7764267843038964e-03, 2.8105144404677760e-03,
       -9.9997936673822685e-01, 3.7798788127258159e-03, 0., 0., 0., 1. ]
mean-rme11: 1.9548045061661781e-03
max-rme11: 5.6133019984107579e-03
Hcamera2end12: !!opencv-matrix
   rows: 4
   cols: 4
   dt: d
   data: [ 9.9997201547794212e-01, 5.0494520832205514e-03,
       -5.5200810357686030e-03, -9.7672418945731476e-03,
       5.4947151174652917e-03, 5.0236533570134911e-03,
       9.9997228512230596e-01, 2.8667995543734292e-02,
       5.0770431118999683e-03, -9.9997463264855269e-01,
       4.9957674717787670e-03, 3.0792725407998708e-02, 0., 0., 0., 1. ]
Hobj2base12: !!opencv-matrix
   rows: 4
   cols: 4
   dt: d
   data: [ 9.9996347079937309e-01, 4.5405750059906731e-03,
       -7.2415637459220666e-03, -7.3635566607106151e-01,
       4.5174513121607560e-03, -9.9998465583526452e-01,
       -3.2063573834325431e-03, 9.1379614021131414e-02,
       -7.2560113363704919e-03, 3.1735268461142905e-03,
       -9.9996863902166644e-01, 3.9066178180093801e-03, 0., 0., 0., 1. ]
mean-rme12: 2.0776236344408569e-03
max-rme12: 6.0953984502025715e-03
Hcamera2end13: !!opencv-matrix
   rows: 4
   cols: 4
   dt: d
   data: [ 9.9997036792494753e-01, 5.3383824770620522e-03,
       -5.5466155963393585e-03, -9.8388075396452900e-03,
       5.5243076983157897e-03, 4.1844879100413346e-03,
       9.9997598575435054e-01, 2.9455320775887653e-02,
       5.3614640257384069e-03, -9.9997699560212860e-01,
       4.1548730475668982e-03, 3.1037439879680235e-02, 0., 0., 0., 1. ]
Hobj2base13: !!opencv-matrix
   rows: 4
   cols: 4
   dt: d
   data: [ 9.9996984477713269e-01, 4.6724076268200004e-03,
       -6.2030753151903640e-03, -7.3602809915792589e-01,
       4.6550799434855669e-03, -9.9998523125315719e-01,
       -2.8049075366860295e-03, 9.1475339712614012e-02,
       -6.2160893749083242e-03, 2.7759471425864652e-03,
       -9.9997682690667622e-01, 2.9516824566613192e-03, 0., 0., 0., 1. ]
mean-rme13: 2.1520404645319381e-03
max-rme13: 7.1526486716878557e-03
Hcamera2end14: !!opencv-matrix
   rows: 4
   cols: 4
   dt: d
   data: [ 9.9997394412686802e-01, 5.1340898588921715e-03,
       -5.0746614346332836e-03, -9.9899219785174586e-03,
       5.0552539936052588e-03, 3.7860547799660749e-03,
       9.9998005489922825e-01, 2.9297621816258695e-02,
       5.1532004051338676e-03, -9.9997965324826688e-01,
       3.7600020027404035e-03, 3.0618138134184038e-02, 0., 0., 0., 1. ]
Hobj2base14: !!opencv-matrix
   rows: 4
   cols: 4
   dt: d
   data: [ 9.9997393251623490e-01, 4.3611518754368530e-03,
       -5.7545323298939096e-03, -7.3538902943912343e-01,
       4.3482896305775598e-03, -9.9998802437150003e-01,
       -2.2457717765902805e-03, 9.1836312386611385e-02,
       -5.7642575675478170e-03, 2.2206908617120533e-03,
       -9.9998092075138678e-01, 2.7159762863581153e-03, 0., 0., 0., 1. ]
mean-rme14: 2.1919174547501436e-03
max-rme14: 7.1699408755345750e-03
Hcamera2end15: !!opencv-matrix
   rows: 4
   cols: 4
   dt: d
   data: [ 9.9998224008170733e-01, 4.3714384000055149e-03,
       -4.0509316811887840e-03, -1.0317487109604185e-02,
       4.0416662115399030e-03, 2.1263036676162361e-03,
       9.9998957182910020e-01, 2.9116280287846619e-02,
       4.3800063247897763e-03, -9.9998818460971217e-01,
       2.1085980097597101e-03, 3.0654536490978931e-02, 0., 0., 0., 1. ]
Hobj2base15: !!opencv-matrix
   rows: 4
   cols: 4
   dt: d
   data: [ 9.9998341178075112e-01, 3.6433340803931863e-03,
       -4.4611971607964136e-03, -7.3476313770027490e-01,
       3.6360622444991078e-03, -9.9999204953407794e-01,
       -1.6370461167960850e-03, 9.1836572917730619e-02,
       -4.4671259981089130e-03, 1.6207977705545405e-03,
       -9.9998870883620694e-01, 2.6970620062754685e-03, 0., 0., 0., 1. ]
mean-rme15: 2.3193860223006796e-03
max-rme15: 7.4285248277168314e-03
Hcamera2end16: !!opencv-matrix
   rows: 4
   cols: 4
   dt: d
   data: [ 9.9998537877021365e-01, 3.6477440551352528e-03,
       -3.9920181738731953e-03, -1.0952544989608338e-02,
       3.9829920514389194e-03, 2.4783628204571029e-03,
       9.9998899668548769e-01, 2.8674825113051798e-02,
       3.6575975872808705e-03, -9.9999027579323918e-01,
       2.4637976481675095e-03, 3.0849769664856259e-02, 0., 0., 0., 1. ]
Hobj2base16: !!opencv-matrix
   rows: 4
   cols: 4
   dt: d
   data: [ 9.9998522004359258e-01, 2.9097057053945373e-03,
       -4.5927450479888799e-03, -7.3473575644664879e-01,
       2.9009716328311126e-03, -9.9999397340380258e-01,
       -1.9072282665010395e-03, 9.1393168876807943e-02,
       -4.5982668423375653e-03, 1.8938766546493604e-03,
       -9.9998763451017902e-01, 3.2625688452191030e-03, 0., 0., 0., 1. ]
mean-rme16: 2.2912087328795833e-03
max-rme16: 7.3914343346839773e-03
Hcamera2end17: !!opencv-matrix
   rows: 4
   cols: 4
   dt: d
   data: [ 9.9998803543693582e-01, 3.2581453218758650e-03,
       -3.6487630834624194e-03, -1.1143599495992159e-02,
       3.6402051152726426e-03, 2.6287162858272817e-03,
       9.9998991932789383e-01, 2.8912894760760453e-02,
       3.2677040405218235e-03, -9.9999123713148119e-01,
       2.6168245171185323e-03, 3.0323203525846967e-02, 0., 0., 0., 1. ]
Hobj2base17: !!opencv-matrix
   rows: 4
   cols: 4
   dt: d
   data: [ 9.9998810293479623e-01, 2.1424683986687458e-03,
       -4.3822161092366713e-03, -7.3413629948441605e-01,
       2.1363481896090491e-03, -9.9999673687429547e-01,
       -1.4008059020100320e-03, 9.1551675463376336e-02,
       -4.3852029918923646e-03, 1.3914272970794346e-03,
       -9.9998941690639809e-01, 3.0954758315459986e-03, 0., 0., 0., 1. ]
mean-rme17: 2.3043370564637617e-03
max-rme17: 7.1324566451655969e-03
Hcamera2end18: !!opencv-matrix
   rows: 4
   cols: 4
   dt: d
   data: [ 9.9999030941960754e-01, 3.4316786237081690e-03,
       -2.7576527520921743e-03, -1.1343684761231208e-02,
       2.7523211981883644e-03, 1.5573824939415504e-03,
       9.9999499963139293e-01, 2.8470163828052310e-02,
       3.4359561841705872e-03, -9.9999289904558386e-01,
       1.5479223201799730e-03, 3.0180056439535578e-02, 0., 0., 0., 1. ]
Hobj2base18: !!opencv-matrix
   rows: 4
   cols: 4
   dt: d
   data: [ 9.9998865594732156e-01, 2.5048974480226271e-03,
       -4.0513535323636069e-03, -7.3372010573593383e-01,
       2.5022983153077491e-03, -9.9999666027233891e-01,
       -6.4648844455733156e-04, 9.1409204529813978e-02,
       -4.0529593892010985e-03, 6.3634341563961088e-04,
       -9.9999158425821078e-01, 3.5200215620246563e-03, 0., 0., 0., 1. ]
mean-rme18: 2.4952848556830829e-03
max-rme18: 9.0522941911842791e-03
Hcamera2end19: !!opencv-matrix
   rows: 4
   cols: 4
   dt: d
   data: [ 9.9999426799971314e-01, 2.4322968252732699e-03,
       -2.3553980283047759e-03, -1.1527618315739504e-02,
       2.3541111170292928e-03, 5.3182050272226888e-04,
       9.9999708765965989e-01, 2.8396392918605420e-02,
       2.4335423905606302e-03, -9.9999690054474988e-01,
       5.2609155733074342e-04, 3.0496167027610481e-02, 0., 0., 0., 1. ]
Hobj2base19: !!opencv-matrix
   rows: 4
   cols: 4
   dt: d
   data: [ 9.9999361075542881e-01, 1.7058108794530875e-03,
       -3.1414419560740728e-03, -7.3355391535969305e-01,
       1.7046624847878531e-03, -9.9999847927458640e-01,
       -3.6820419316329185e-04, 9.1510877098554266e-02,
       -3.1420652655220122e-03, 3.6284674236599154e-04,
       -9.9999499787154389e-01, 3.4214747372263289e-03, 0., 0., 0., 1. ]
mean-rme19: 2.4801622937653321e-03
max-rme19: 8.8474109380212995e-03
Hcamera2end20: !!opencv-matrix
   rows: 4
   cols: 4
   dt: d
   data: [ 9.9999471515867111e-01, 2.1788309523397623e-03,
       -2.4129547051812139e-03, -1.1486811722038366e-02,
       2.4114549683406442e-03, 6.9068673338734676e-04,
       9.9999685391343685e-01, 2.8365696598161700e-02,
       2.1804906933521129e-03, -9.9999738782034686e-01,
       6.8542893049239328e-04, 3.0550553102430263e-02, 0., 0., 0., 1. ]
Hobj2base20: !!opencv-matrix
   rows: 4
   cols: 4
   dt: d
   data: [ 9.9999276086908884e-01, 1.7892237154117831e-03,
       -3.3581077876602954e-03, -7.3368570260437793e-01,
       1.7874708863348343e-03, -9.9999826471346465e-01,
       -5.2489798074670940e-04, 9.1466473628139200e-02,
       -3.3590411202963910e-03, 5.1889166103789462e-04,
       -9.9999422378041602e-01, 3.4709146603799624e-03, 0., 0., 0., 1. ]
mean-rme20: 2.4213057070626887e-03
max-rme20: 8.7455091699890353e-03
Hcamera2end21: !!opencv-matrix
   rows: 4
   cols: 4
   dt: d
   data: [ 9.9999561108576329e-01, 1.8428330157394784e-03,
       -2.3198654458869341e-03, -1.1548719955285957e-02,
       2.3184743712990796e-03, 7.5663452994223501e-04,
       9.9999702608596663e-01, 2.8250200387150190e-02,
       1.8445828256136894e-03, -9.9999801573336333e-01,
       7.5235864802059016e-04, 3.0561479455159708e-02, 0., 0., 0., 1. ]
Hobj2base21: !!opencv-matrix
   rows: 4
   cols: 4
   dt: d
   data: [ 9.9999285745057220e-01, 1.4656851144088732e-03,
       -3.4837931891758822e-03, -7.3372399610589312e-01,
       1.4638366882291089e-03, -9.9999878650891327e-01,
       -5.3306927506804327e-04, 9.1521672904103415e-02,
       -3.4845702733253131e-03, 5.2796576330987942e-04,
       -9.9999378949179674e-01, 3.6053629759998968e-03, 0., 0., 0., 1. ]
mean-rme21: 2.3537728833091741e-03
max-rme21: 8.7307590625930465e-03
Hcamera2end22: !!opencv-matrix
   rows: 4
   cols: 4
   dt: d
   data: [ 9.9999686107802066e-01, 1.2585742223787690e-03,
       -2.1665237207525267e-03, -1.1630278309263616e-02,
       2.1660496596130467e-03, 3.7790625680333978e-04,
       9.9999758270494488e-01, 2.8192001163177979e-02,
       1.2593899229031099e-03, -9.9999913658852113e-01,
       3.7517893631910937e-04, 3.0700774687907162e-02, 0., 0., 0., 1. ]
Hobj2base22: !!opencv-matrix
   rows: 4
   cols: 4
   dt: d
   data: [ 9.9999463869195793e-01, 9.4649822771214844e-04,
       -3.1347613059778449e-03, -7.3367116223200513e-01,
       9.4440697757276109e-04, -9.9999933058179091e-01,
       -6.6852930364007408e-04, 9.1588404766397971e-02,
       -3.1353919693126162e-03, 6.6556522899815162e-04,
       -9.9999486315686825e-01, 3.5749824933724466e-03, 0., 0., 0., 1. ]
mean-rme22: 2.3053917996044429e-03
max-rme22: 8.6511454020055389e-03
Hcamera2end23: !!opencv-matrix
   rows: 4
   cols: 4
   dt: d
   data: [ 9.9999636137446135e-01, 1.8561923344364570e-03,
       -1.9574953014743733e-03, -1.3402150215307466e-02,
       1.9566056284466083e-03, 4.8099487217556636e-04,
       9.9999797016711378e-01, 2.7641554792324188e-02,
       1.8571301118785308e-03, -9.9999816159528554e-01,
       4.7736128564634939e-04, 3.0178144413740105e-02, 0., 0., 0., 1. ]
Hobj2base23: !!opencv-matrix
   rows: 4
   cols: 4
   dt: d
   data: [ 9.9999481661097023e-01, 1.3390861673454344e-03,
       -2.9280709397743127e-03, -7.3298653696193283e-01,
       1.3380035801067930e-03, -9.9999903580911509e-01,
       -3.7165475817590342e-04, 8.9841051288871404e-02,
       -2.9285657943007044e-03, 3.6773506234448239e-04,
       -9.9999564412716913e-01, 3.7801803472870600e-03, 0., 0., 0., 1. ]
mean-rme23: 2.3690257513336887e-03
max-rme23: 8.6613883167875050e-03
Hcamera2end24: !!opencv-matrix
   rows: 4
   cols: 4
   dt: d
   data: [ 9.9999659386592255e-01, 1.8449190536494204e-03,
       -1.8462205281693082e-03, -1.3461137790789449e-02,
       1.8447858132170122e-03, 7.7905678834777614e-04,
       9.9999799491590158e-01, 2.7476314842933450e-02,
       1.8463536650668204e-03, -9.9999799467009221e-01,
       7.7565065427920299e-04, 3.0343886119892638e-02, 0., 0., 0., 1. ]
Hobj2base24: !!opencv-matrix
   rows: 4
   cols: 4
   dt: d
   data: [ 9.9999381527923448e-01, 1.1901252274254725e-03,
       -3.3095324780588408e-03, -7.3330990356756010e-01,
       1.1889156978245931e-03, -9.9999922574372091e-01,
       -3.6741178961531768e-04, 8.9896973719089127e-02,
       -3.3099671816722120e-03, 3.6347476216036848e-04,
       -9.9999445598630921e-01, 4.0017741780941606e-03, 0., 0., 0., 1. ]
mean-rme24: 2.3605993976437275e-03
max-rme24: 8.7029341340467414e-03
