%YAML:1.0
---
Hcamera2end0: !!opencv-matrix
   rows: 4
   cols: 4
   dt: d
   data: [ 9.9990001593167588e-01, -3.5864588083503145e-03,
       -1.3678283995090362e-02, -7.7323890842605292e-03,
       1.3679356743118373e-02, 2.7475000257870530e-04,
       9.9990639547486171e-01, 2.9469248739662158e-02,
       -3.5823649910137079e-03, -9.9999353089190124e-01,
       3.2378298143953543e-04, 3.4961015015926321e-02, 0., 0., 0., 1. ]
Hobj2base0: !!opencv-matrix
   rows: 4
   cols: 4
   dt: d
   data: [ 9.9999699440992174e-01, -1.6389749625875022e-03,
       -1.8234396603678841e-03, -7.3785466102457287e-01,
       -1.6600071799851540e-03, -9.9993141785495188e-01,
       -1.1593272305424708e-02, 9.2600193950655926e-02,
       -1.8043135219215603e-03, 1.1596264383728971e-02,
       -9.9993113318120908e-01, 1.9379995854132415e-04, 0., 0., 0., 1. ]
mean-rme0: 1.1507781654709348e-03
max-rme0: 3.3561320470136963e-03
Hcamera2end1: !!opencv-matrix
   rows: 4
   cols: 4
   dt: d
   data: [ 9.9985044579427140e-01, 1.6939159878234009e-02,
       -3.4858152011157471e-03, -6.4416596763373982e-03,
       3.7622753318716454e-03, -1.6316404054962375e-02,
       9.9985980029354238e-01, 2.9194701973488068e-02,
       1.6879909043709111e-02, -9.9972338165181207e-01,
       -1.6377693651465908e-02, 3.2965185178326820e-02, 0., 0., 0., 1. ]
Hobj2base1: !!opencv-matrix
   rows: 4
   cols: 4
   dt: d
   data: [ 9.9980632312424234e-01, 1.4868872967003984e-02,
       1.2893132182454624e-02, -7.3322371398362518e-01,
       1.4845180906219025e-02, -9.9988793898806749e-01,
       1.9313389283204694e-03, 9.3831793744128325e-02,
       1.2920404198196707e-02, -1.7395639929344698e-03,
       -9.9991501492500334e-01, -1.0616847980495861e-03, 0., 0., 0., 1. ]
mean-rme1: 1.9191194807718197e-03
max-rme1: 7.0971436247574959e-03
Hcamera2end2: !!opencv-matrix
   rows: 4
   cols: 4
   dt: d
   data: [ 9.9988208961807201e-01, 1.4768412535787831e-02,
       -4.2072380691520212e-03, -8.7571114410847743e-03,
       4.3974975470380314e-03, -1.2874120672973000e-02,
       9.9990745523384383e-01, 2.7049374768266941e-02,
       1.4712881305901019e-02, -9.9980805708299347e-01,
       -1.2937546738387207e-02, 3.2381314863657092e-02, 0., 0., 0., 1. ]
Hobj2base2: !!opencv-matrix
   rows: 4
   cols: 4
   dt: d
   data: [ 9.9986838357340202e-01, 1.3801480170089498e-02,
       8.5284626649151252e-03, -7.3304789365139222e-01,
       1.3799973448627356e-02, -9.9990474810107810e-01,
       2.3549466526017504e-04, 9.1165336813410547e-02,
       8.5309004876041542e-03, -1.1777111196041218e-04,
       -9.9996360427109376e-01, 1.6862786837353941e-03, 0., 0., 0., 1. ]
mean-rme2: 1.8638712269445005e-03
max-rme2: 7.7384830131381199e-03
Hcamera2end3: !!opencv-matrix
   rows: 4
   cols: 4
   dt: d
   data: [ 9.9987180631221528e-01, 1.5569557225773360e-02,
       -3.7362855540342731e-03, -9.6818741108738171e-03,
       3.9174234969939865e-03, -1.1619898452257971e-02,
       9.9992481305001357e-01, 2.7410132096402973e-02,
       1.5524971339526399e-02, -9.9981126561354206e-01,
       -1.1679401403937861e-02, 3.2408273797988128e-02, 0., 0., 0., 1. ]
Hobj2base3: !!opencv-matrix
   rows: 4
   cols: 4
   dt: d
   data: [ 9.9987376166072295e-01, 1.3712832282166338e-02,
       8.0261431109151116e-03, -7.3312855234560614e-01,
       1.3708561968300113e-02, -9.9990586105101364e-01,
       5.8682586134189572e-04, 9.0110267227459989e-02,
       8.0334345828536585e-03, -4.7672490121729029e-04,
       -9.9996761780678223e-01, 1.7258293314793005e-03, 0., 0., 0., 1. ]
mean-rme3: 1.8933184116887150e-03
max-rme3: 8.0064648985183062e-03
Hcamera2end4: !!opencv-matrix
   rows: 4
   cols: 4
   dt: d
   data: [ 9.9989760832245844e-01, 1.3566747865372770e-02,
       -4.5515078144338326e-03, -9.5732618580451085e-03,
       4.7061876978856188e-03, -1.1391361913914544e-02,
       9.9992404145069835e-01, 2.7140432782179130e-02,
       1.3513869482117951e-02, -9.9984307780076331e-01,
       -1.1454043195163077e-02, 3.2544169280098664e-02, 0., 0., 0., 1. ]
Hobj2base4: !!opencv-matrix
   rows: 4
   cols: 4
   dt: d
   data: [ 9.9989976042330952e-01, 1.1881743498596239e-02,
       7.7002127789872433e-03, -7.3327472271730043e-01,
       1.1882961951144752e-02, -9.9992938878624682e-01,
       -1.1250257979950982e-04, 9.0587248220952626e-02,
       7.6983323308206534e-03, 2.0399263805695813e-04,
       -9.9997034659350170e-01, 1.9622797052333994e-03, 0., 0., 0., 1. ]
mean-rme4: 1.8597733929350999e-03
max-rme4: 8.2693841649388311e-03
Hcamera2end5: !!opencv-matrix
   rows: 4
   cols: 4
   dt: d
   data: [ 9.9997893868072063e-01, 6.4408723205304679e-03,
       -7.9834749959567432e-04, -1.1508934789708132e-02,
       8.4129539865047953e-04, -6.6680737331337170e-03,
       9.9997741425231257e-01, 2.7997643871778933e-02,
       6.4354034086213843e-03, -9.9995702505479689e-01,
       -6.6733519709503142e-03, 3.1215956021013853e-02, 0., 0., 0., 1. ]
Hobj2base5: !!opencv-matrix
   rows: 4
   cols: 4
   dt: d
   data: [ 9.9998258946419460e-01, 4.9358220123826959e-03,
       3.2339495274433350e-03, -7.3273178128124128e-01,
       4.9307845131352458e-03, -9.9998662082861300e-01,
       1.5638183577728346e-03, 9.1042595315806440e-02,
       3.2416249889520147e-03, -1.5478452226111447e-03,
       -9.9999354800048446e-01, 2.3829098817303037e-03, 0., 0., 0., 1. ]
mean-rme5: 2.0639055936030504e-03
max-rme5: 8.8333706788444877e-03
Hcamera2end6: !!opencv-matrix
   rows: 4
   cols: 4
   dt: d
   data: [ 9.9998261580050662e-01, 5.8241797828103726e-03,
       -9.2034049884637736e-04, -1.1571933810858352e-02,
       9.5683991455629324e-04, -6.2671962607609988e-03,
       9.9997990315226160e-01, 2.7826192192340820e-02,
       5.8182947806230800e-03, -9.9996339992066008e-01,
       -6.2726601182567787e-03, 3.1313326761879590e-02, 0., 0., 0., 1. ]
Hobj2base6: !!opencv-matrix
   rows: 4
   cols: 4
   dt: d
   data: [ 9.9998370694718519e-01, 4.7805622434553127e-03,
       3.1196257471966340e-03, -7.3278571167342765e-01,
       4.7765696256813822e-03, -9.9998776517121635e-01,
       1.2860367363562580e-03, 9.1169467316213337e-02,
       3.1257355577752693e-03, -1.2711146733042377e-03,
       -9.9999430700615011e-01, 2.6783849689933359e-03, 0., 0., 0., 1. ]
mean-rme6: 2.0039064020249860e-03
max-rme6: 8.9650168520769014e-03
Hcamera2end7: !!opencv-matrix
   rows: 4
   cols: 4
   dt: d
   data: [ 9.9999100634840010e-01, 4.2266277826169948e-03,
       -3.5048523671588430e-04, -1.1688931111186015e-02,
       3.8131251568958215e-04, -7.2949884952906441e-03,
       9.9997331851585880e-01, 2.8375257182991637e-02,
       4.2239582241452300e-03, -9.9996445874863027e-01,
       -7.2965345527784553e-03, 3.1201889784541206e-02, 0., 0., 0., 1. ]
Hobj2base7: !!opencv-matrix
   rows: 4
   cols: 4
   dt: d
   data: [ 9.9998918406414650e-01, 2.7619947725023757e-03,
       3.7420769098340237e-03, -7.3257101762819887e-01,
       2.7598264263025826e-03, -9.9999602085694539e-01,
       5.8448983967230607e-04, 9.1139174677024717e-02,
       3.7436763774564329e-03, -5.7415603512267651e-04,
       -9.9999282759029251e-01, 1.7269735452146247e-03, 0., 0., 0., 1. ]
mean-rme7: 2.1676558525256092e-03
max-rme7: 8.8795364890486006e-03
Hcamera2end8: !!opencv-matrix
   rows: 4
   cols: 4
   dt: d
   data: [ 9.9998794231784394e-01, 4.7801236751040966e-03,
       1.1250051444577519e-03, -1.2241797393122334e-02,
       -1.1075756055178769e-03, -3.6473367314624472e-03,
       9.9999273507913311e-01, 2.9208314109362775e-02,
       4.7841922204703274e-03, -9.9998192351282933e-01,
       -3.6419984046616172e-03, 3.1112206745262612e-02, 0., 0., 0., 1. ]
Hobj2base8: !!opencv-matrix
   rows: 4
   cols: 4
   dt: d
   data: [ 9.9999448701271032e-01, 3.1725763267510245e-03,
       9.8015490477659155e-04, -7.3374119900716828e-01,
       3.1707406263817737e-03, -9.9999322701172422e-01,
       1.8687788948790205e-03, 9.0863117203127966e-02,
       9.8607710988073854e-04, -1.8656607753480031e-03,
       -9.9999777347842334e-01, 1.6392409692733343e-03, 0., 0., 0., 1. ]
mean-rme8: 2.4671704989902860e-03
max-rme8: 9.9787462541552352e-03
Hcamera2end9: !!opencv-matrix
   rows: 4
   cols: 4
   dt: d
   data: [ 9.9999810763245545e-01, 1.9284312530509645e-03,
       2.5667958688196859e-04, -1.2127044374122155e-02,
       -2.5133404331940663e-04, -2.7716959662886786e-03,
       9.9999612725883558e-01, 2.9521676147044346e-02,
       1.9291352225114574e-03, -9.9999429941093809e-01,
       -2.7712060407971695e-03, 3.0665453183707985e-02, 0., 0., 0., 1. ]
Hobj2base9: !!opencv-matrix
   rows: 4
   cols: 4
   dt: d
   data: [ 9.9999971451051672e-01, 7.3401035533220734e-04,
       1.7946499210022679e-04, -7.3332646759273545e-01,
       7.3386645638382419e-04, -9.9999941025790307e-01,
       8.0057721035928253e-04, 9.1424126570382749e-02,
       1.8005251822481277e-04, -8.0044527846511089e-04,
       -9.9999966343416657e-01, 1.4376630771182194e-03, 0., 0., 0., 1. ]
mean-rme9: 2.4504093653451129e-03
max-rme9: 1.0233284903876094e-02
Hcamera2end10: !!opencv-matrix
   rows: 4
   cols: 4
   dt: d
   data: [ 9.9999765828408227e-01, 1.8386635887819728e-03,
       1.1413774831668588e-03, -1.5061976617336220e-02,
       -1.1375801531429775e-03, -2.0649899681695061e-03,
       9.9999722086005138e-01, 2.8067819001170481e-02,
       1.8410154119311755e-03, -9.9999617755901382e-01,
       -2.0628935053426112e-03, 2.9931068254357616e-02, 0., 0., 0., 1. ]
Hobj2base10: !!opencv-matrix
   rows: 4
   cols: 4
   dt: d
   data: [ 9.9999936535813860e-01, 9.5995820005448363e-04,
       -5.8971482440650495e-04, -7.3269985841303176e-01,
       9.6092281952238378e-04, -9.9999819738110252e-01,
       1.6376391178864109e-03, 8.8553905528489754e-02,
       -5.8814169627547340e-04, -1.6382047490038558e-03,
       -9.9999848518612544e-01, 2.7248661479398195e-03, 0., 0., 0., 1. ]
mean-rme10: 2.5086831157764226e-03
max-rme10: 1.0153041129109863e-02
Hcamera2end11: !!opencv-matrix
   rows: 4
   cols: 4
   dt: d
   data: [ 9.9999804242771639e-01, 1.7249788491485358e-03,
       9.6932383911195767e-04, -1.3992922131975328e-02,
       -9.6526138981698601e-04, -2.3543481867103200e-03,
       9.9999676265229254e-01, 2.8020123511540772e-02,
       1.7272553906151609e-03, -9.9999574073722242e-01,
       -2.3526785224223801e-03, 2.9716833686808476e-02, 0., 0., 0., 1. ]
Hobj2base11: !!opencv-matrix
   rows: 4
   cols: 4
   dt: d
   data: [ 9.9999951659946384e-01, 9.8267664991418414e-04,
       3.3873889710196351e-05, -7.3233472638106001e-01,
       9.8263806338689695e-04, -9.9999888898487410e-01,
       1.1209154530935079e-03, 8.9521397296436753e-02,
       3.4975349518075489e-05, -1.1208816254689926e-03,
       -9.9999937120035520e-01, 2.4052570091892445e-03, 0., 0., 0., 1. ]
mean-rme11: 2.4205848462601652e-03
max-rme11: 1.0285881521763629e-02
Hcamera2end12: !!opencv-matrix
   rows: 4
   cols: 4
   dt: d
   data: [ 9.9999288505330386e-01, 3.7688137760636389e-03,
       1.6088968617945201e-04, -1.3649621805407941e-02,
       -1.5741920208854556e-04, -9.2112109495134931e-04,
       9.9999956337746621e-01, 2.8417434328165587e-02,
       3.7689603293985189e-03, -9.9999247376100275e-01,
       -9.2052125756647563e-04, 2.9395086267447943e-02, 0., 0., 0., 1. ]
Hobj2base12: !!opencv-matrix
   rows: 4
   cols: 4
   dt: d
   data: [ 9.9999557198523426e-01, 2.7144314253590355e-03,
       -1.2197835714577254e-03, -7.3265716443937279e-01,
       2.7153995288239281e-03, -9.9999599909675840e-01,
       7.9271424521416183e-04, 8.9344412147974714e-02,
       -1.2176269227631416e-03, -7.9602293479898254e-04,
       -9.9999894186552196e-01, 2.2532112718335173e-03, 0., 0., 0., 1. ]
mean-rme12: 2.5114177182617571e-03
max-rme12: 1.0657615662592379e-02
Hcamera2end13: !!opencv-matrix
   rows: 4
   cols: 4
   dt: d
   data: [ 9.9999383297744238e-01, 3.5090358609351177e-03,
       1.4378598596344349e-04, -1.3720799691027095e-02,
       -1.3917906156168123e-04, -1.3130835805121865e-03,
       9.9999912821996950e-01, 2.8634170470882112e-02,
       3.5092216048450047e-03, -9.9999298121478686e-01,
       -1.3125870983781152e-03, 3.0011342808354678e-02, 0., 0., 0., 1. ]
Hobj2base13: !!opencv-matrix
   rows: 4
   cols: 4
   dt: d
   data: [ 9.9999664542208022e-01, 2.3575702590899559e-03,
       -1.0728499707404904e-03, -7.3300380134667220e-01,
       2.3584383039250327e-03, -9.9999689199715291e-01,
       8.0855723423853840e-04, 8.9429778291646389e-02,
       -1.0709404058315141e-03, -8.1108477233565279e-04,
       -9.9999909761366257e-01, 1.9483215761687252e-03, 0., 0., 0., 1. ]
mean-rme13: 2.4856765696180624e-03
max-rme13: 1.0880936179450795e-02
Hcamera2end14: !!opencv-matrix
   rows: 4
   cols: 4
   dt: d
   data: [ 9.9998926655817211e-01, 4.6318850667357971e-03,
       -1.1139648811256354e-04, -1.3765208899288242e-02,
       1.1469448096999846e-04, -7.1176004865436404e-04,
       9.9999974012137083e-01, 2.8397939030953008e-02,
       4.6318045754380564e-03, -9.9998901945889462e-01,
       -7.1228366067299653e-04, 3.0205665833805868e-02, 0., 0., 0., 1. ]
Hobj2base14: !!opencv-matrix
   rows: 4
   cols: 4
   dt: d
   data: [ 9.9999421123645749e-01, 3.0840219833590597e-03,
       -1.4374637322008734e-03, -7.3359860131195143e-01,
       3.0854860430058807e-03, -9.9999472232307940e-01,
       1.0173995604808815e-03, 8.9523009757435018e-02,
       -1.4343184631213271e-03, -1.0218289452784306e-03,
       -9.9999844929687409e-01, 2.2635620779017512e-03, 0., 0., 0., 1. ]
mean-rme14: 2.5844902957072977e-03
max-rme14: 1.1166040401927368e-02
Hcamera2end15: !!opencv-matrix
   rows: 4
   cols: 4
   dt: d
   data: [ 9.9997891764172475e-01, 6.2432513076513601e-03,
       -1.7849608382454049e-03, -1.3143506381555353e-02,
       1.7787427711428551e-03, 1.0013770391490429e-03,
       9.9999791665691973e-01, 2.8473000547571955e-02,
       6.2450257196161483e-03, -9.9998000932875408e-01,
       9.9025078962766688e-04, 2.9829527070512320e-02, 0., 0., 0., 1. ]
Hobj2base15: !!opencv-matrix
   rows: 4
   cols: 4
   dt: d
   data: [ 9.9998565629632352e-01, 4.6153917918212604e-03,
       -2.7176019243156419e-03, -7.3405231518104075e-01,
       4.6155181787016749e-03, -9.9998934762972658e-01,
       4.0236988607047244e-05, 8.9356709158715894e-02,
       -2.7173872659467450e-03, -5.2779552543759340e-05,
       -9.9999630650356153e-01, 2.3885103248791708e-03, 0., 0., 0., 1. ]
mean-rme15: 2.6692956279370287e-03
max-rme15: 1.1712904067162189e-02
Hcamera2end16: !!opencv-matrix
   rows: 4
   cols: 4
   dt: d
   data: [ 9.9998534262277217e-01, 4.4482322104998162e-03,
       -3.0867085736154889e-03, -1.2699630408030066e-02,
       3.0691143302684389e-03, 3.9567467153162061e-03,
       9.9998746226773194e-01, 2.8470674965606606e-02,
       4.4603897637650863e-03, -9.9998227853579114e-01,
       3.9430365865653627e-03, 2.9724587805500267e-02, 0., 0., 0., 1. ]
Hobj2base16: !!opencv-matrix
   rows: 4
   cols: 4
   dt: d
   data: [ 9.9997970568669525e-01, 3.4261417448966788e-03,
       -5.3711979570896890e-03, -7.3504216414468715e-01,
       3.4198271292370528e-03, -9.9999345098263648e-01,
       -1.1843877086412599e-03, 8.9466137192557083e-02,
       -5.3752206611917220e-03, 1.1659951038158684e-03,
       -9.9998487361472743e-01, 2.8097608176822471e-03, 0., 0., 0., 1. ]
mean-rme16: 2.6611353208959858e-03
max-rme16: 1.2858073013864546e-02
Hcamera2end17: !!opencv-matrix
   rows: 4
   cols: 4
   dt: d
   data: [ 9.9998488593152468e-01, 4.5461428252578833e-03,
       -3.0920048395769776e-03, -1.2723458318429590e-02,
       3.0740211582321901e-03, 3.9574911223184683e-03,
       9.9998744425014419e-01, 2.8426381684638818e-02,
       4.5583223267285523e-03, -9.9998183525973561e-01,
       3.9434563692934965e-03, 2.9648423480218327e-02, 0., 0., 0., 1. ]
Hobj2base17: !!opencv-matrix
   rows: 4
   cols: 4
   dt: d
   data: [ 9.9997904376804192e-01, 3.5934861417849418e-03,
       -5.3850610118355855e-03, -7.3499765275665441e-01,
       3.5880461973784414e-03, -9.9999304323512250e-01,
       -1.0195125523448179e-03, 8.9476657435005921e-02,
       -5.3886871534605000e-03, 1.0001693395171190e-03,
       -9.9998498074323838e-01, 2.8757061857926564e-03, 0., 0., 0., 1. ]
mean-rme17: 2.5841205115115407e-03
max-rme17: 1.2788869651908730e-02
Hcamera2end18: !!opencv-matrix
   rows: 4
   cols: 4
   dt: d
   data: [ 9.9998296719143265e-01, 5.0859990076900473e-03,
       -2.8632046926517383e-03, -1.2817791434228121e-02,
       2.8428369902080198e-03, 4.0073864699179396e-03,
       9.9998792949291537e-01, 2.8621968212894359e-02,
       5.0974115848489302e-03, -9.9997903651415332e-01,
       3.9928595467600969e-03, 3.0136415599805112e-02, 0., 0., 0., 1. ]
Hobj2base18: !!opencv-matrix
   rows: 4
   cols: 4
   dt: d
   data: [ 9.9997726505678286e-01, 4.0926780865702403e-03,
       -5.3590442838599142e-03, -7.3549107663043101e-01,
       4.0905952206858999e-03, -9.9999155365281300e-01,
       -3.9956698264495750e-04, 8.9441351554835902e-02,
       -5.3606343185452912e-03, 3.7763621757729411e-04,
       -9.9998556039104369e-01, 2.6996261062729155e-03, 0., 0., 0., 1. ]
mean-rme18: 2.5752452397494576e-03
max-rme18: 1.3034173314481645e-02
Hcamera2end19: !!opencv-matrix
   rows: 4
   cols: 4
   dt: d
   data: [ 9.9998290392131561e-01, 4.7841399514883037e-03,
       -3.3621228438791471e-03, -1.2707499146301282e-02,
       3.3422951724890676e-03, 4.1464359300100728e-03,
       9.9998581796546415e-01, 2.8655899829202188e-02,
       4.7980129296112560e-03, -9.9997995933618733e-01,
       4.1303750343507639e-03, 3.0146983557141190e-02, 0., 0., 0., 1. ]
Hobj2base19: !!opencv-matrix
   rows: 4
   cols: 4
   dt: d
   data: [ 9.9997823951466080e-01, 3.8025673157695188e-03,
       -5.3908235890840457e-03, -7.3551743481100895e-01,
       3.7974294877645837e-03, -9.9999232606532029e-01,
       -9.6298481570542699e-04, 8.9519347938535526e-02,
       -5.3944440348417380e-03, 9.4249258822793832e-04,
       -9.9998500572822380e-01, 2.6219690205219058e-03, 0., 0., 0., 1. ]
mean-rme19: 2.5274826670515457e-03
max-rme19: 1.3192882164332342e-02
Hcamera2end20: !!opencv-matrix
   rows: 4
   cols: 4
   dt: d
   data: [ 9.9998189840819007e-01, 4.9038830160288132e-03,
       -3.4863716550700822e-03, -1.2615048851174454e-02,
       3.4667739335707578e-03, 3.9992073186762012e-03,
       9.9998599381157105e-01, 2.8570954416384818e-02,
       4.9177570543578394e-03, -9.9997997893567192e-01,
       3.9821342728444398e-03, 3.0067949371512449e-02, 0., 0., 0., 1. ]
Hobj2base20: !!opencv-matrix
   rows: 4
   cols: 4
   dt: d
   data: [ 9.9997803929852891e-01, 4.0406222397535172e-03,
       -5.2530269926394611e-03, -7.3535355715516804e-01,
       4.0331711501529781e-03, -9.9999084676335936e-01,
       -1.4282576706963061e-03, 8.9424844865681863e-02,
       -5.2587499601486291e-03, 1.4070399482382877e-03,
       -9.9998518278394588e-01, 2.5339526644663169e-03, 0., 0., 0., 1. ]
mean-rme20: 2.4847861724381646e-03
max-rme20: 1.3249807812893255e-02
Hcamera2end21: !!opencv-matrix
   rows: 4
   cols: 4
   dt: d
   data: [ 9.9997908294797544e-01, 5.5803136618564472e-03,
       -3.2701324072965127e-03, -1.2621976146556631e-02,
       3.2477559860941601e-03, 4.0142474865153543e-03,
       9.9998666886022636e-01, 2.8365587967301445e-02,
       5.5933663907116026e-03, -9.9997637267915107e-01,
       3.9960400231922044e-03, 2.9827336913344146e-02, 0., 0., 0., 1. ]
Hobj2base21: !!opencv-matrix
   rows: 4
   cols: 4
   dt: d
   data: [ 9.9997393817731850e-01, 4.7029410720561115e-03,
       -5.4777104174270766e-03, -7.3524492343413994e-01,
       4.6978802771241307e-03, -9.9998852648190417e-01,
       -9.3638958330665345e-04, 8.9316815172566399e-02,
       -5.4820513538482571e-03, 9.1063155155354434e-04,
       -9.9998455881235015e-01, 2.8328826432609667e-03, 0., 0., 0., 1. ]
mean-rme21: 2.5062588410998737e-03
max-rme21: 1.2986844194450065e-02
Hcamera2end22: !!opencv-matrix
   rows: 4
   cols: 4
   dt: d
   data: [ 9.9998000323388136e-01, 5.4714275247171422e-03,
       -3.1712163610232279e-03, -1.3960156032539306e-02,
       3.1534055017357881e-03, 3.2608108439470262e-03,
       9.9998971152026461e-01, 2.8356066122009395e-02,
       5.4817119687444564e-03, -9.9997971509100225e-01,
       3.2434920086163999e-03, 2.9805298362067644e-02, 0., 0., 0., 1. ]
Hobj2base22: !!opencv-matrix
   rows: 4
   cols: 4
   dt: d
   data: [ 9.9998000437465451e-01, 4.4363333666740503e-03,
       -4.5066392273684659e-03, -7.3472865853116909e-01,
       4.4317637386330115e-03, -9.9998965594882994e-01,
       -1.0234576224815765e-03, 8.8142735240248474e-02,
       -4.5111330096616869e-03, 1.0034647974954476e-03,
       -9.9998932131166729e-01, 2.3876053215152282e-03, 0., 0., 0., 1. ]
mean-rme22: 2.5304023514155023e-03
max-rme22: 1.3040836228455532e-02
Hcamera2end23: !!opencv-matrix
   rows: 4
   cols: 4
   dt: d
   data: [ 9.9998095930415998e-01, 5.2415541030268091e-03,
       -3.2568604079742840e-03, -1.3964662539632246e-02,
       3.2394044024168329e-03, 3.3353622819807249e-03,
       9.9998919075036286e-01, 2.8252425221968611e-02,
       5.2523602551224563e-03, -9.9998070054828214e-01,
       3.3183192609251844e-03, 2.9617696493443774e-02, 0., 0., 0., 1. ]
Hobj2base23: !!opencv-matrix
   rows: 4
   cols: 4
   dt: d
   data: [ 9.9997921852031990e-01, 4.4593212336911919e-03,
       -4.6558545536844820e-03, -7.3460020670348525e-01,
       4.4549846170110676e-03, -9.9998963339575986e-01,
       -9.4138890798030827e-04, 8.8161012630030081e-02,
       -4.6600042438294425e-03, 9.2062758411014061e-04,
       -9.9998871833901148e-01, 2.5333295314480197e-03, 0., 0., 0., 1. ]
mean-rme23: 2.4958469442973807e-03
max-rme23: 1.2935676091851367e-02
Hcamera2end24: !!opencv-matrix
   rows: 4
   cols: 4
   dt: d
   data: [ 9.9998349441987133e-01, 5.0575989165983866e-03,
       -2.7260926290298688e-03, -1.4092061376181879e-02,
       2.7108648684009808e-03, 3.0152836785422021e-03,
       9.9999177960421426e-01, 2.8193523635697798e-02,
       5.0657772837440739e-03, -9.9998266422850401e-01,
       3.0015234423144133e-03, 2.9624976044172149e-02, 0., 0., 0., 1. ]
Hobj2base24: !!opencv-matrix
   rows: 4
   cols: 4
   dt: d
   data: [ 9.9998188527447629e-01, 4.1846932287006146e-03,
       -4.3263686257434195e-03, -7.3447971483758101e-01,
       4.1814086261047533e-03, -9.9999096297952450e-01,
       -7.6797212499758901e-04, 8.8150653979908428e-02,
       -4.3295432560128723e-03, 7.4986789830194225e-04,
       -9.9999034633006811e-01, 2.5513135507740535e-03, 0., 0., 0., 1. ]
mean-rme24: 2.5432136552107766e-03
max-rme24: 1.2792129744566394e-02
