%YAML:1.0
---
Hcamera2end0: !!opencv-matrix
   rows: 4
   cols: 4
   dt: d
   data: [ 9.9999839002749347e-01, -1.3053638068826253e-03,
       -1.2312464224430739e-03, -1.0077555435079762e-02,
       1.2447564254287886e-03, 1.0399811913780366e-02,
       9.9994514574230475e-01, 2.9031636103202585e-02,
       -1.2924874709070537e-03, -9.9994506846000775e-01,
       1.0401420030355268e-02, 3.7976104433113431e-02, 0., 0., 0., 1. ]
Hobj2base0: !!opencv-matrix
   rows: 4
   cols: 4
   dt: d
   data: [ 9.9991390669392044e-01, -4.1227238095674391e-03,
       -1.2457220737062485e-02, -7.4171947284539153e-01,
       -4.1538979076390006e-03, -9.9998830310991771e-01,
       -2.4776552464056203e-03, 9.4315240970248695e-02,
       -1.2446860338044537e-02, 2.5291879600288130e-03,
       -9.9991933618466833e-01, 3.5714217517636890e-03, 0., 0., 0., 1. ]
mean-rme0: 1.0582168159039445e-03
max-rme0: 3.1572116016538032e-03
Hcamera2end1: !!opencv-matrix
   rows: 4
   cols: 4
   dt: d
   data: [ 9.9990589114254069e-01, 1.3717440567758830e-02,
       -2.0169955763397508e-04, -9.6147254326330259e-03,
       1.9499307625851087e-04, 4.9023750792365206e-04,
       9.9999986082243342e-01, 2.7958704652241373e-02,
       1.3717537539287315e-02, -9.9990579130808910e-01,
       4.8751656629719697e-04, 3.7454008633716812e-02, 0., 0., 0., 1. ]
Hobj2base1: !!opencv-matrix
   rows: 4
   cols: 4
   dt: d
   data: [ 9.9996382070674728e-01, 8.0955634271604529e-03,
       -2.6113464651393997e-03, -7.4023228616046188e-01,
       8.0987907479368598e-03, -9.9996645062504474e-01,
       1.2276859415760644e-03, 9.3513422516622396e-02,
       -2.6013200466890405e-03, -1.2487902733578904e-03,
       -9.9999583681976789e-01, 2.9663415494548379e-03, 0., 0., 0., 1. ]
mean-rme1: 1.7662811755683790e-03
max-rme1: 6.1501891129900899e-03
Hcamera2end2: !!opencv-matrix
   rows: 4
   cols: 4
   dt: d
   data: [ 9.9991901572087227e-01, 1.2726303668551063e-02,
       -5.6522012573510631e-05, -9.7348758816137911e-03,
       1.0975399682742505e-04, -4.1821719750894104e-03,
       9.9999124865752254e-01, 2.9971523395057091e-02,
       1.2725955911532225e-02, -9.9991027129063281e-01,
       -4.1832300475992401e-03, 3.7851659521360770e-02, 0., 0., 0., 1. ]
Hobj2base2: !!opencv-matrix
   rows: 4
   cols: 4
   dt: d
   data: [ 9.9996459657504133e-01, 8.2437554603617749e-03,
       -1.6870365806932912e-03, -7.4033894149725676e-01,
       8.2459279952235044e-03, -9.9996517624081060e-01,
       1.2849035690799106e-03, 9.3497367384195798e-02,
       -1.6763854009240211e-03, -1.2987692612625283e-03,
       -9.9999775146266856e-01, 3.0540731535056570e-04, 0., 0., 0., 1. ]
mean-rme2: 2.0625071660148684e-03
max-rme2: 7.4812738255198297e-03
Hcamera2end3: !!opencv-matrix
   rows: 4
   cols: 4
   dt: d
   data: [ 9.9991827216746831e-01, 1.2773615304398415e-02,
       -5.3267032955638203e-04, -1.1187830750470971e-02,
       5.7270191814571929e-04, -3.1304747608240646e-03,
       9.9999493605732059e-01, 3.0125702266694917e-02,
       1.2771883108520187e-02, -9.9991351369997350e-01,
       -3.1375343878934370e-03, 3.8108516603185233e-02, 0., 0., 0., 1. ]
Hobj2base3: !!opencv-matrix
   rows: 4
   cols: 4
   dt: d
   data: [ 9.9995909272874473e-01, 8.8779624035647351e-03,
       -1.7305064769339174e-03, -7.4072481919782951e-01,
       8.8793234074058310e-03, -9.9996027351669370e-01,
       7.8038724103301278e-04, 9.1636195720160893e-02,
       -1.7235094814111373e-03, -7.9572104418776640e-04,
       -9.9999819816992042e-01, 5.2633531191646299e-04, 0., 0., 0., 1. ]
mean-rme3: 2.0108642660005564e-03
max-rme3: 7.8539711292487102e-03
Hcamera2end4: !!opencv-matrix
   rows: 4
   cols: 4
   dt: d
   data: [ 9.9992206671923378e-01, 1.2429693858282643e-02,
       -1.1675609301058402e-03, -1.0818847499145887e-02,
       1.2022002698539140e-03, -2.7797147086277008e-03,
       9.9999541393980906e-01, 3.0223315288165121e-02,
       1.2426391368667817e-02, -9.9991888465851475e-01,
       -2.7944410576514755e-03, 3.6731484795665945e-02, 0., 0., 0., 1. ]
Hobj2base4: !!opencv-matrix
   rows: 4
   cols: 4
   dt: d
   data: [ 9.9995746403114472e-01, 9.0302397301318671e-03,
       -1.8774713894795592e-03, -7.3945568823041152e-01,
       9.0329456882777201e-03, -9.9995816839530072e-01,
       1.4378288176570460e-03, 9.1602997942539247e-02,
       -1.8644089129242242e-03, -1.4547267553077028e-03,
       -9.9999720387082758e-01, 7.2909793261775597e-04, 0., 0., 0., 1. ]
mean-rme4: 2.0117860457968943e-03
max-rme4: 7.8227870053146908e-03
Hcamera2end5: !!opencv-matrix
   rows: 4
   cols: 4
   dt: d
   data: [ 9.9996981961704912e-01, 5.4642215608213815e-03,
       -5.5228740507640003e-03, -9.7691692052804500e-03,
       5.5043438856499554e-03, 3.4004278899267826e-03,
       9.9997906942523251e-01, 3.0050838770846421e-02,
       5.4828873264782278e-03, -9.9997928947198689e-01,
       3.3702483091727631e-03, 3.6789705813711507e-02, 0., 0., 0., 1. ]
Hobj2base5: !!opencv-matrix
   rows: 4
   cols: 4
   dt: d
   data: [ 9.9996808472109489e-01, 4.0844306317961449e-03,
       -6.8663648052900046e-03, -7.4100318017174271e-01,
       4.0617233114320118e-03, -9.9998624742399977e-01,
       -3.3177351626028592e-03, 9.2139014276188036e-02,
       -6.8798214342124953e-03, 3.2897400021653683e-03,
       -9.9997092241112306e-01, 1.4293012790302878e-03, 0., 0., 0., 1. ]
mean-rme5: 2.1028327276798628e-03
max-rme5: 7.9485947560659909e-03
Hcamera2end6: !!opencv-matrix
   rows: 4
   cols: 4
   dt: d
   data: [ 9.9997163754284601e-01, 5.4564099089994614e-03,
       -5.1915027481476564e-03, -9.9531517747507830e-03,
       5.1744740393621473e-03, 3.1303606416944740e-03,
       9.9998171266312097e-01, 2.9996031104925280e-02,
       5.4725614016673555e-03, -9.9998021402083626e-01,
       3.1020378055527376e-03, 3.6526563512910282e-02, 0., 0., 0., 1. ]
Hobj2base6: !!opencv-matrix
   rows: 4
   cols: 4
   dt: d
   data: [ 9.9997448386501797e-01, 3.4734869763338562e-03,
       -6.2423158455904406e-03, -7.4060783414100595e-01,
       3.4511008158774961e-03, -9.9998758862963411e-01,
       -3.5933953090722627e-03, 9.2221286831305579e-02,
       -6.2547199817034249e-03, 3.5717607582048307e-03,
       -9.9997406016508039e-01, 1.0995743503364602e-03, 0., 0., 0., 1. ]
mean-rme6: 2.0084104646122948e-03
max-rme6: 7.9784190305273728e-03
Hcamera2end7: !!opencv-matrix
   rows: 4
   cols: 4
   dt: d
   data: [ 9.9997866377707767e-01, 3.2003452719522301e-03,
       -5.6947151597439623e-03, -1.0146498596676101e-02,
       5.6815456920255702e-03, 4.1091498136996973e-03,
       9.9997541716102112e-01, 2.9453243440914989e-02,
       3.2236670361174679e-03, -9.9998643624698680e-01,
       4.0908792320704102e-03, 3.6592464398451985e-02, 0., 0., 0., 1. ]
Hobj2base7: !!opencv-matrix
   rows: 4
   cols: 4
   dt: d
   data: [ 9.9997533881293554e-01, 1.8522496062742171e-03,
       -6.7742850066059273e-03, -7.4037933265201772e-01,
       1.8283423930596785e-03, -9.9999208537115036e-01,
       -3.5336042721553088e-03, 9.2708177589931454e-02,
       -6.7807765077762053e-03, 3.5211314168190951e-03,
       -9.9997081092574769e-01, 1.8733404224703632e-03, 0., 0., 0., 1. ]
mean-rme7: 2.1243441360175638e-03
max-rme7: 8.3253115375059306e-03
Hcamera2end8: !!opencv-matrix
   rows: 4
   cols: 4
   dt: d
   data: [ 9.9997677825945019e-01, 2.5932313643297661e-03,
       -6.3022292041387670e-03, -9.9896918129117815e-03,
       6.2841457952466217e-03, 6.9233509805366467e-03,
       9.9995628740601672e-01, 3.0280962523533021e-02,
       2.6367505522000732e-03, -9.9997267080770336e-01,
       6.9068939643022187e-03, 3.5749579930859657e-02, 0., 0., 0., 1. ]
Hobj2base8: !!opencv-matrix
   rows: 4
   cols: 4
   dt: d
   data: [ 9.9996487552072955e-01, 2.1502389813356682e-03,
       -8.1008763189485376e-03, -7.4041913849535035e-01,
       2.1209262050948534e-03, -9.9999117930794323e-01,
       -3.6253245842974352e-03, 9.2762561361255297e-02,
       -8.1086001778542874e-03, 3.6080158857901348e-03,
       -9.9996061563669780e-01, 1.4988152750110403e-03, 0., 0., 0., 1. ]
mean-rme8: 2.2515673373072341e-03
max-rme8: 8.7539426528145392e-03
Hcamera2end9: !!opencv-matrix
   rows: 4
   cols: 4
   dt: d
   data: [ 9.9997946697956452e-01, 4.8037519376718536e-03,
       -4.2414132771301846e-03, -1.0408830697873189e-02,
       4.2064347969406630e-03, 7.2683374575055471e-03,
       9.9996473796674612e-01, 3.0427506798135228e-02,
       4.8344105706062106e-03, -9.9996204689874368e-01,
       7.2479815472774600e-03, 3.5285125688021515e-02, 0., 0., 0., 1. ]
Hobj2base9: !!opencv-matrix
   rows: 4
   cols: 4
   dt: d
   data: [ 9.9995475176320203e-01, 4.3764636028308865e-03,
       -8.4463597203804138e-03, -7.4034950675602185e-01,
       4.3677862267405883e-03, -9.9998991461059283e-01,
       -1.0455240681732177e-03, 9.2432115705461310e-02,
       -8.4508502335838027e-03, 1.0085848663998291e-03,
       -9.9996378228758731e-01, 1.7731742689345077e-03, 0., 0., 0., 1. ]
mean-rme9: 2.3169715545641105e-03
max-rme9: 9.0097511017218079e-03
Hcamera2end10: !!opencv-matrix
   rows: 4
   cols: 4
   dt: d
   data: [ 9.9997806013838264e-01, 5.5717415074753281e-03,
       -3.5825882335301816e-03, -1.2107666214803390e-02,
       3.5504421302230563e-03, 5.7687183151233778e-03,
       9.9997705786166957e-01, 3.2266068648899360e-02,
       5.5922806221692335e-03, -9.9996783827559921e-01,
       5.7488096044550074e-03, 3.5895413732927518e-02, 0., 0., 0., 1. ]
Hobj2base10: !!opencv-matrix
   rows: 4
   cols: 4
   dt: d
   data: [ 9.9996299189042670e-01, 5.2405339685929805e-03,
       -6.8228771988352605e-03, -7.4091203377979375e-01,
       5.2337589571377421e-03, -9.9998579326683967e-01,
       -1.0104611165609857e-03, 9.0542678496846801e-02,
       -6.8280756238447912e-03, 9.7471442665240959e-04,
       -9.9997621337462905e-01, -1.8828541193269960e-04, 0., 0., 0., 1. ]
mean-rme10: 2.4269417195860728e-03
max-rme10: 8.3929300315982447e-03
Hcamera2end11: !!opencv-matrix
   rows: 4
   cols: 4
   dt: d
   data: [ 9.9998253987209074e-01, 4.5674927679718010e-03,
       -3.7493947214276594e-03, -1.2046597467314742e-02,
       3.7252542162315321e-03, 5.2823774946666457e-03,
       9.9997910926630273e-01, 3.2171773575443194e-02,
       4.5872030679918125e-03, -9.9997561695164261e-01,
       5.2652701919884137e-03, 3.5735670495997310e-02, 0., 0., 0., 1. ]
Hobj2base11: !!opencv-matrix
   rows: 4
   cols: 4
   dt: d
   data: [ 9.9997222268087904e-01, 4.1656944909827485e-03,
       -6.1806841102155542e-03, -7.4045744549375669e-01,
       4.1569976528099250e-03, -9.9999035246123191e-01,
       -1.4192797379205271e-03, 9.0609331829410861e-02,
       -6.1865367676114096e-03, 1.3935472247953991e-03,
       -9.9997989219231509e-01, -2.3611325539303862e-04, 0., 0., 0., 1. ]
mean-rme11: 2.3683232861300479e-03
max-rme11: 8.1844908535750327e-03
Hcamera2end12: !!opencv-matrix
   rows: 4
   cols: 4
   dt: d
   data: [ 9.9999200899316310e-01, -2.5433662547402845e-05,
       -3.9976621851184682e-03, -1.2401505188716548e-02,
       3.9977197878139862e-03, 2.9476228000756555e-03,
       9.9998766480208501e-01, 3.1467093126713190e-02,
       -1.3649748614285272e-05, -9.9999565542704116e-01,
       2.9477009222577122e-03, 3.6320291942061315e-02, 0., 0., 0., 1. ]
Hobj2base12: !!opencv-matrix
   rows: 4
   cols: 4
   dt: d
   data: [ 9.9999072231721553e-01, 1.4521479045247865e-04,
       -4.3051355563072094e-03, -7.3988003124847679e-01,
       1.3431742713286722e-04, -9.9999678690910243e-01,
       -2.5314285097957365e-03, 9.1069402653963474e-02,
       -4.3054893243759359e-03, 2.5308267692736499e-03,
       -9.9998752876100516e-01, -1.2125590907274521e-04, 0., 0., 0., 1. ]
mean-rme12: 2.5631091463674985e-03
max-rme12: 8.8248345212963708e-03
Hcamera2end13: !!opencv-matrix
   rows: 4
   cols: 4
   dt: d
   data: [ 9.9999188836456132e-01, 2.4647688709544184e-04,
       -4.0202554922483423e-03, -1.2656451286896330e-02,
       4.0195974940213002e-03, 2.6143880725929547e-03,
       9.9998850383941507e-01, 3.1745315047708389e-02,
       2.5698456156527803e-04, -9.9999655210613103e-01,
       2.6133761277523648e-03, 3.6272310570117039e-02, 0., 0., 0., 1. ]
Hobj2base13: !!opencv-matrix
   rows: 4
   cols: 4
   dt: d
   data: [ 9.9999197055349709e-01, 2.5467474219048472e-04,
       -3.9992460926373593e-03, -7.3986855501095905e-01,
       2.4562468614531207e-04, -9.9999740863839892e-01,
       -2.2632686540010162e-03, 9.0808353354021543e-02,
       -3.9998121265055683e-03, 2.2622681676401158e-03,
       -9.9998944176710691e-01, -5.0195238691799033e-04, 0., 0., 0., 1. ]
mean-rme13: 2.4871998637002305e-03
max-rme13: 8.8249789751706220e-03
Hcamera2end14: !!opencv-matrix
   rows: 4
   cols: 4
   dt: d
   data: [ 9.9999173536435115e-01, 3.3478822096550710e-04,
       -4.0518045165877743e-03, -1.2658798180147333e-02,
       4.0509796643153620e-03, 2.4288040108444431e-03,
       9.9998884517520326e-01, 3.1756753785482733e-02,
       3.4462552552260513e-04, -9.9999699440944534e-01,
       2.4274277173892411e-03, 3.6123609615872777e-02, 0., 0., 0., 1. ]
Hobj2base14: !!opencv-matrix
   rows: 4
   cols: 4
   dt: d
   data: [ 9.9999339007062604e-01, 3.4876646266193332e-04,
       -3.6191403691036160e-03, -7.3965081917015818e-01,
       3.4006588168533235e-04, -9.9999705164383368e-01,
       -2.4043832548185625e-03, 9.0817436050269623e-02,
       -3.6199682668314587e-03, 2.4031366158544978e-03,
       -9.9999056033752276e-01, -5.7461518492911705e-04, 0., 0., 0., 1. ]
mean-rme14: 2.4010214162767289e-03
max-rme14: 8.8412616248607356e-03
Hcamera2end15: !!opencv-matrix
   rows: 4
   cols: 4
   dt: d
   data: [ 9.9999552931590041e-01, 7.6364159715485965e-04,
       -2.8910551228421414e-03, -1.3058257419576629e-02,
       2.8904484776096956e-03, 7.9432353345820772e-04,
       9.9999550716876817e-01, 3.1766314754724738e-02,
       7.6593459936264005e-04, -9.9999939295063311e-01,
       7.9211271559676000e-04, 3.6093858251828016e-02, 0., 0., 0., 1. ]
Hobj2base15: !!opencv-matrix
   rows: 4
   cols: 4
   dt: d
   data: [ 9.9999798698143039e-01, 5.9193493210277085e-04,
       -1.9171974658684623e-03, -7.3896392600651517e-01,
       5.8965422357230032e-04, -9.9999911816032760e-01,
       -1.1899522945761443e-03, 9.0784418089116581e-02,
       -1.9179001495383729e-03, 1.1888194155969067e-03,
       -9.9999745418046615e-01, -7.9737276657798877e-04, 0., 0., 0., 1. ]
mean-rme15: 2.4180911975263636e-03
max-rme15: 8.8406715152524740e-03
Hcamera2end16: !!opencv-matrix
   rows: 4
   cols: 4
   dt: d
   data: [ 9.9999538672335186e-01, 4.7470730740158031e-04,
       -3.0001974912221428e-03, -1.3044487241653392e-02,
       2.9998909892175766e-03, 6.4506524584762026e-04,
       9.9999529226135930e-01, 3.1888882104665554e-02,
       4.7664039573591319e-04, -9.9999967927184907e-01,
       6.4363819980917114e-04, 3.6400724953106714e-02, 0., 0., 0., 1. ]
Hobj2base16: !!opencv-matrix
   rows: 4
   cols: 4
   dt: d
   data: [ 9.9999887736395321e-01, 4.9061067728825439e-04,
       -1.4158290845347060e-03, -7.3915143892177249e-01,
       4.8882955414714276e-04, -9.9999908914085345e-01,
       -1.2580791431844466e-03, 9.0794200017598900e-02,
       -1.4164450219743543e-03, 1.2573856317193090e-03,
       -9.9999820633082792e-01, -1.0321536609886354e-03, 0., 0., 0., 1. ]
mean-rme16: 2.3622903535313248e-03
max-rme16: 8.7938247958212479e-03
Hcamera2end17: !!opencv-matrix
   rows: 4
   cols: 4
   dt: d
   data: [ 9.9999439896845266e-01, 8.6958537630480630e-04,
       -3.2320044858408304e-03, -1.2827064955050418e-02,
       3.2312103213494275e-03, 9.1312816186062129e-04,
       9.9999436272252018e-01, 3.2493463881737801e-02,
       8.7253170852602882e-04, -9.9999920500880057e-01,
       9.1031323415780019e-04, 3.6124301924179897e-02, 0., 0., 0., 1. ]
Hobj2base17: !!opencv-matrix
   rows: 4
   cols: 4
   dt: d
   data: [ 9.9999746910722309e-01, 7.8383728671423982e-04,
       -2.1088808066036901e-03, -7.3954562026618409e-01,
       7.8000867213803957e-04, -9.9999804743966103e-01,
       -1.8156826089583764e-03, 9.0619922960437013e-02,
       -2.1102998886164078e-03, 1.8140330683427198e-03,
       -9.9999612795170689e-01, -1.5076164721437796e-03, 0., 0., 0., 1. ]
mean-rme17: 2.4767500124035888e-03
max-rme17: 8.9503770043983799e-03
Hcamera2end18: !!opencv-matrix
   rows: 4
   cols: 4
   dt: d
   data: [ 9.9999506819406836e-01, 1.0353702318819675e-03,
       -2.9650625665246034e-03, -1.2878389457364659e-02,
       2.9637617425636005e-03, 1.2556674784707234e-03,
       9.9999481969434056e-01, 3.2639698174442164e-02,
       1.0390880009841115e-03, -9.9999867565295630e-01,
       1.2525926950797128e-03, 3.5845620377753885e-02, 0., 0., 0., 1. ]
Hobj2base18: !!opencv-matrix
   rows: 4
   cols: 4
   dt: d
   data: [ 9.9999710659886087e-01, 1.0600932043539775e-03,
       -2.1593972086172163e-03, -7.3939768736632649e-01,
       1.0568756122991884e-03, -9.9999833050429543e-01,
       -1.4906383068355746e-03, 9.0567830548584485e-02,
       -2.1609738190520784e-03, 1.4883517795739451e-03,
       -9.9999655749464123e-01, -1.5691345609987473e-03, 0., 0., 0., 1. ]
mean-rme18: 2.4449065815025789e-03
max-rme18: 8.7117479770851824e-03
Hcamera2end19: !!opencv-matrix
   rows: 4
   cols: 4
   dt: d
   data: [ 9.9999695637652641e-01, 1.2380958401307248e-03,
       -2.1340938063095344e-03, -1.3142471772772356e-02,
       2.1342538263837470e-03, -1.2794011289796181e-04,
       9.9999771429335393e-01, 3.2257219883308742e-02,
       1.2378199740043206e-03, -9.9999922537470909e-01,
       -1.3058213428074339e-04, 3.6504308781901328e-02, 0., 0., 0., 1. ]
Hobj2base19: !!opencv-matrix
   rows: 4
   cols: 4
   dt: d
   data: [ 9.9999861297297687e-01, 1.3032895776009556e-03,
       -1.0370575680420510e-03, -7.3960402404782988e-01,
       1.3025023530627408e-03, -9.9999886339290733e-01,
       -7.5940800228216669e-04, 9.0472656273180935e-02,
       -1.0380461178495846e-03, 7.5805617904010957e-04,
       -9.9999917390520210e-01, -1.4103877290671085e-03, 0., 0., 0., 1. ]
mean-rme19: 2.5401743404707740e-03
max-rme19: 9.2966274049122166e-03
Hcamera2end20: !!opencv-matrix
   rows: 4
   cols: 4
   dt: d
   data: [ 9.9999737183017090e-01, 1.1400820987161595e-03,
       -1.9891067239283713e-03, -1.3914576450000939e-02,
       1.9883741314432944e-03, 6.4335236951773567e-04,
       9.9999781623063666e-01, 3.2065757035552013e-02,
       1.1413593055638637e-03, -9.9999914315490135e-01,
       6.4108376892568764e-04, 3.6284710785426319e-02, 0., 0., 0., 1. ]
Hobj2base20: !!opencv-matrix
   rows: 4
   cols: 4
   dt: d
   data: [ 9.9999724314938077e-01, 1.0003363640292838e-03,
       -2.1243871579718770e-03, -7.3987383662217687e-01,
       9.9892795030718422e-04, -9.9999928066854427e-01,
       -6.6393173133823941e-04, 8.9969994049304933e-02,
       -2.1250497848874610e-03, 6.6180779126826298e-04,
       -9.9999752308386181e-01, -8.6834311621434798e-04, 0., 0., 0., 1. ]
mean-rme20: 2.5992162640241620e-03
max-rme20: 9.4364181985437945e-03
Hcamera2end21: !!opencv-matrix
   rows: 4
   cols: 4
   dt: d
   data: [ 9.9999739130995058e-01, 1.1140480258446026e-03,
       -1.9940587478251147e-03, -1.3902185508940137e-02,
       1.9931361096411399e-03, 8.2868257577550786e-04,
       9.9999767034410481e-01, 3.2029034120797481e-02,
       1.1156978722354470e-03, -9.9999903609062779e-01,
       8.2645996465136040e-04, 3.6033836347132163e-02, 0., 0., 0., 1. ]
Hobj2base21: !!opencv-matrix
   rows: 4
   cols: 4
   dt: d
   data: [ 9.9999664800204668e-01, 1.0209038757328019e-03,
       -2.3794410997609260e-03, -7.3971877349900139e-01,
       1.0195830513133092e-03, -9.9999932552042714e-01,
       -5.5624553224568819e-04, 8.9981316936740524e-02,
       -2.3800073680962379e-03, 5.5381762989488805e-04,
       -9.9999701442102351e-01, -7.5684938316249325e-04, 0., 0., 0., 1. ]
mean-rme21: 2.5241180975302600e-03
max-rme21: 9.3992509129611213e-03
Hcamera2end22: !!opencv-matrix
   rows: 4
   cols: 4
   dt: d
   data: [ 9.9999687089879430e-01, 1.6379824097012882e-03,
       -1.8908215795136820e-03, -1.4555275558827031e-02,
       1.8902818072456195e-03, 3.3102031061271742e-04,
       9.9999815862842611e-01, 3.1677437488595632e-02,
       1.6386052939136042e-03, -9.9999860371861482e-01,
       3.2792302646700300e-04, 3.6099869916429064e-02, 0., 0., 0., 1. ]
Hobj2base22: !!opencv-matrix
   rows: 4
   cols: 4
   dt: d
   data: [ 9.9999710033677935e-01, 1.6260734586000520e-03,
       -1.7762891488775226e-03, -7.3937249926115778e-01,
       1.6257020828065573e-03, -9.9999865639080232e-01,
       -2.1049780944348213e-04, 8.9258612853124544e-02,
       -1.7766290471401144e-03, 2.0760948210172921e-04,
       -9.9999840024248599e-01, -6.4512819818817097e-04, 0., 0., 0., 1. ]
mean-rme22: 2.4909808358236879e-03
max-rme22: 9.3857015074747530e-03
Hcamera2end23: !!opencv-matrix
   rows: 4
   cols: 4
   dt: d
   data: [ 9.9999822884469636e-01, 1.3274199124089238e-03,
       -1.3342652834129991e-03, -1.4785584318354300e-02,
       1.3337651444209784e-03, 3.7758918223396165e-04,
       9.9999903924801303e-01, 3.1788369727739206e-02,
       1.3279224412248527e-03, -9.9999904769093939e-01,
       3.7581804705366650e-04, 3.5889396626284605e-02, 0., 0., 0., 1. ]
Hobj2base23: !!opencv-matrix
   rows: 4
   cols: 4
   dt: d
   data: [ 9.9999753687138382e-01, 1.4271344829639254e-03,
       -1.6998642101342042e-03, -7.3912886187416993e-01,
       1.4277246732540315e-03, -9.9999892093021447e-01,
       3.4603563908265883e-04, 8.9328463207273556e-02,
       -1.6993685364692266e-03, -3.4846172482636407e-04,
       -9.9999849535936969e-01, -6.8761919179347714e-04, 0., 0., 0., 1. ]
mean-rme23: 2.4555329862737322e-03
max-rme23: 9.2294174964914211e-03
Hcamera2end24: !!opencv-matrix
   rows: 4
   cols: 4
   dt: d
   data: [ 9.9999811682131945e-01, 1.2006718048452178e-03,
       -1.5247101468096678e-03, -1.4701768610220814e-02,
       1.5242202575355716e-03, 4.0882203948144902e-04,
       9.9999875480779798e-01, 3.1776995109409664e-02,
       1.2012936448898856e-03, -9.9999919562555495e-01,
       4.0699118130882450e-04, 3.6166893665670052e-02, 0., 0., 0., 1. ]
Hobj2base24: !!opencv-matrix
   rows: 4
   cols: 4
   dt: d
   data: [ 9.9999770996121051e-01, 1.3898742804265951e-03,
       -1.6273665288783026e-03, -7.3941277000945638e-01,
       1.3899542528807123e-03, -9.9999903286052971e-01,
       4.8012298306404589e-05, 8.9297671568426135e-02,
       -1.6272982239293392e-03, -5.0274153384189220e-05,
       -9.9999867468562198e-01, -7.3574282503575668e-04, 0., 0., 0., 1. ]
mean-rme24: 2.4296779029972103e-03
max-rme24: 9.2684310335654496e-03
