%YAML:1.0
---
Hcamera2end0: !!opencv-matrix
   rows: 4
   cols: 4
   dt: d
   data: [ 9.9983298139574617e-01, -1.3114103104899038e-02,
       1.2729085318576269e-02, -8.7442896378482435e-03,
       -1.2653815589388004e-02, 5.8066808043601981e-03,
       9.9990307700749992e-01, 3.3362460866223700e-02,
       -1.3186745782158600e-02, -9.9989714608943192e-01,
       5.6397675383272894e-03, 3.4844341712207808e-02, 0., 0., 0., 1. ]
Hobj2base0: !!opencv-matrix
   rows: 4
   cols: 4
   dt: d
   data: [ 9.9989945677759628e-01, -1.1754097114430942e-02,
       -7.9320575446915030e-03, -7.3747927309729389e-01,
       -1.1670465754446351e-02, -9.9987667668036218e-01,
       1.0508646901934964e-02, 1.0209659749376709e-01,
       -8.0545989932501380e-03, -1.0415019522774720e-02,
       -9.9991332164513103e-01, 8.2242097542524202e-04, 0., 0., 0., 1. ]
mean-rme0: 1.2385758059884474e-03
max-rme0: 3.8144990586359562e-03
Hcamera2end1: !!opencv-matrix
   rows: 4
   cols: 4
   dt: d
   data: [ 9.9988947606474199e-01, -1.2703270177339264e-02,
       7.7241557323305980e-03, -8.8541961841001621e-03,
       -7.6526407160369568e-03, 5.6686608943983252e-03,
       9.9995465065858613e-01, 3.2261175498965677e-02,
       -1.2746479711945025e-02, -9.9990324192417002e-01,
       5.5708208091026501e-03, 3.6861764319339220e-02, 0., 0., 0., 1. ]
Hobj2base1: !!opencv-matrix
   rows: 4
   cols: 4
   dt: d
   data: [ 9.9992191391980867e-01, -1.0362182503478557e-02,
       -6.9850724199012997e-03, -7.3982080565485797e-01,
       -1.0320363580912215e-02, -9.9992876295378230e-01,
       5.9965918050140206e-03, 1.0036690808256693e-01,
       -7.0467126026569106e-03, -5.9240350676530761e-03,
       -9.9995762392714038e-01, 1.1001930272889944e-03, 0., 0., 0., 1. ]
mean-rme1: 1.5219803346811819e-03
max-rme1: 3.5940748877303641e-03
Hcamera2end2: !!opencv-matrix
   rows: 4
   cols: 4
   dt: d
   data: [ 9.9985533212646094e-01, -1.5618089371382704e-02,
       6.7372177248444381e-03, -9.1298943618271823e-03,
       -6.6329316557188940e-03, 6.7194731913760020e-03,
       9.9995542545539540e-01, 3.1001566405851080e-02,
       -1.5662663756047936e-02, -9.9985545153507960e-01,
       6.6149073800847447e-03, 3.5497189123745672e-02, 0., 0., 0., 1. ]
Hobj2base2: !!opencv-matrix
   rows: 4
   cols: 4
   dt: d
   data: [ 9.9986830402476945e-01, -1.3621059133109828e-02,
       -8.8227747746103986e-03, -7.3870065754426029e-01,
       -1.3592223562631426e-02, -9.9990210950205638e-01,
       3.3200710777823070e-03, 1.0051208933534332e-01,
       -8.8671339932710654e-03, -3.1997127106046341e-03,
       -9.9995556689950749e-01, 2.5338782598506781e-03, 0., 0., 0., 1. ]
mean-rme2: 1.7558119965648503e-03
max-rme2: 4.5892366970839427e-03
Hcamera2end3: !!opencv-matrix
   rows: 4
   cols: 4
   dt: d
   data: [ 9.9986586705043479e-01, -1.4337453512808964e-02,
       7.9174070408430577e-03, -9.0941325366115464e-03,
       -7.8264379762738642e-03, 6.3898877091208561e-03,
       9.9994895679912976e-01, 3.1030696682630858e-02,
       -1.4387313025227734e-02, -9.9987679579127775e-01,
       6.2768194239792852e-03, 3.4531134165145499e-02, 0., 0., 0., 1. ]
Hobj2base3: !!opencv-matrix
   rows: 4
   cols: 4
   dt: d
   data: [ 9.9988243621209894e-01, -1.2448630560829116e-02,
       -8.9523936306327677e-03, -7.3777454288168842e-01,
       -1.2410219536746954e-02, -9.9991360024013698e-01,
       4.3334173416773635e-03, 1.0080771274529973e-01,
       -9.0055652575253137e-03, -4.2218067183845921e-03,
       -9.9995053684791091e-01, 2.6966615920232459e-03, 0., 0., 0., 1. ]
mean-rme3: 1.7225271905578019e-03
max-rme3: 4.0541891441734923e-03
Hcamera2end4: !!opencv-matrix
   rows: 4
   cols: 4
   dt: d
   data: [ 9.9986498609423080e-01, -1.5020576596061670e-02,
       6.6627217790856241e-03, -9.1887830204363339e-03,
       -6.5901670245676778e-03, 4.8746911032827578e-03,
       9.9996640297823791e-01, 3.0890961309490497e-02,
       -1.5052550660003052e-02, -9.9987530205789621e-01,
       4.7750448436242321e-03, 3.4913880295531101e-02, 0., 0., 0., 1. ]
Hobj2base4: !!opencv-matrix
   rows: 4
   cols: 4
   dt: d
   data: [ 9.9989912612024512e-01, -1.2397887999823205e-02,
       -6.9303648615343712e-03, -7.3779109442088608e-01,
       -1.2379358367689148e-02, -9.9991969986490337e-01,
       2.7102229587409802e-03, 1.0048614311581730e-01,
       -6.9634093929967413e-03, -2.6241560977963573e-03,
       -9.9997231198388703e-01, 2.2530274512119752e-03, 0., 0., 0., 1. ]
mean-rme4: 1.7537478653351793e-03
max-rme4: 4.0498568041152372e-03
Hcamera2end5: !!opencv-matrix
   rows: 4
   cols: 4
   dt: d
   data: [ 9.9988207765504189e-01, -1.4284402733361765e-02,
       5.6379626451374121e-03, -9.1125777413088218e-03,
       -5.5526907603384154e-03, 6.0022245998737622e-03,
       9.9996656990380062e-01, 3.0894724478577745e-02,
       -1.4317765522486054e-02, -9.9987995736408453e-01,
       5.9221999323995078e-03, 3.4243589818218366e-02, 0., 0., 0., 1. ]
Hobj2base5: !!opencv-matrix
   rows: 4
   cols: 4
   dt: d
   data: [ 9.9989957281291975e-01, -1.1650352521599076e-02,
       -8.0692982757541078e-03, -7.3749549403600212e-01,
       -1.1636383738708511e-02, -9.9993071798394095e-01,
       1.7758957194318409e-03, 1.0001182434143963e-01,
       -8.0894290296743606e-03, -1.6818199199814168e-03,
       -9.9996586572729118e-01, 2.4386818101413020e-03, 0., 0., 0., 1. ]
mean-rme5: 1.7259045003594100e-03
max-rme5: 4.4547788308071656e-03
Hcamera2end6: !!opencv-matrix
   rows: 4
   cols: 4
   dt: d
   data: [ 9.9988873482518692e-01, -1.3658805822385935e-02,
       5.9962482598271451e-03, -8.9330741270262689e-03,
       -5.9187203230636008e-03, 5.7094099459900072e-03,
       9.9996618512217994e-01, 3.1065736262755966e-02,
       -1.3692578990989166e-02, -9.9989041382622279e-01,
       5.6279320358845197e-03, 3.4968602144931339e-02, 0., 0., 0., 1. ]
Hobj2base6: !!opencv-matrix
   rows: 4
   cols: 4
   dt: d
   data: [ 9.9991625947181628e-01, -1.0877616927435859e-02,
       -7.0108126398723573e-03, -7.3816184156425269e-01,
       -1.0862588575208524e-02, -9.9993862809194889e-01,
       2.1781228240695121e-03, 9.9851984755845613e-02,
       -7.0340751586247937e-03, -2.1017848536289707e-03,
       -9.9997305178044260e-01, 2.0853192474389729e-03, 0., 0., 0., 1. ]
mean-rme6: 1.8456484425746187e-03
max-rme6: 4.6264050137140300e-03
Hcamera2end7: !!opencv-matrix
   rows: 4
   cols: 4
   dt: d
   data: [ 9.9990350704612752e-01, -1.2552426219012496e-02,
       5.9508984927530220e-03, -8.9952639752312151e-03,
       -5.8888851398241505e-03, 4.9715376032286596e-03,
       9.9997030198184866e-01, 3.1407132326918968e-02,
       -1.2581638552460521e-02, -9.9990885605132829e-01,
       4.8971380886502214e-03, 3.4917487099788723e-02, 0., 0., 0., 1. ]
Hobj2base7: !!opencv-matrix
   rows: 4
   cols: 4
   dt: d
   data: [ 9.9993445937836212e-01, -9.8730132145882239e-03,
       -5.7965988102696570e-03, -7.3795793672461230e-01,
       -9.8589904145842695e-03, -9.9994841529869727e-01,
       2.4427545169632744e-03, 9.9871430026595473e-02,
       -5.8204171420774276e-03, -2.3854458052060849e-03,
       -9.9998021600059839e-01, 1.5587749463910616e-03, 0., 0., 0., 1. ]
mean-rme7: 1.8017325424033166e-03
max-rme7: 4.6670433308744763e-03
Hcamera2end8: !!opencv-matrix
   rows: 4
   cols: 4
   dt: d
   data: [ 9.9985715522569218e-01, -1.6053122153873452e-02,
       5.2883280059816580e-03, -9.9493575042304810e-03,
       -5.1362035610921092e-03, 9.5027984744461280e-03,
       9.9994165641507970e-01, 2.2773150821091652e-02,
       -1.6102439472485443e-02, -9.9982598190398464e-01,
       9.4189889461693266e-03, 3.3152854204112216e-02, 0., 0., 0., 1. ]
Hobj2base8: !!opencv-matrix
   rows: 4
   cols: 4
   dt: d
   data: [ 9.9989056203229842e-01, -1.2774890790137716e-02,
       -7.4609733972419538e-03, -7.3346895020291569e-01,
       -1.2768546607234883e-02, -9.9991807614965689e-01,
       8.9733310874211389e-04, 9.8947927581500908e-02,
       -7.4718254980404991e-03, -8.0196911987231838e-04,
       -9.9997176393599108e-01, 9.2830512548262700e-03, 0., 0., 0., 1. ]
mean-rme8: 2.4458229017746943e-03
max-rme8: 1.4366076534829575e-02
Hcamera2end9: !!opencv-matrix
   rows: 4
   cols: 4
   dt: d
   data: [ 9.9988755987691147e-01, -1.4058824107203102e-02,
       5.2169979987047189e-03, -1.2087618916124108e-02,
       -5.1545439720434710e-03, 4.4749163515062085e-03,
       9.9997670262865990e-01, 2.8338166386915019e-02,
       -1.4081842203207450e-02, -9.9989115637071713e-01,
       4.4019463643051315e-03, 3.3791492287814293e-02, 0., 0., 0., 1. ]
Hobj2base9: !!opencv-matrix
   rows: 4
   cols: 4
   dt: d
   data: [ 9.9993380102799012e-01, -1.1373091010957619e-02,
       -1.7453832164539191e-03, -7.3389951972772072e-01,
       -1.1368250086237774e-02, -9.9993157344674799e-01,
       2.7588610489711926e-03, 9.7306728356078981e-02,
       -1.7766405636928488e-03, -2.7388364623048621e-03,
       -9.9999467114737173e-01, 2.5318765801204323e-03, 0., 0., 0., 1. ]
mean-rme9: 2.4784403708908577e-03
max-rme9: 1.6311839271886452e-02
Hcamera2end10: !!opencv-matrix
   rows: 4
   cols: 4
   dt: d
   data: [ 9.9988079635121174e-01, -1.4835600384836806e-02,
       4.2776219197249903e-03, -1.5086209308528675e-02,
       -4.2382580789226063e-03, 2.6837627864511049e-03,
       9.9998741721371820e-01, 3.1104168543307907e-02,
       -1.4846893834170465e-02, -9.9988634473050375e-01,
       2.6205657689477579e-03, 3.5383673839752564e-02, 0., 0., 0., 1. ]
Hobj2base10: !!opencv-matrix
   rows: 4
   cols: 4
   dt: d
   data: [ 9.9993608796441968e-01, -1.1286980562076707e-02,
       -6.5119597946025002e-04, -7.3584881503342570e-01,
       -1.1285866339978638e-02, -9.9993488432565480e-01,
       1.6900679261569887e-03, 9.3656502606005762e-02,
       -6.7022934022603999e-04, -1.6826105996902391e-03,
       -9.9999835980575535e-01, 1.1077316643171020e-04, 0., 0., 0., 1. ]
mean-rme10: 2.5281057272438529e-03
max-rme10: 1.7514684600246633e-02
Hcamera2end11: !!opencv-matrix
   rows: 4
   cols: 4
   dt: d
   data: [ 9.9991949441245087e-01, -1.1990205398662492e-02,
       4.1520679722931719e-03, -1.5724229182980637e-02,
       -4.1396386141020697e-03, 1.0612585255529439e-03,
       9.9999086851955121e-01, 3.2237883106680326e-02,
       -1.1994502327870589e-02, -9.9992755172804382e-01,
       1.0115379710525785e-03, 3.5118609301705989e-02, 0., 0., 0., 1. ]
Hobj2base11: !!opencv-matrix
   rows: 4
   cols: 4
   dt: d
   data: [ 9.9995934284539578e-01, -8.9307988480059573e-03,
       1.2463900435890339e-03, -7.3601593947865773e-01,
       -8.9342061977061779e-03, -9.9995629257988616e-01,
       2.7555198249877566e-03, 9.2528999570139506e-02,
       1.2217265738171147e-03, -2.7665432990444097e-03,
       -9.9999542680071962e-01, -1.5124605175520778e-03, 0., 0., 0., 1. ]
mean-rme11: 2.4897006386343291e-03
max-rme11: 1.8495834922605037e-02
Hcamera2end12: !!opencv-matrix
   rows: 4
   cols: 4
   dt: d
   data: [ 9.9992414234784066e-01, -1.1764779689132525e-02,
       3.6468491607665786e-03, -1.5582199768574556e-02,
       -3.6385267583214356e-03, 7.2872627229458864e-04,
       9.9999311501682298e-01, 3.2074205616266463e-02,
       -1.1767356243616831e-02, -9.9993052704519736e-01,
       6.8586452712582346e-04, 3.5116727232682249e-02, 0., 0., 0., 1. ]
Hobj2base12: !!opencv-matrix
   rows: 4
   cols: 4
   dt: d
   data: [ 9.9995898701002894e-01, -8.9960234400120274e-03,
       1.0468333886033353e-03, -7.3590044616993855e-01,
       -8.9979612057421530e-03, -9.9995778518939149e-01,
       1.8613256745498715e-03, 9.2602327018044134e-02,
       1.0300446673323499e-03, -1.8706687022381769e-03,
       -9.9999771980069529e-01, -1.4317516121143241e-03, 0., 0., 0., 1. ]
mean-rme12: 2.4247268851661486e-03
max-rme12: 1.8516546307230652e-02
Hcamera2end13: !!opencv-matrix
   rows: 4
   cols: 4
   dt: d
   data: [ 9.9991557555314337e-01, -1.2402691727861605e-02,
       3.8749198868651023e-03, -1.7063501837434897e-02,
       -3.8554005684315077e-03, 1.5973199094228008e-03,
       9.9999129218986904e-01, 3.1489036604188489e-02,
       -1.2408773214259632e-02, -9.9992180784649887e-01,
       1.5493677118353366e-03, 3.5628052409867279e-02, 0., 0., 0., 1. ]
Hobj2base13: !!opencv-matrix
   rows: 4
   cols: 4
   dt: d
   data: [ 9.9994909083440409e-01, -1.0090244564665372e-02,
       -5.2000710338969425e-05, -7.3635844336253242e-01,
       -1.0090112265528254e-02, -9.9994686345456496e-01,
       2.1118479698044854e-03, 9.1543204022982383e-02,
       -7.3307009699581126e-05, -2.1112157643812701e-03,
       -9.9999776869455026e-01, -2.2688936982695164e-04, 0., 0., 0., 1. ]
mean-rme13: 2.3935018035019088e-03
max-rme13: 1.8087689162109344e-02
Hcamera2end14: !!opencv-matrix
   rows: 4
   cols: 4
   dt: d
   data: [ 9.9990898044702547e-01, -1.2870511320528478e-02,
       4.0473151271278778e-03, -1.7120625029885636e-02,
       -4.0279789303396523e-03, 1.5279318374159523e-03,
       9.9999072036196235e-01, 3.1639028903469806e-02,
       -1.2876575908480861e-02, -9.9991600415367288e-01,
       1.4759506173213088e-03, 3.5337389781226324e-02, 0., 0., 0., 1. ]
Hobj2base14: !!opencv-matrix
   rows: 4
   cols: 4
   dt: d
   data: [ 9.9994094209277895e-01, -1.0864266960072026e-02,
       -2.8289578646175967e-04, -7.3609670951703943e-01,
       -1.0863545479322032e-02, -9.9993801809573668e-01,
       2.4378979447446016e-03, 9.1603746603882721e-02,
       -3.0936422613532294e-04, -2.4346807163518310e-03,
       -9.9999698830725725e-01, -4.6014291120675884e-04, 0., 0., 0., 1. ]
mean-rme14: 2.3520585823737323e-03
max-rme14: 1.8178769180147603e-02
Hcamera2end15: !!opencv-matrix
   rows: 4
   cols: 4
   dt: d
   data: [ 9.9993039468205425e-01, -1.1025219509657590e-02,
       4.2012290767106369e-03, -1.7077295030377439e-02,
       -4.1990834982695031e-03, 2.1774791400730464e-04,
       9.9999116010273859e-01, 3.1469376947727556e-02,
       -1.1026036856717559e-02, -9.9993919671178511e-01,
       1.7143694028665113e-04, 3.5789839977637579e-02, 0., 0., 0., 1. ]
Hobj2base15: !!opencv-matrix
   rows: 4
   cols: 4
   dt: d
   data: [ 9.9995601383842025e-01, -9.3198136146594012e-03,
       1.0542592494754391e-03, -7.3621771186704188e-01,
       -9.3228900184266581e-03, -9.9995218416203113e-01,
       2.9517979754630913e-03, 9.1393267823685315e-02,
       1.0266986322265441e-03, -2.9614968802341600e-03,
       -9.9999508770100820e-01, -5.0636520834473062e-04, 0., 0., 0., 1. ]
mean-rme15: 2.2947364293024850e-03
max-rme15: 1.8343003788135470e-02
Hcamera2end16: !!opencv-matrix
   rows: 4
   cols: 4
   dt: d
   data: [ 9.9996282935323000e-01, -7.5493988098946935e-03,
       4.1649117028025838e-03, -1.6786348635390639e-02,
       -4.1726407719384698e-03, -1.0083378253327169e-03,
       9.9999078611946146e-01, 3.0909256904478443e-02,
       -7.5451296126268132e-03, -9.9997099449555993e-01,
       -1.0398012740413520e-03, 3.6279050998852959e-02, 0., 0., 0., 1. ]
Hobj2base16: !!opencv-matrix
   rows: 4
   cols: 4
   dt: d
   data: [ 9.9997765649172177e-01, -6.3930087798550013e-03,
       1.9534472260266068e-03, -7.3669169937947787e-01,
       -6.3996084352476402e-03, -9.9997377237503304e-01,
       3.3911021690363227e-03, 9.0916817364173647e-02,
       1.9317166458053354e-03, -3.4035276972624270e-03,
       -9.9999234220568622e-01, -1.1404744289954844e-04, 0., 0., 0., 1. ]
mean-rme16: 2.3966827143522304e-03
max-rme16: 1.8774894728489089e-02
Hcamera2end17: !!opencv-matrix
   rows: 4
   cols: 4
   dt: d
   data: [ 9.9996648353003559e-01, -7.1030637317411709e-03,
       4.0716461287775467e-03, -1.6739000598017056e-02,
       -4.0796214012637916e-03, -1.1086657229806285e-03,
       9.9999106373484026e-01, 3.1313980482919716e-02,
       -7.0984861623811348e-03, -9.9997415833907322e-01,
       -1.1376063752337462e-03, 3.6257364172817330e-02, 0., 0., 0., 1. ]
Hobj2base17: !!opencv-matrix
   rows: 4
   cols: 4
   dt: d
   data: [ 9.9997895198546283e-01, -6.0969950581974477e-03,
       2.2186115738799784e-03, -7.3653839742415839e-01,
       -6.1042016404472803e-03, -9.9997606799129080e-01,
       3.2560968980995461e-03, 9.0869071733654619e-02,
       2.1987060713517452e-03, -3.2695712161334937e-03,
       -9.9999223776771085e-01, -5.7171668405211031e-04, 0., 0., 0., 1. ]
mean-rme17: 2.3786532464629109e-03
max-rme17: 1.8691228281382588e-02
Hcamera2end18: !!opencv-matrix
   rows: 4
   cols: 4
   dt: d
   data: [ 9.9997189442057666e-01, -6.8374075528008990e-03,
       3.0757481821526498e-03, -1.6406171489647702e-02,
       -3.0863744549297373e-03, -1.5441297825096179e-03,
       9.9999404496023814e-01, 3.1252281042119280e-02,
       -6.8326174813954921e-03, -9.9997543245880383e-01,
       -1.5651891838563969e-03, 3.6384473074432544e-02, 0., 0., 0., 1. ]
Hobj2base18: !!opencv-matrix
   rows: 4
   cols: 4
   dt: d
   data: [ 9.9998001097411537e-01, -5.7499184888669033e-03,
       2.6298459231577343e-03, -7.3652542900675089e-01,
       -5.7565043569561079e-03, -9.9998029711976177e-01,
       2.5036033753903469e-03, 9.0808646191764930e-02,
       2.6153985922815191e-03, -2.5186920503124520e-03,
       -9.9999340791855174e-01, -6.8599635475594470e-04, 0., 0., 0., 1. ]
mean-rme18: 2.3552613032333533e-03
max-rme18: 1.8714874520109115e-02
Hcamera2end19: !!opencv-matrix
   rows: 4
   cols: 4
   dt: d
   data: [ 9.9997402989479889e-01, -6.6723161374941230e-03,
       2.7239187427585097e-03, -1.7256275838956118e-02,
       -2.7321529676283852e-03, -1.2252839538913207e-03,
       9.9999551699964817e-01, 3.0725382831626191e-02,
       -6.6689486515713256e-03, -9.9997698917354771e-01,
       -1.2434819214741655e-03, 3.5691114451797845e-02, 0., 0., 0., 1. ]
Hobj2base19: !!opencv-matrix
   rows: 4
   cols: 4
   dt: d
   data: [ 9.9998058286419667e-01, -5.6844263438827654e-03,
       2.5536624135503905e-03, -7.3602935519811996e-01,
       -5.6900273030005104e-03, -9.9998141046185940e-01,
       2.1914196314710421e-03, 8.9592238474332550e-02,
       2.5411579786619198e-03, -2.2059074892342035e-03,
       -9.9999433822811024e-01, -4.6097187638625736e-04, 0., 0., 0., 1. ]
mean-rme19: 2.3754858011933860e-03
max-rme19: 1.8781558536571763e-02
Hcamera2end20: !!opencv-matrix
   rows: 4
   cols: 4
   dt: d
   data: [ 9.9997349009227099e-01, -6.6154808852349868e-03,
       3.0421251354923154e-03, -1.7284582867619750e-02,
       -3.0523186960802412e-03, -1.5313145199029599e-03,
       9.9999416919621020e-01, 3.0470093956423253e-02,
       -6.6107838612726282e-03, -9.9997694497848211e-01,
       -1.5514664808859990e-03, 3.5611050364177624e-02, 0., 0., 0., 1. ]
Hobj2base20: !!opencv-matrix
   rows: 4
   cols: 4
   dt: d
   data: [ 9.9998057372990456e-01, -5.6555007113799688e-03,
       2.6205866737395735e-03, -7.3592416283986983e-01,
       -5.6615563992663152e-03, -9.9998130704404553e-01,
       2.3091863546868719e-03, 8.9527230989513706e-02,
       2.6074780821566655e-03, -2.3239780950615875e-03,
       -9.9999390007332800e-01, -2.0974912483680885e-04, 0., 0., 0., 1. ]
mean-rme20: 2.4497260451568736e-03
max-rme20: 1.8896122431372175e-02
Hcamera2end21: !!opencv-matrix
   rows: 4
   cols: 4
   dt: d
   data: [ 9.9997433960702575e-01, -6.5587624807036567e-03,
       2.8814514076114807e-03, -1.7120259733217642e-02,
       -2.8885882595441510e-03, -1.0789273333327021e-03,
       9.9999524597553757e-01, 3.0245883633734982e-02,
       -6.5556224235030387e-03, -9.9997790903126005e-01,
       -1.0978452119321247e-03, 3.5008607213805158e-02, 0., 0., 0., 1. ]
Hobj2base21: !!opencv-matrix
   rows: 4
   cols: 4
   dt: d
   data: [ 9.9998399654389813e-01, -5.3251196185202963e-03,
       1.9104337574609100e-03, -7.3564502867202164e-01,
       -5.3286932791990803e-03, -9.9998405316260985e-01,
       1.8704139688138415e-03, 8.9357860935708036e-02,
       1.9004431139643505e-03, -1.8805641512497360e-03,
       -9.9999642589083471e-01, 1.0797318702177466e-04, 0., 0., 0., 1. ]
mean-rme21: 2.4981030702720865e-03
max-rme21: 1.8954585199188023e-02
Hcamera2end22: !!opencv-matrix
   rows: 4
   cols: 4
   dt: d
   data: [ 9.9997361791235273e-01, -6.4967957667188261e-03,
       3.2488650395845458e-03, -1.7258732685577476e-02,
       -3.2585685789550444e-03, -1.4835614209345316e-03,
       9.9999359036762159e-01, 3.0308650657571070e-02,
       -6.4919342338117733e-03, -9.9997779509860907e-01,
       -1.5046925360364671e-03, 3.5011369213201429e-02, 0., 0., 0., 1. ]
Hobj2base22: !!opencv-matrix
   rows: 4
   cols: 4
   dt: d
   data: [ 9.9998230658358689e-01, -5.4808313800500507e-03,
       2.3123596503832815e-03, -7.3544202387238566e-01,
       -5.4855361873588585e-03, -9.9998288730345908e-01,
       2.0332223130665973e-03, 8.9403082741004863e-02,
       2.3011763310182179e-03, -2.0458708709579177e-03,
       -9.9999525948870005e-01, -5.5148993240829838e-06, 0., 0., 0., 1. ]
mean-rme22: 2.4434600459223937e-03
max-rme22: 1.8971320384816193e-02
Hcamera2end23: !!opencv-matrix
   rows: 4
   cols: 4
   dt: d
   data: [ 9.9997282215966488e-01, -6.8461587109478316e-03,
       2.7358824791706674e-03, -1.7138385507717454e-02,
       -2.7437850691183242e-03, -1.1451841074898716e-03,
       9.9999558008865941e-01, 3.0341978017580009e-02,
       -6.8429953623981993e-03, -9.9997590904194500e-01,
       -1.1639373719107837e-03, 3.4721065410412394e-02, 0., 0., 0., 1. ]
Hobj2base23: !!opencv-matrix
   rows: 4
   cols: 4
   dt: d
   data: [ 9.9998190141834509e-01, -5.7197537149235103e-03,
       1.8658116710276640e-03, -7.3524466448910075e-01,
       -5.7228451252578257e-03, -9.9998225359048432e-01,
       1.6557619904748935e-03, 8.9451233056179733e-02,
       1.8563080087736223e-03, -1.6664097747574975e-03,
       -9.9999688859467928e-01, 1.7930446492564478e-06, 0., 0., 0., 1. ]
mean-rme23: 2.4344607073319966e-03
max-rme23: 1.8910975726904866e-02
Hcamera2end24: !!opencv-matrix
   rows: 4
   cols: 4
   dt: d
   data: [ 9.9996559870586654e-01, -7.8296094810230768e-03,
       2.7383608586999007e-03, -1.7240016740446541e-02,
       -2.7454534613196710e-03, -8.9526471566125920e-04,
       9.9999583048449769e-01, 3.0540910720703932e-02,
       -7.8271252774894280e-03, -9.9996894737609898e-01,
       -9.1672974584700029e-04, 3.4599470509741402e-02, 0., 0., 0., 1. ]
Hobj2base24: !!opencv-matrix
   rows: 4
   cols: 4
   dt: d
   data: [ 9.9997697816009512e-01, -6.5316753390705379e-03,
       1.8385774581792967e-03, -7.3505958523512072e-01,
       -6.5342097059487604e-03, -9.9997770535760289e-01,
       1.3758238485707176e-03, 8.9596501407842838e-02,
       1.8295500330497323e-03, -1.3878058252467123e-03,
       -9.9999736336735823e-01, -2.0061561172688921e-04, 0., 0., 0., 1. ]
mean-rme24: 2.4302213053839514e-03
max-rme24: 1.8759139362898525e-02
Hcamera2end25: !!opencv-matrix
   rows: 4
   cols: 4
   dt: d
   data: [ 9.9996474616737208e-01, -7.8299747241178767e-03,
       3.0328069906874985e-03, -1.7334999968910636e-02,
       -3.0401541510673646e-03, -9.2660589416015959e-04,
       9.9999494941937306e-01, 3.0547079812436675e-02,
       -7.8271249613658059e-03, -9.9996891596555970e-01,
       -9.5037755791138601e-04, 3.4630140569568216e-02, 0., 0., 0., 1. ]
Hobj2base25: !!opencv-matrix
   rows: 4
   cols: 4
   dt: d
   data: [ 9.9997733734350713e-01, -6.5351388345108452e-03,
       1.6176401959163310e-03, -7.3508000192486633e-01,
       -6.5374663832135829e-03, -9.9997759691992738e-01,
       1.4377731168070441e-03, 8.9596714413030701e-02,
       1.6082079088626318e-03, -1.4483158014497214e-03,
       -9.9999765802158813e-01, -1.6738151999598865e-04, 0., 0., 0., 1. ]
mean-rme25: 2.3853027520769725e-03
max-rme25: 1.8764642224547767e-02
