%YAML:1.0
---
Hcamera2end0: !!opencv-matrix
   rows: 4
   cols: 4
   dt: d
   data: [ 9.9998050660780113e-01, -6.2419974559664981e-03,
       1.5450619738271651e-04, -2.0319521220689956e-02,
       -7.9821040181691193e-05, 1.1963422941099422e-02,
       9.9992843250911412e-01, 2.8660123287711996e-02,
       -6.2433991548567682e-03, -9.9990895284485382e-01,
       1.1962691490674304e-02, 3.4975733190673840e-02, 0., 0., 0., 1. ]
Hobj2base0: !!opencv-matrix
   rows: 4
   cols: 4
   dt: d
   data: [ 9.9993345174445503e-01, -6.7490826602166964e-03,
       -9.3563863571993321e-03, -7.4020195647620157e-01,
       -6.7573980282801096e-03, -9.9997680094197805e-01,
       -8.5740873309139113e-04, 8.5235035724822009e-02,
       -9.3503825754361284e-03, 9.2057650075788057e-04,
       -9.9995586046815066e-01, 3.1456241282664943e-03, 0., 0., 0., 1. ]
mean-rme0: 9.6058969180866979e-04
max-rme0: 2.9575943309461672e-03
Hcamera2end1: !!opencv-matrix
   rows: 4
   cols: 4
   dt: d
   data: [ 9.9998858203155894e-01, -3.5756241243527489e-03,
       3.1702868377378084e-03, -1.7907590049477760e-02,
       -3.1430546058586811e-03, 7.5961543692389943e-03,
       9.9996620925236435e-01, 2.8837162453478865e-02,
       -3.5995852895545459e-03, -9.9996475605439217e-01,
       7.5848292547152640e-03, 3.4912646506495899e-02, 0., 0., 0., 1. ]
Hobj2base1: !!opencv-matrix
   rows: 4
   cols: 4
   dt: d
   data: [ 9.9997667403805390e-01, -5.1332273294047576e-03,
       -4.5057027172592601e-03, -7.3917468521528806e-01,
       -5.1220533548699820e-03, -9.9998378706014179e-01,
       2.4880084980988494e-03, 8.8130956229752200e-02,
       -4.5184011797903189e-03, -2.4648720131883167e-03,
       -9.9998675414064198e-01, 2.5511654665234607e-03, 0., 0., 0., 1. ]
mean-rme1: 1.0916352394431627e-03
max-rme1: 3.4551636944393227e-03
Hcamera2end2: !!opencv-matrix
   rows: 4
   cols: 4
   dt: d
   data: [ 9.9999820269994333e-01, -1.3421259872470179e-03,
       1.3391395436547222e-03, -1.5800615438656199e-02,
       -1.3257539493089822e-03, 9.9251783779851221e-03,
       9.9994986534857411e-01, 2.6962350671669282e-02,
       -1.3553498990722640e-03, -9.9994984350816307e-01,
       9.9233812106334085e-03, 3.4757665875532237e-02, 0., 0., 0., 1. ]
Hobj2base2: !!opencv-matrix
   rows: 4
   cols: 4
   dt: d
   data: [ 9.9997099420972224e-01, -2.9500020357764983e-03,
       -7.0219817152006635e-03, -7.3976094715381591e-01,
       -2.9435181156796855e-03, -9.9999523209962105e-01,
       9.3353046419088280e-04, 8.9575225035719921e-02,
       -7.0247021518612058e-03, -9.1283405601535583e-04,
       -9.9997490983207360e-01, 4.5915789421302894e-03, 0., 0., 0., 1. ]
mean-rme2: 1.1494927171108802e-03
max-rme2: 3.8064802498927186e-03
Hcamera2end3: !!opencv-matrix
   rows: 4
   cols: 4
   dt: d
   data: [ 9.9999261487620883e-01, -3.2911891623495946e-03,
       1.9845067246116966e-03, -1.6411548238381177e-02,
       -1.9501065602839085e-03, 1.0422676174966838e-02,
       9.9994378087258262e-01, 2.7551834249499176e-02,
       -3.3116880055243936e-03, -9.9994026616355924e-01,
       1.0416181032636418e-02, 3.3557644744538220e-02, 0., 0., 0., 1. ]
Hobj2base3: !!opencv-matrix
   rows: 4
   cols: 4
   dt: d
   data: [ 9.9996111535801924e-01, -4.6540899083996872e-03,
       -7.4904752232850397e-03, -7.3842178996569918e-01,
       -4.6465754907514239e-03, -9.9998868411151443e-01,
       1.0202867885463630e-03, 8.9846428544163193e-02,
       -7.4951389683489550e-03, -9.8544205647327549e-04,
       -9.9997142548964790e-01, 4.3247394531192307e-03, 0., 0., 0., 1. ]
mean-rme3: 1.3063473333790551e-03
max-rme3: 3.9908909567126782e-03
Hcamera2end4: !!opencv-matrix
   rows: 4
   cols: 4
   dt: d
   data: [ 9.9998391401753117e-01, -4.8464306394815386e-03,
       2.9468315587228020e-03, -1.7156035168336043e-02,
       -2.9002066442045029e-03, 9.5995171283884684e-03,
       9.9994971777201003e-01, 2.7633322005078221e-02,
       -4.8744751101736225e-03, -9.9994217901884630e-01,
       9.5853070603829638e-03, 3.3131865621209212e-02, 0., 0., 0., 1. ]
Hobj2base4: !!opencv-matrix
   rows: 4
   cols: 4
   dt: d
   data: [ 9.9995824847616233e-01, -5.6101444758551262e-03,
       -7.2130148651969378e-03, -7.3779421047801186e-01,
       -5.5957121964179532e-03, -9.9998230466924043e-01,
       2.0194933545065884e-03, 8.9764871289215814e-02,
       -7.2242168779999378e-03, -1.9790470823275309e-03,
       -9.9997194663807698e-01, 3.8164239503112431e-03, 0., 0., 0., 1. ]
mean-rme4: 1.3962682963542697e-03
max-rme4: 3.8651315293358746e-03
Hcamera2end5: !!opencv-matrix
   rows: 4
   cols: 4
   dt: d
   data: [ 9.9998948194922799e-01, -2.9529114771932050e-03,
       3.5094593205407566e-03, -1.7309669621774201e-02,
       -3.4842440648718172e-03, 8.5013648111741391e-03,
       9.9995779252908634e-01, 2.7978046586536933e-02,
       -2.9826220362418132e-03, -9.9995950273506318e-01,
       8.4909867290989816e-03, 3.3335147196504621e-02, 0., 0., 0., 1. ]
Hobj2base5: !!opencv-matrix
   rows: 4
   cols: 4
   dt: d
   data: [ 9.9997584866903522e-01, -3.5057599482437845e-03,
       -6.0009770727765454e-03, -7.3802859527870979e-01,
       -3.4878832998163634e-03, -9.9998945669040040e-01,
       2.9868341307546413e-03, 8.9483132862199222e-02,
       -6.0113849260850149e-03, -2.9658312870202942e-03,
       -9.9997753329564731e-01, 3.4810263951057592e-03, 0., 0., 0., 1. ]
mean-rme5: 1.3920379610621754e-03
max-rme5: 3.9145723032059099e-03
Hcamera2end6: !!opencv-matrix
   rows: 4
   cols: 4
   dt: d
   data: [ 9.9998823874509146e-01, -3.5074738562225790e-03,
       3.3496266415639778e-03, -1.7405642179294242e-02,
       -3.3167004822873343e-03, 9.3515381129889441e-03,
       9.9995077290476231e-01, 2.7196093874839445e-02,
       -3.5386253546758843e-03, -9.9995012193712385e-01,
       9.3397948869348157e-03, 3.3009699529638857e-02, 0., 0., 0., 1. ]
Hobj2base6: !!opencv-matrix
   rows: 4
   cols: 4
   dt: d
   data: [ 9.9996947864285124e-01, -4.0925093285659481e-03,
       -6.6553099206446134e-03, -7.3828912882964248e-01,
       -4.0760701660840244e-03, -9.9998861316238385e-01,
       2.4817730703757734e-03, 8.9116556092455182e-02,
       -6.6653908171531604e-03, -2.4545698130799482e-03,
       -9.9997477350795561e-01, 4.3482652683047391e-03, 0., 0., 0., 1. ]
mean-rme6: 1.5196708001198580e-03
max-rme6: 3.9650918529693380e-03
Hcamera2end7: !!opencv-matrix
   rows: 4
   cols: 4
   dt: d
   data: [ 9.9998988426358026e-01, -3.1262805166964005e-03,
       3.2338430144902485e-03, -1.6918947831275830e-02,
       -3.2052587058006721e-03, 9.1054082856377727e-03,
       9.9995340784287590e-01, 2.7459536780903671e-02,
       -3.1555803175219443e-03, -9.9995365788124546e-01,
       9.0952956398846485e-03, 3.2917263425297091e-02, 0., 0., 0., 1. ]
Hobj2base7: !!opencv-matrix
   rows: 4
   cols: 4
   dt: d
   data: [ 9.9997150129033441e-01, -3.2890680514712028e-03,
       -6.7954866277152833e-03, -7.3826292302659924e-01,
       -3.2693851369165225e-03, -9.9999043440437063e-01,
       2.9055499626729599e-03, 8.9330071236786185e-02,
       -6.8049781763922746e-03, -2.8832500952693874e-03,
       -9.9997268919751403e-01, 4.0389297974895216e-03, 0., 0., 0., 1. ]
mean-rme7: 1.4687483253558917e-03
max-rme7: 3.8156705650381484e-03
Hcamera2end8: !!opencv-matrix
   rows: 4
   cols: 4
   dt: d
   data: [ 9.9999058102852456e-01, -2.7152532173774406e-03,
       3.3860381272909630e-03, -1.6923460919167816e-02,
       -3.3621670474850585e-03, 8.7483675417759921e-03,
       9.9995607998456559e-01, 2.7198094642890816e-02,
       -2.7447562694622334e-03, -9.9995804585258463e-01,
       8.7391560062586304e-03, 3.2840100690164221e-02, 0., 0., 0., 1. ]
Hobj2base8: !!opencv-matrix
   rows: 4
   cols: 4
   dt: d
   data: [ 9.9997713860836768e-01, -2.4818053284034487e-03,
       -6.2899048429456124e-03, -7.3783821956599860e-01,
       -2.4644448858428744e-03, -9.9999313703007831e-01,
       2.7662979137848503e-03, 8.9145961094122386e-02,
       -6.2967270884202479e-03, -2.7507335485422364e-03,
       -9.9997639206779221e-01, 3.9430993342477183e-03, 0., 0., 0., 1. ]
mean-rme8: 1.5664811103186702e-03
max-rme8: 4.1678409715922848e-03
Hcamera2end9: !!opencv-matrix
   rows: 4
   cols: 4
   dt: d
   data: [ 9.9999676918450464e-01, -1.3145647595937619e-03,
       2.1756700221525357e-03, -1.6737608573859464e-02,
       -2.1644853698269701e-03, 8.4506008792468723e-03,
       9.9996195045004743e-01, 2.8337054381526096e-02,
       -1.3329004599984288e-03, -9.9996342896341561e-01,
       8.4477282207248150e-03, 3.2846184414373286e-02, 0., 0., 0., 1. ]
Hobj2base9: !!opencv-matrix
   rows: 4
   cols: 4
   dt: d
   data: [ 9.9998063427860018e-01, -1.0913674125249003e-03,
       -6.1269882437768224e-03, -7.3786507900012133e-01,
       -1.0778251472206056e-03, -9.9999697016607092e-01,
       2.2131316340570631e-03, 8.8927663921876079e-02,
       -6.1293850197649989e-03, -2.2064849531605495e-03,
       -9.9997878080658809e-01, 2.6426233988079825e-03, 0., 0., 0., 1. ]
mean-rme9: 1.6772725307189573e-03
max-rme9: 5.3697591799616862e-03
Hcamera2end10: !!opencv-matrix
   rows: 4
   cols: 4
   dt: d
   data: [ 9.9999718743654420e-01, -1.1456082162316851e-03,
       2.0767043159580136e-03, -1.5753096349075405e-02,
       -2.0670697902902824e-03, 8.3480018437733783e-03,
       9.9996301836002832e-01, 2.8317160355937378e-02,
       -1.1629021812196735e-03, -9.9996449859334069e-01,
       8.3456103123532577e-03, 3.2592049517171907e-02, 0., 0., 0., 1. ]
Hobj2base10: !!opencv-matrix
   rows: 4
   cols: 4
   dt: d
   data: [ 9.9998086142142417e-01, -9.7984395047921551e-04,
       -6.1087393707032703e-03, -7.3763888676028777e-01,
       -9.6707802051113837e-04, -9.9999734333877965e-01,
       2.0923851187098414e-03, 8.9816211359688425e-02,
       -6.1107733527529205e-03, -2.0864374458543981e-03,
       -9.9997915239659663e-01, 2.4141259018596768e-03, 0., 0., 0., 1. ]
mean-rme10: 1.6750684711928146e-03
max-rme10: 5.2323329898502080e-03
Hcamera2end11: !!opencv-matrix
   rows: 4
   cols: 4
   dt: d
   data: [ 9.9999631428129510e-01, -2.2776918168993933e-03,
       1.4776819050440490e-03, -1.6781601871606378e-02,
       -1.4607456348260908e-03, 7.4195306348181500e-03,
       9.9997140798492301e-01, 2.9395232994806560e-02,
       -2.2885903992636144e-03, -9.9996988088899263e-01,
       7.4161761601363452e-03, 3.2457019177909774e-02, 0., 0., 0., 1. ]
Hobj2base11: !!opencv-matrix
   rows: 4
   cols: 4
   dt: d
   data: [ 9.9998387597745431e-01, -2.2688394823403863e-03,
       -5.2057806821514587e-03, -7.3712144545015357e-01,
       -2.2586680789751295e-03, -9.9999553052535517e-01,
       1.9589149605762587e-03, 8.9137948134836761e-02,
       -5.2102018786517948e-03, -1.9471252443343482e-03,
       -9.9998453113019048e-01, 8.6935766042005400e-04, 0., 0., 0., 1. ]
mean-rme11: 1.8553317856018212e-03
max-rme11: 6.1337153682142487e-03
Hcamera2end12: !!opencv-matrix
   rows: 4
   cols: 4
   dt: d
   data: [ 9.9999689011340953e-01, -2.1906687619320767e-03,
       1.1919454202882231e-03, -1.7166095278711171e-02,
       -1.1748286405911979e-03, 7.7982430660259450e-03,
       9.9996890310786579e-01, 2.9754563092078568e-02,
       -2.1998957190507290e-03, -9.9996719364960085e-01,
       7.7956451539707983e-03, 3.2533622408355875e-02, 0., 0., 0., 1. ]
Hobj2base12: !!opencv-matrix
   rows: 4
   cols: 4
   dt: d
   data: [ 9.9998163137071783e-01, -2.2223199258113997e-03,
       -5.6389906282147215e-03, -7.3741605463395954e-01,
       -2.2144936203735790e-03, -9.9999657672573883e-01,
       1.3937556484410608e-03, 8.8499586568558039e-02,
       -5.6420686953524909e-03, -1.3812425382887170e-03,
       -9.9998312947263579e-01, 7.0117379232530045e-04, 0., 0., 0., 1. ]
mean-rme12: 1.8233178889180959e-03
max-rme12: 6.1610343108371435e-03
Hcamera2end13: !!opencv-matrix
   rows: 4
   cols: 4
   dt: d
   data: [ 9.9999659039410971e-01, -1.9472042495391408e-03,
       1.7399987832778525e-03, -1.7339108678544640e-02,
       -1.7276813771229128e-03, 6.3095918796090000e-03,
       9.9997860185474574e-01, 3.0066389304524113e-02,
       -1.9581412651732692e-03, -9.9997819848530878e-01,
       6.3062062178680378e-03, 3.3151028406031471e-02, 0., 0., 0., 1. ]
Hobj2base13: !!opencv-matrix
   rows: 4
   cols: 4
   dt: d
   data: [ 9.9998835730047320e-01, -2.2870642576475163e-03,
       -4.2490705551393847e-03, -7.3760477922354029e-01,
       -2.2799731232497362e-03, -9.9999600145199197e-01,
       1.6729622187499674e-03, 8.8484440823904831e-02,
       -4.2528797371216773e-03, -1.6632549742890252e-03,
       -9.9998957324405757e-01, 5.3400304350119019e-04, 0., 0., 0., 1. ]
mean-rme13: 1.9498978081542038e-03
max-rme13: 6.8868317739845253e-03
Hcamera2end14: !!opencv-matrix
   rows: 4
   cols: 4
   dt: d
   data: [ 9.9999799108635457e-01, -1.3775241732568312e-03,
       1.4561079655446775e-03, -1.7164582901382387e-02,
       -1.4473117515729453e-03, 6.3651145990505364e-03,
       9.9997869507546733e-01, 3.0047961564138886e-02,
       -1.3867631192775605e-03, -9.9997879364679176e-01,
       6.3631081051609417e-03, 3.2950158181805224e-02, 0., 0., 0., 1. ]
Hobj2base14: !!opencv-matrix
   rows: 4
   cols: 4
   dt: d
   data: [ 9.9998924140440537e-01, -1.8116240773987725e-03,
       -4.2702568592639196e-03, -7.3760308896890847e-01,
       -1.8056284102768974e-03, -9.9999737933499078e-01,
       1.4074903889836213e-03, 8.8391889244259073e-02,
       -4.2727955118285763e-03, -1.3997647492594561e-03,
       -9.9998989188749388e-01, 4.2078608898780679e-04, 0., 0., 0., 1. ]
mean-rme14: 1.9339340392812716e-03
max-rme14: 7.0151202005276359e-03
Hcamera2end15: !!opencv-matrix
   rows: 4
   cols: 4
   dt: d
   data: [ 9.9999866922137159e-01, -8.0342663999924705e-04,
       1.4198806710074450e-03, -1.7718361954341375e-02,
       -1.4145636744153957e-03, 6.5802128071749122e-03,
       9.9997734964799256e-01, 3.0122872134759303e-02,
       -8.1275155907906214e-04, -9.9997802741112596e-01,
       6.5790675522283681e-03, 3.2894209998599724e-02, 0., 0., 0., 1. ]
Hobj2base15: !!opencv-matrix
   rows: 4
   cols: 4
   dt: d
   data: [ 9.9999122203680713e-01, -1.2615093418756932e-03,
       -3.9955529671628623e-03, -7.3740448187634144e-01,
       -1.2546469186593872e-03, -9.9999773449095763e-01,
       1.7195563558842981e-03, 8.7807333845932783e-02,
       -3.9977131516083170e-03, -1.7145282534633069e-03,
       -9.9999053929646009e-01, 2.1336758432839918e-04, 0., 0., 0., 1. ]
mean-rme15: 2.0097922621396818e-03
max-rme15: 7.2758675118747007e-03
Hcamera2end16: !!opencv-matrix
   rows: 4
   cols: 4
   dt: d
   data: [ 9.9999762216686927e-01, -1.5551007154340586e-03,
       1.5288303935339822e-03, -1.7861017587573386e-02,
       -1.5186621980650735e-03, 6.5189080043800418e-03,
       9.9997759850086598e-01, 3.0120180254881900e-02,
       -1.5650321835364767e-03, -9.9997754249792814e-01,
       6.5165308308339220e-03, 3.2826727679152852e-02, 0., 0., 0., 1. ]
Hobj2base16: !!opencv-matrix
   rows: 4
   cols: 4
   dt: d
   data: [ 9.9998999587856929e-01, -1.9273456855275408e-03,
       -4.0365184735555518e-03, -7.3732256445046185e-01,
       -1.9200956040596165e-03, -9.9999653799938604e-01,
       1.7992281995334559e-03, 8.7969545540407368e-02,
       -4.0399722338337676e-03, -1.7914596984592867e-03,
       -9.9999023460056780e-01, 1.8063408471749335e-04, 0., 0., 0., 1. ]
mean-rme16: 2.0031058980633596e-03
max-rme16: 7.2966909750248332e-03
Hcamera2end17: !!opencv-matrix
   rows: 4
   cols: 4
   dt: d
   data: [ 9.9999865465847715e-01, -6.9207204804946703e-04,
       1.4871844256951490e-03, -1.7590159115103570e-02,
       -1.4832394919764634e-03, 5.6662011177051053e-03,
       9.9998284693563766e-01, 3.0107994488289432e-02,
       -7.0048686294819072e-04, -9.9998370746786358e-01,
       5.6651669861365050e-03, 3.2791997031751119e-02, 0., 0., 0., 1. ]
Hobj2base17: !!opencv-matrix
   rows: 4
   cols: 4
   dt: d
   data: [ 9.9999314283814267e-01, -1.0377822046706490e-03,
       -3.5548958901269324e-03, -7.3727063742452015e-01,
       -1.0308880994346339e-03, -9.9999758564720698e-01,
       1.9406105954790464e-03, 8.8088631167700410e-02,
       -3.5569012384962947e-03, -1.9369325885302303e-03,
       -9.9999179833922991e-01, 2.5664423871131554e-05, 0., 0., 0., 1. ]
mean-rme17: 2.0345798163364784e-03
max-rme17: 7.2811790121686260e-03
Hcamera2end18: !!opencv-matrix
   rows: 4
   cols: 4
   dt: d
   data: [ 9.9999919325467235e-01, -8.8751890124694525e-05,
       1.2671278966751485e-03, -1.7809338050512501e-02,
       -1.2666404517542923e-03, 5.2923355826761664e-03,
       9.9998519329340396e-01, 3.0278235501413363e-02,
       -9.5456642056873219e-05, -9.9998599155547307e-01,
       5.2922188963749894e-03, 3.2695358075685986e-02, 0., 0., 0., 1. ]
Hobj2base18: !!opencv-matrix
   rows: 4
   cols: 4
   dt: d
   data: [ 9.9999442008668327e-01, -6.5135355989591633e-04,
       -3.2765124809974663e-03, -7.3720100987507708e-01,
       -6.4518615499682935e-04, -9.9999801899701679e-01,
       1.8830127107225749e-03, 8.7739370801427172e-02,
       -3.2777324972489237e-03, -1.8808882431854607e-03,
       -9.9999285933905280e-01, -2.9772148197884418e-04, 0., 0., 0., 1. ]
mean-rme18: 2.0461602336709333e-03
max-rme18: 7.3571764225817127e-03
Hcamera2end19: !!opencv-matrix
   rows: 4
   cols: 4
   dt: d
   data: [ 9.9999921055405250e-01, 3.2937112844309445e-05,
       1.2561076460475176e-03, -1.7798232749495008e-02,
       -1.2562676322295035e-03, 5.4168078244870577e-03,
       9.9998453987280667e-01, 3.0272655675785159e-02,
       2.6132509906847323e-05, -9.9998532844644239e-01,
       5.4168449260388885e-03, 3.2687347080124052e-02, 0., 0., 0., 1. ]
Hobj2base19: !!opencv-matrix
   rows: 4
   cols: 4
   dt: d
   data: [ 9.9999475615152333e-01, -5.5060156045973533e-04,
       -3.1913174986148043e-03, -7.3723518751942296e-01,
       -5.4438729968017848e-04, -9.9999795489261012e-01,
       1.9477815753045405e-03, 8.7726414098529090e-02,
       -3.1923834236026022e-03, -1.9460340487176008e-03,
       -9.9999301079535430e-01, -2.8230144757904088e-04, 0., 0., 0., 1. ]
mean-rme19: 1.9794324132912109e-03
max-rme19: 7.3958024032892977e-03
Hcamera2end20: !!opencv-matrix
   rows: 4
   cols: 4
   dt: d
   data: [ 9.9999922982226797e-01, 5.3567244102353632e-04,
       1.1195579068745776e-03, -1.7712508050183914e-02,
       -1.1221938535568286e-03, 4.9460855605444332e-03,
       9.9998713837658082e-01, 3.0246964236118092e-02,
       5.3012812220893800e-04, -9.9998762456975632e-01,
       4.9466828795002860e-03, 3.2915017823606500e-02, 0., 0., 0., 1. ]
Hobj2base20: !!opencv-matrix
   rows: 4
   cols: 4
   dt: d
   data: [ 9.9999579706449582e-01, -4.4032889153889000e-05,
       -2.8989505770642739e-03, -7.3715547222893574e-01,
       -3.8589986086036562e-05, -9.9999823661607601e-01,
       1.8775717168997821e-03, 8.7636781835223526e-02,
       -2.8990281400087178e-03, -1.8774519551245188e-03,
       -9.9999403538721188e-01, -2.8082020918857460e-04, 0., 0., 0., 1. ]
mean-rme20: 1.9596832362565081e-03
max-rme20: 7.3039077243732820e-03
Hcamera2end21: !!opencv-matrix
   rows: 4
   cols: 4
   dt: d
   data: [ 9.9999922155205734e-01, 8.3287664088359844e-04,
       9.2909191175576317e-04, -1.7497352142994929e-02,
       -9.3329877634768345e-04, 5.0649277572893947e-03,
       9.9998673764215851e-01, 3.0370340601137712e-02,
       8.2815981156262469e-04, -9.9998682632488411e-01,
       5.0657011372565730e-03, 3.2937276010827299e-02, 0., 0., 0., 1. ]
Hobj2base21: !!opencv-matrix
   rows: 4
   cols: 4
   dt: d
   data: [ 9.9999563697962812e-01, 2.0241331205882537e-04,
       -2.9470409835970057e-03, -7.3722226158614079e-01,
       2.0753188982099667e-04, -9.9999847048561064e-01,
       1.7366510743718358e-03, 8.7751220679082823e-02,
       -2.9466849547595611e-03, -1.7372551023125250e-03,
       -9.9999414947912935e-01, -3.7587171646598822e-04, 0., 0., 0., 1. ]
mean-rme21: 1.9236633731726273e-03
max-rme21: 7.3007290066472441e-03
Hcamera2end22: !!opencv-matrix
   rows: 4
   cols: 4
   dt: d
   data: [ 9.9999893281038055e-01, 7.9291095168548993e-04,
       1.2270575873872928e-03, -1.7280107443967112e-02,
       -1.2303530334148972e-03, 4.1691009399834611e-03,
       9.9999055236975387e-01, 3.0714677804073671e-02,
       7.8778773361501007e-04, -9.9999099490424159e-01,
       4.1700720511568257e-03, 3.2950268347465776e-02, 0., 0., 0., 1. ]
Hobj2base22: !!opencv-matrix
   rows: 4
   cols: 4
   dt: d
   data: [ 9.9999753727262741e-01, 4.8434921267943078e-04,
       -2.1658380642025424e-03, -7.3704647074031959e-01,
       4.8849249772087047e-04, -9.9999805109743978e-01,
       1.9128973839233816e-03, 8.7966720479785862e-02,
       -2.1649073328533549e-03, -1.9139506686242746e-03,
       -9.9999582497582340e-01, -9.4010424970497207e-04, 0., 0., 0., 1. ]
mean-rme22: 1.9881940011853114e-03
max-rme22: 7.2973015772564986e-03
Hcamera2end23: !!opencv-matrix
   rows: 4
   cols: 4
   dt: d
   data: [ 9.9999885663313348e-01, 1.1467403838083343e-03,
       9.8575804222330882e-04, -1.6834028449603796e-02,
       -9.9074428438902015e-04, 4.3557762393072741e-03,
       9.9999002276978544e-01, 3.0939020460483229e-02,
       1.1424352010575064e-03, -9.9998985604847268e-01,
       4.3569073855379559e-03, 3.3041241600440661e-02, 0., 0., 0., 1. ]
Hobj2base23: !!opencv-matrix
   rows: 4
   cols: 4
   dt: d
   data: [ 9.9999687659247061e-01, 8.4618046589344370e-04,
       -2.3517618761920160e-03, -7.3718771768394131e-01,
       8.5025097505951966e-04, -9.9999814143888299e-01,
       1.7303733873260355e-03, 8.8294423576568012e-02,
       -2.3502932971397792e-03, -1.7323675704931090e-03,
       -9.9999573750292470e-01, -1.0589733417564005e-03, 0., 0., 0., 1. ]
mean-rme23: 1.9949605369022193e-03
max-rme23: 7.2297261448112105e-03
Hcamera2end24: !!opencv-matrix
   rows: 4
   cols: 4
   dt: d
   data: [ 9.9999758294892993e-01, 1.8354946375951991e-03,
       1.2103948666918793e-03, -1.6907107578083936e-02,
       -1.2182425366811225e-03, 4.2804331915125005e-03,
       9.9999009683937090e-01, 3.1007344585178440e-02,
       1.8302954460347456e-03, -9.9998915436675007e-01,
       4.2826589231302892e-03, 3.3045316848997926e-02, 0., 0., 0., 1. ]
Hobj2base24: !!opencv-matrix
   rows: 4
   cols: 4
   dt: d
   data: [ 9.9999619931711248e-01, 1.3513054905846425e-03,
       -2.4031905461303679e-03, -7.3733886683729000e-01,
       1.3558636727033072e-03, -9.9999728320724413e-01,
       1.8961043830297115e-03, 8.8215981098443391e-02,
       -2.4006218008961917e-03, -1.8993555752983120e-03,
       -9.9999531472070768e-01, -1.0455181388901076e-03, 0., 0., 0., 1. ]
mean-rme24: 1.9979562266259263e-03
max-rme24: 7.1645809803069227e-03
