%YAML:1.0
---
Hcamera2end0: !!opencv-matrix
   rows: 4
   cols: 4
   dt: d
   data: [ 9.9998602023527161e-01, 4.6026743532791726e-03,
       -2.6028297717495342e-03, -1.6225119841752841e-02,
       2.5309036149738623e-03, 1.5564410497741488e-02,
       9.9987566409666639e-01, 2.8081443863623646e-02,
       4.6426135866289601e-03, -9.9986827358140307e-01,
       1.5552543985785316e-02, 3.2637618641592397e-02, 0., 0., 0., 1. ]
Hobj2base0: !!opencv-matrix
   rows: 4
   cols: 4
   dt: d
   data: [ 9.9989265407570549e-01, 3.2494038426680301e-03,
       -1.4287116577842261e-02, -7.3839929445673125e-01,
       3.1960654375306967e-03, -9.9998784410813180e-01,
       -3.7545707730331128e-03, 8.6127132997076861e-02,
       -1.4299143021895494e-02, 3.7085051756667389e-03,
       -9.9989088479603683e-01, 4.4048740943367541e-03, 0., 0., 0., 1. ]
mean-rme0: 1.5435743426132362e-03
max-rme0: 4.3832461648512511e-03
Hcamera2end1: !!opencv-matrix
   rows: 4
   cols: 4
   dt: d
   data: [ 9.9993055295311828e-01, 8.1459360028274409e-03,
       -8.5166306429843349e-03, -1.5397942964775087e-02,
       8.5456110904888628e-03, -3.5294911419012642e-03,
       9.9995725669818980e-01, 2.9232781231074232e-02,
       8.1155284462130859e-03, -9.9996059243298041e-01,
       -3.5988580302126483e-03, 3.2211778436680716e-02, 0., 0., 0., 1. ]
Hobj2base1: !!opencv-matrix
   rows: 4
   cols: 4
   dt: d
   data: [ 9.9997603161131166e-01, 6.0056470520077091e-03,
       3.4450553521984690e-03, -7.3301061284208646e-01,
       6.0354041735978655e-03, -9.9994399893638830e-01,
       -8.6932667948314089e-03, 8.4930449425926938e-02,
       3.3926537333358485e-03, 8.7138507326848334e-03,
       -9.9995627839723800e-01, -8.4501225843681374e-04, 0., 0., 0., 1. ]
mean-rme1: 1.8222648982688552e-03
max-rme1: 5.3629998955623259e-03
Hcamera2end2: !!opencv-matrix
   rows: 4
   cols: 4
   dt: d
   data: [ 9.9997238868760296e-01, 6.5727917819781972e-03,
       -3.4670261897232100e-03, -1.3732845377670493e-02,
       3.5080086287609027e-03, -6.2339232818711121e-03,
       9.9997441571071033e-01, 2.9052247604190715e-02,
       6.5510104464888324e-03, -9.9995896746251878e-01,
       -6.2568085653540439e-03, 3.2297865930463771e-02, 0., 0., 0., 1. ]
Hobj2base2: !!opencv-matrix
   rows: 4
   cols: 4
   dt: d
   data: [ 9.9997024277420810e-01, 4.1402205091187680e-03,
       6.5093886216113896e-03, -7.3211713041089832e-01,
       4.1673919405882959e-03, -9.9998263773054075e-01,
       -4.1661831313391543e-03, 8.8350847978056160e-02,
       6.4920266870070109e-03, 4.1931863309668848e-03,
       -9.9997013494298392e-01, -6.4357089456260064e-04, 0., 0., 0., 1. ]
mean-rme2: 1.9172069131830258e-03
max-rme2: 5.9034420997063353e-03
Hcamera2end3: !!opencv-matrix
   rows: 4
   cols: 4
   dt: d
   data: [ 9.9991055477921575e-01, 1.2733825910830349e-02,
       4.0904912655621174e-03, -1.8088696539655787e-02,
       -4.0494004551888674e-03, -3.2510147539202006e-03,
       9.9998651653860993e-01, 2.8871590179287147e-02,
       1.2746952462235455e-02, -9.9991363656104948e-01,
       -3.1991596057483473e-03, 3.2157901034525066e-02, 0., 0., 0., 1. ]
Hobj2base3: !!opencv-matrix
   rows: 4
   cols: 4
   dt: d
   data: [ 9.9994778463276446e-01, 9.7529791183854648e-03,
       3.0508042124775883e-03, -7.3336996325528725e-01,
       9.7434939792696660e-03, -9.9994769901750025e-01,
       3.1086258512109631e-03, 8.5200019388039172e-02,
       3.0809630154335953e-03, -3.0787380406943387e-03,
       -9.9999051447449983e-01, 6.0457765348493405e-04, 0., 0., 0., 1. ]
mean-rme3: 2.3146030825514710e-03
max-rme3: 5.7642611078115025e-03
Hcamera2end4: !!opencv-matrix
   rows: 4
   cols: 4
   dt: d
   data: [ 9.9990528264838130e-01, 1.2198590933522430e-02,
       6.3733908633716776e-03, -1.8679846452590791e-02,
       -6.3072782786915259e-03, -5.4505103900093221e-03,
       9.9996525448497631e-01, 2.9681380603035951e-02,
       1.2232905320318279e-02, -9.9991073917411499e-01,
       -5.3730542244745383e-03, 3.2017054579588103e-02, 0., 0., 0., 1. ]
Hobj2base4: !!opencv-matrix
   rows: 4
   cols: 4
   dt: d
   data: [ 9.9994414785898944e-01, 9.5640948745998895e-03,
       4.4976940524030732e-03, -7.3273236686736731e-01,
       9.5440275962185416e-03, -9.9994449871047952e-01,
       4.4621783794082642e-03, 8.5157108713329766e-02,
       4.5401211219513477e-03, -4.4190030410367204e-03,
       -9.9997992965475091e-01, -4.5694618433408387e-04, 0., 0., 0., 1. ]
mean-rme4: 2.3139111340462785e-03
max-rme4: 5.6893942057429925e-03
Hcamera2end5: !!opencv-matrix
   rows: 4
   cols: 4
   dt: d
   data: [ 9.9992148260707603e-01, 1.0938081629531717e-02,
       6.1144902594212937e-03, -1.7814544649574517e-02,
       -6.0561260681987533e-03, -5.3610590482495724e-03,
       9.9996729065651313e-01, 2.9322150447700066e-02,
       1.0970503995393312e-02, -9.9992580595569547e-01,
       -5.2943957105771045e-03, 3.2032950943610125e-02, 0., 0., 0., 1. ]
Hobj2base5: !!opencv-matrix
   rows: 4
   cols: 4
   dt: d
   data: [ 9.9994797242342226e-01, 9.4270260416681670e-03,
       3.8966172889535991e-03, -7.3284151036164213e-01,
       9.4123812953419740e-03, -9.9994863443868831e-01,
       3.7597290532525285e-03, 8.5925879930896315e-02,
       3.9318602007139625e-03, -3.7228569959756454e-03,
       -9.9998534029812136e-01, -2.0980155438191346e-05, 0., 0., 0., 1. ]
mean-rme5: 2.2249097101687300e-03
max-rme5: 5.9126570724281624e-03
Hcamera2end6: !!opencv-matrix
   rows: 4
   cols: 4
   dt: d
   data: [ 9.9990179585834837e-01, 1.3073369550494764e-02,
       5.0483311941592326e-03, -1.8260318646668803e-02,
       -4.9568334564715644e-03, -7.0217583922327353e-03,
       9.9996306167336291e-01, 2.8796513411452253e-02,
       1.3108334804029419e-02, -9.9988988489617048e-01,
       -6.9562663109001832e-03, 3.2003835071314539e-02, 0., 0., 0., 1. ]
Hobj2base6: !!opencv-matrix
   rows: 4
   cols: 4
   dt: d
   data: [ 9.9992178119791175e-01, 1.1685458362018116e-02,
       4.4588730487640366e-03, -7.3291516292127612e-01,
       1.1671157189653180e-02, -9.9992670514362869e-01,
       3.2200047298945951e-03, 8.4989487267892183e-02,
       4.4961734675010353e-03, -3.1677126567410713e-03,
       -9.9998487489595256e-01, 6.9283521121758784e-04, 0., 0., 0., 1. ]
mean-rme6: 2.3307598442609311e-03
max-rme6: 6.5975658633362078e-03
Hcamera2end7: !!opencv-matrix
   rows: 4
   cols: 4
   dt: d
   data: [ 9.9990137788136446e-01, 1.2912187826137124e-02,
       5.5235782325672401e-03, -1.6295953521844899e-02,
       -5.4280989574099891e-03, -7.4178954137986697e-03,
       9.9995775439232337e-01, 2.7654412799871249e-02,
       1.2952615668555094e-02, -9.9988911896928456e-01,
       -7.3470752119602079e-03, 3.1741406731069767e-02, 0., 0., 0., 1. ]
Hobj2base7: !!opencv-matrix
   rows: 4
   cols: 4
   dt: d
   data: [ 9.9991710817986978e-01, 1.1588551601797590e-02,
       5.6109037577749682e-03, -7.3246770600502431e-01,
       1.1568354095795107e-02, -9.9992653581345503e-01,
       3.6188616467698175e-03, 8.7482483477210077e-02,
       5.6524289222279773e-03, -3.5536527512737490e-03,
       -9.9997771055129192e-01, 1.0480403866793618e-03, 0., 0., 0., 1. ]
mean-rme7: 2.3209583429760271e-03
max-rme7: 6.6326516457961837e-03
Hcamera2end8: !!opencv-matrix
   rows: 4
   cols: 4
   dt: d
   data: [ 9.9989329889405543e-01, 1.3357183281778189e-02,
       5.9140917764433270e-03, -1.6238137290170714e-02,
       -5.8139339495285672e-03, -7.5248486555163918e-03,
       9.9995478639023572e-01, 2.6962826508934296e-02,
       1.3401082000858308e-02, -9.9988247424759302e-01,
       -7.4463879644908193e-03, 3.1765557333788608e-02, 0., 0., 0., 1. ]
