%YAML:1.0
---
Hcamera2end0: !!opencv-matrix
   rows: 4
   cols: 4
   dt: d
   data: [ 9.9982149153640087e-01, -1.1885119339142262e-02,
       -1.4687715963385493e-02, -1.2463866927557236e-02,
       1.4931817330673350e-02, 2.0717172370213532e-02,
       9.9967386661860191e-01, 2.6739884903363150e-02,
       -1.1576955261645674e-02, -9.9971473066434158e-01,
       2.0890940610528985e-02, 3.3480984504763979e-02, 0., 0., 0., 1. ]
Hobj2base0: !!opencv-matrix
   rows: 4
   cols: 4
   dt: d
   data: [ 9.9976355307054388e-01, -7.5397644930860304e-03,
       -2.0395830533484302e-02, -7.4026486306784633e-01,
       -7.8337054755661488e-03, -9.9986605165307307e-01,
       -1.4370518787309919e-02, 9.0617116779723242e-02,
       -2.0284748218400352e-02, 1.4526895851596845e-02,
       -9.9968870068968618e-01, 4.5762533978025710e-03, 0., 0., 0., 1. ]
mean-rme0: 1.1135626848212776e-03
max-rme0: 3.4243889264531785e-03
Hcamera2end1: !!opencv-matrix
   rows: 4
   cols: 4
   dt: d
   data: [ 9.9989425553958877e-01, -1.3855511632021224e-02,
       4.4161676085060445e-03, -1.5747235539291686e-02,
       -4.4287569878952160e-03, -8.7806751359309487e-04,
       9.9998980750254840e-01, 2.8386374310656708e-02,
       -1.3851492716442612e-02, -9.9990362225309326e-01,
       -9.3933735677875774e-04, 3.2062501476917075e-02, 0., 0., 0., 1. ]
Hobj2base1: !!opencv-matrix
   rows: 4
   cols: 4
   dt: d
   data: [ 9.9995024085507445e-01, -9.9688560719965857e-03,
       3.7110981438847484e-04, -7.3280650007575565e-01,
       -9.9699722942549907e-03, -9.9994537358398805e-01,
       3.1383913760948379e-03, 9.2439916055344365e-02,
       3.3980337006348329e-04, -3.1419351669911013e-03,
       -9.9999500637606942e-01, -4.2847393994962672e-04, 0., 0., 0., 1. ]
mean-rme1: 1.8624476145665838e-03
max-rme1: 6.2110438354293085e-03
Hcamera2end2: !!opencv-matrix
   rows: 4
   cols: 4
   dt: d
   data: [ 9.9991790701796246e-01, -1.2518539648388227e-02,
       2.7322865679061037e-03, -1.3314775891479121e-02,
       -2.7333222502205707e-03, -6.5623322761165781e-05,
       9.9999626231454286e-01, 2.8832215250055269e-02,
       -1.2518313556301314e-02, -9.9992163785901300e-01,
       -9.9835138508197474e-05, 3.2282784667820232e-02, 0., 0., 0., 1. ]
Hobj2base2: !!opencv-matrix
   rows: 4
   cols: 4
   dt: d
   data: [ 9.9995212388049026e-01, -9.7570040999830267e-03,
       7.4217106486343170e-04, -7.3322731347546499e-01,
       -9.7586463074073784e-03, -9.9994986933208163e-01,
       2.2422410663565520e-03, 9.4372404003195090e-02,
       7.2025630405464936e-04, -2.2493763014768834e-03,
       -9.9999721076466552e-01, -7.5795359693126008e-04, 0., 0., 0., 1. ]
mean-rme2: 1.8123876748809596e-03
max-rme2: 6.0947400545264818e-03
Hcamera2end3: !!opencv-matrix
   rows: 4
   cols: 4
   dt: d
   data: [ 9.9991841350078259e-01, -1.2436201722520621e-02,
       -2.9167154120353931e-03, -1.6302221618884210e-02,
       2.8935080524076116e-03, -1.8836978232712465e-03,
       9.9999403962906752e-01, 2.7736347486390971e-02,
       -1.2441621808618117e-02, -9.9992089315566723e-01,
       -1.8475598891347644e-03, 3.3377444137127371e-02, 0., 0., 0., 1. ]
Hobj2base3: !!opencv-matrix
   rows: 4
   cols: 4
   dt: d
   data: [ 9.9995874519047556e-01, -8.9367791078430354e-03,
       1.6253911120452209e-03, -7.3400858884592834e-01,
       -8.9334254142379513e-03, -9.9995797632689420e-01,
       -2.0590023289184943e-03, 8.9669474998668147e-02,
       1.6437236561365383e-03, 2.0443970749011828e-03,
       -9.9999655930065190e-01, 9.3379749391008730e-04, 0., 0., 0., 1. ]
mean-rme3: 1.9663843842848078e-03
max-rme3: 6.5604915061836522e-03
Hcamera2end4: !!opencv-matrix
   rows: 4
   cols: 4
   dt: d
   data: [ 9.9996719174807713e-01, -7.9541718027868885e-03,
       -1.5318545610151523e-03, -1.6443636238891363e-02,
       1.5380708795124038e-03, 7.7545843106496815e-04,
       9.9999851649999527e-01, 2.7818365058504785e-02,
       -7.9529721132384785e-03, -9.9996806439763530e-01,
       7.8766706964983335e-04, 3.3420566648609103e-02, 0., 0., 0., 1. ]
Hobj2base4: !!opencv-matrix
   rows: 4
   cols: 4
   dt: d
   data: [ 9.9998522972863513e-01, -5.2470862362622344e-03,
       -1.4171840382099757e-03, -7.3504014726044375e-01,
       -5.2477101774658632e-03, -9.9998613522800306e-01,
       -4.3690920719024345e-04, 8.9162707703220295e-02,
       -1.4148718889888641e-03, 4.4433972502334808e-04,
       -9.9999890034926864e-01, 1.5819496528778287e-03, 0., 0., 0., 1. ]
mean-rme4: 2.0119617378003400e-03
max-rme4: 5.9859591157397363e-03
Hcamera2end5: !!opencv-matrix
   rows: 4
   cols: 4
   dt: d
   data: [ 9.9994454970888647e-01, -1.0404916581467801e-02,
       -1.6233355860468864e-03, -1.6083824320403374e-02,
       1.6062422389247072e-03, -1.6509605942602867e-03,
       9.9999734715397426e-01, 2.7743263427491043e-02,
       -1.0407569041910023e-02, -9.9994450448014804e-01,
       -1.6341562315091984e-03, 3.3554259169208046e-02, 0., 0., 0., 1. ]
Hobj2base5: !!opencv-matrix
   rows: 4
   cols: 4
   dt: d
   data: [ 9.9996887733648920e-01, -7.8281466845536093e-03,
       9.8207835054175377e-04, -7.3413040152688613e-01,
       -7.8273565068920775e-03, -9.9996904104674367e-01,
       -8.0587726686992588e-04, 8.9894974661801033e-02,
       9.8835647187881068e-04, 7.9816510845552731e-04,
       -9.9999919304164631e-01, 1.2500697677137009e-03, 0., 0., 0., 1. ]
mean-rme5: 1.9292818842266738e-03
max-rme5: 6.4352813072017789e-03
Hcamera2end6: !!opencv-matrix
   rows: 4
   cols: 4
   dt: d
   data: [ 9.9997145949983035e-01, -6.5751411063879545e-03,
       -3.7212504901076868e-03, -1.5427040664508703e-02,
       3.7359617102747716e-03, 2.2265358825058756e-03,
       9.9999054251930963e-01, 2.7580565505711748e-02,
       -6.5667934243738872e-03, -9.9997590473840670e-01,
       2.2510368114713186e-03, 3.3742405180339233e-02, 0., 0., 0., 1. ]
Hobj2base6: !!opencv-matrix
   rows: 4
   cols: 4
   dt: d
   data: [ 9.9998475637125073e-01, -4.8871453198883622e-03,
       -2.5695983640531598e-03, -7.3575026064470306e-01,
       -4.8939534003199373e-03, -9.9998451352082030e-01,
       -2.6498940816296898e-03, 8.9381565325690415e-02,
       -2.5566081525623583e-03, 2.6624291822792993e-03,
       -9.9999318758959732e-01, 2.1466579812793735e-03, 0., 0., 0., 1. ]
mean-rme6: 2.0647431009190439e-03
max-rme6: 6.6657402807769051e-03
Hcamera2end7: !!opencv-matrix
   rows: 4
   cols: 4
   dt: d
   data: [ 9.9997231439556300e-01, -7.1058692518203613e-03,
       -2.2084076972427313e-03, -1.5859831539112558e-02,
       2.2281252027689926e-03, 2.7681006471279579e-03,
       9.9999368651851428e-01, 2.7884521389134258e-02,
       -7.0997112942705384e-03, -9.9997092169771806e-01,
       2.7838567769559175e-03, 3.3776278207093120e-02, 0., 0., 0., 1. ]
Hobj2base7: !!opencv-matrix
   rows: 4
   cols: 4
   dt: d
   data: [ 9.9997926622058730e-01, -5.8238214106070543e-03,
       -2.7477687517779292e-03, -7.3586816884058970e-01,
       -5.8291426273681486e-03, -9.9998114301257002e-01,
       -1.9325412036189352e-03, 8.9492129668415701e-02,
       -2.7364621622986002e-03, 1.9485182706970520e-03,
       -9.9999435750977250e-01, 2.0166632269598738e-03, 0., 0., 0., 1. ]
mean-rme7: 2.0432177910874355e-03
max-rme7: 6.2719355255287101e-03
Hcamera2end8: !!opencv-matrix
   rows: 4
   cols: 4
   dt: d
   data: [ 9.9999456370697837e-01, -2.2519525230667880e-03,
       -2.4085818075934334e-03, -1.5718259911856689e-02,
       2.4102550603351089e-03, 7.4060467727632417e-04,
       9.9999682108257526e-01, 2.7653462067117187e-02,
       -2.2501615573433660e-03, -9.9999719010332522e-01,
       7.4602843109672357e-04, 3.3700305782305658e-02, 0., 0., 0., 1. ]
Hobj2base8: !!opencv-matrix
   rows: 4
   cols: 4
   dt: d
   data: [ 9.9999820596182265e-01, -1.2181609761271277e-03,
       -1.4505712572324414e-03, -7.3571330944851832e-01,
       -1.2208164308565987e-03, -9.9999757824417812e-01,
       -1.8311507369105531e-03, 8.8912445449232477e-02,
       -1.4483371079339431e-03, 1.8329183329811802e-03,
       -9.9999727136128058e-01, 2.0024580535046022e-03, 0., 0., 0., 1. ]
mean-rme8: 2.0700745455656247e-03
max-rme8: 6.7291440558827353e-03
Hcamera2end9: !!opencv-matrix
   rows: 4
   cols: 4
   dt: d
   data: [ 9.9999561685368277e-01, -1.1625537391345086e-03,
       -2.7230024285773645e-03, -1.6056960609563020e-02,
       2.7246354177090414e-03, 1.4053914746224860e-03,
       9.9999530060727970e-01, 2.7886773132259873e-02,
       -1.1587213914394309e-03, -9.9999833667042015e-01,
       1.4085528496786681e-03, 3.3628813744366354e-02, 0., 0., 0., 1. ]
Hobj2base9: !!opencv-matrix
   rows: 4
   cols: 4
   dt: d
   data: [ 9.9999866735054199e-01, -4.5297921336907897e-04,
       -1.5684728153257819e-03, -7.3592607874181581e-01,
       -4.5633750976073288e-04, -9.9999760301490292e-01,
       -2.1414295519332906e-03, 8.8342646253718876e-02,
       -1.5674990326458983e-03, 2.1421424511370315e-03,
       -9.9999647708004535e-01, 1.7359904586561671e-03, 0., 0., 0., 1. ]
mean-rme9: 2.0373662236037736e-03
max-rme9: 6.9164382920801071e-03
Hcamera2end10: !!opencv-matrix
   rows: 4
   cols: 4
   dt: d
   data: [ 9.9999510401237102e-01, -1.3583665721425601e-03,
       -2.8190054173387034e-03, -1.6272446711584211e-02,
       2.8202644368732024e-03, 9.2584051899569086e-04,
       9.9999559445421526e-01, 2.8023583936226764e-02,
       -1.3557506383577935e-03, -9.9999864882888156e-01,
       9.2966693902751807e-04, 3.3541556182716432e-02, 0., 0., 0., 1. ]
Hobj2base10: !!opencv-matrix
   rows: 4
   cols: 4
   dt: d
   data: [ 9.9999902825759590e-01, -8.2343060876245418e-04,
       -1.1249203956004415e-03, -7.3577558253460129e-01,
       -8.2564819940177342e-04, -9.9999771418373595e-01,
       -1.9722911431847585e-03, 8.8168813199371365e-02,
       -1.1232937793424162e-03, 1.9732180151249192e-03,
       -9.9999742230755251e-01, 1.4965316016832264e-03, 0., 0., 0., 1. ]
mean-rme10: 2.0007524125304856e-03
max-rme10: 6.9716113637532662e-03
Hcamera2end11: !!opencv-matrix
   rows: 4
   cols: 4
   dt: d
   data: [ 9.9999488479489895e-01, -1.8212651875298353e-03,
       -2.6293301719936355e-03, -1.5790125877941277e-02,
       2.6317786989611524e-03, 1.3433205438410090e-03,
       9.9999563460586960e-01, 2.8527863430641842e-02,
       -1.8177252037528966e-03, -9.9999743923823758e-01,
       1.3481068394065598e-03, 3.3518068779013914e-02, 0., 0., 0., 1. ]
Hobj2base11: !!opencv-matrix
   rows: 4
   cols: 4
   dt: d
   data: [ 9.9999820894309099e-01, -1.5676286965043741e-03,
       -1.0604955822317525e-03, -7.3601043317149195e-01,
       -1.5692104708043911e-03, -9.9999765521969008e-01,
       -1.4923584088222652e-03, 8.8935046699406092e-02,
       -1.0581536317354528e-03, 1.4940198766953063e-03,
       -9.9999832410634548e-01, 1.1275510212805406e-03, 0., 0., 0., 1. ]
mean-rme11: 2.0097472316616266e-03
max-rme11: 7.0548738879198936e-03
Hcamera2end12: !!opencv-matrix
   rows: 4
   cols: 4
   dt: d
   data: [ 9.9999505590676019e-01, -2.0635785730935934e-03,
       -2.3727211189227149e-03, -1.5827298783709500e-02,
       2.3754857753603325e-03, 1.3383213582583986e-03,
       9.9999628297472865e-01, 2.8734419033099225e-02,
       -2.0603954393692420e-03, -9.9999697526513298e-01,
       1.3432167430195152e-03, 3.3534197466168883e-02, 0., 0., 0., 1. ]
Hobj2base12: !!opencv-matrix
   rows: 4
   cols: 4
   dt: d
   data: [ 9.9999802018948658e-01, -1.5820583255612549e-03,
       -1.2069418220269025e-03, -7.3604458842423426e-01,
       -1.5838026078446874e-03, -9.9999770086769013e-01,
       -1.4456239596205942e-03, 8.8845497686898395e-02,
       -1.2046519856870150e-03, 1.4475326551643237e-03,
       -9.9999822672983041e-01, 9.6384109871512787e-04, 0., 0., 0., 1. ]
mean-rme12: 1.9704921099614387e-03
max-rme12: 6.8041054523454159e-03
Hcamera2end13: !!opencv-matrix
   rows: 4
   cols: 4
   dt: d
   data: [ 9.9999450713226845e-01, -2.1228452568263735e-03,
       -2.5454338151208577e-03, -1.5739333613274075e-02,
       2.5480630186334235e-03, 1.2367445497827312e-03,
       9.9999598891084163e-01, 2.8350859915024011e-02,
       -2.1196886905070949e-03, -9.9999698199091314e-01,
       1.2421469000016838e-03, 3.3572730467816975e-02, 0., 0., 0., 1. ]
Hobj2base13: !!opencv-matrix
   rows: 4
   cols: 4
   dt: d
   data: [ 9.9999796795892015e-01, -1.8427193855698645e-03,
       -8.1759604724128529e-04, -7.3596302825979476e-01,
       -1.8442697495318426e-03, -9.9999649515961386e-01,
       -1.8995624705477317e-03, 8.8824462900602419e-02,
       -8.1409282110905996e-04, 1.9010664782160220e-03,
       -9.9999786159727555e-01, 1.2460276998903829e-03, 0., 0., 0., 1. ]
mean-rme13: 1.9308130739081155e-03
max-rme13: 6.7804656015010845e-03
Hcamera2end14: !!opencv-matrix
   rows: 4
   cols: 4
   dt: d
   data: [ 9.9999311745013963e-01, -1.7968385004947167e-03,
       -3.2459857908621065e-03, -1.5676606888059070e-02,
       3.2478596423759147e-03, 1.0409265278208402e-03,
       9.9999418392294015e-01, 2.7921918978045013e-02,
       -1.7934492172248962e-03, -9.9999784391935898e-01,
       1.0467552428417015e-03, 3.3627242822802675e-02, 0., 0., 0., 1. ]
Hobj2base14: !!opencv-matrix
   rows: 4
   cols: 4
   dt: d
   data: [ 9.9999852807521927e-01, -1.5100921155867585e-03,
       -8.1453618536160002e-04, -7.3596789794521755e-01,
       -1.5117778520641900e-03, -9.9999670872662105e-01,
       -2.0729359977763543e-03, 8.8641231665168546e-02,
       -8.1140318019397913e-04, 2.0741643443352251e-03,
       -9.9999751973049977e-01, 1.6968691332337499e-03, 0., 0., 0., 1. ]
mean-rme14: 1.8681282505534492e-03
max-rme14: 6.9894858070430887e-03
Hcamera2end15: !!opencv-matrix
   rows: 4
   cols: 4
   dt: d
   data: [ 9.9999693692607294e-01, 1.6848886570453091e-04,
       -2.4693622605523840e-03, -1.5794948035665755e-02,
       2.4690459109187098e-03, 1.8526322027175857e-03,
       9.9999523577175697e-01, 2.7719930262814260e-02,
       1.7306288302919347e-04, -9.9999826968121508e-01,
       1.8522105212233075e-03, 3.3609705495930869e-02, 0., 0., 0., 1. ]
Hobj2base15: !!opencv-matrix
   rows: 4
   cols: 4
   dt: d
   data: [ 9.9999864035139396e-01, 4.9790784443222793e-04,
       -1.5720633390077093e-03, -7.3641245534557309e-01,
       4.9579487044897378e-04, -9.9999897368242308e-01,
       -1.3441806230402389e-03, 8.8449414320363504e-02,
       -1.5727310036480176e-03, 1.3433993744874277e-03,
       -9.9999786089536769e-01, 2.1416818680324592e-03, 0., 0., 0., 1. ]
mean-rme15: 1.8936413419975418e-03
max-rme15: 6.9224398467379045e-03
Hcamera2end16: !!opencv-matrix
   rows: 4
   cols: 4
   dt: d
   data: [ 9.9999687866673515e-01, 1.5596411217777778e-03,
       -1.9519673046131825e-03, -1.5584900435694764e-02,
       1.9493043877467757e-03, 1.7070905259254365e-03,
       9.9999664302153546e-01, 2.7885311303876469e-02,
       1.5629680709887410e-03, -9.9999732667718044e-01,
       1.7040449822449677e-03, 3.3568570524350548e-02, 0., 0., 0., 1. ]
Hobj2base16: !!opencv-matrix
   rows: 4
   cols: 4
   dt: d
   data: [ 9.9999709656331470e-01, 1.7041603767440564e-03,
       -1.7037318894188834e-03, -7.3631894078018301e-01,
       1.7028327337993761e-03, -9.9999824566444251e-01,
       -7.8040292068321838e-04, 8.8599213733789442e-02,
       -1.7050588322367725e-03, 7.7749948440182883e-04,
       -9.9999824413292404e-01, 1.9386970785163821e-03, 0., 0., 0., 1. ]
mean-rme16: 1.8914904426227885e-03
max-rme16: 6.8892538368410250e-03
Hcamera2end17: !!opencv-matrix
   rows: 4
   cols: 4
   dt: d
   data: [ 9.9999535760462388e-01, 7.0420579496261143e-04,
       -2.9646017268367768e-03, -1.5902344887733993e-02,
       2.9637808256590880e-03, 1.1639092033078891e-03,
       9.9999493064644274e-01, 2.7824999429246617e-02,
       7.0765275232846734e-04, -9.9999907470435423e-01,
       1.1618166883488046e-03, 3.3497972946071007e-02, 0., 0., 0., 1. ]
Hobj2base17: !!opencv-matrix
   rows: 4
   cols: 4
   dt: d
   data: [ 9.9999912392845625e-01, 9.6389494822823722e-04,
       -9.0722039701235488e-04, -7.3585011139560319e-01,
       9.6240799486649483e-04, -9.9999819530771061e-01,
       -1.6380330194442228e-03, 8.7972067426425410e-02,
       -9.0879765151117317e-04, 1.6371584682469162e-03,
       -9.9999824689795247e-01, 1.6092297311370465e-03, 0., 0., 0., 1. ]
mean-rme17: 1.9183246778463313e-03
max-rme17: 6.9448629916666615e-03
Hcamera2end18: !!opencv-matrix
   rows: 4
   cols: 4
   dt: d
   data: [ 9.9999867373743734e-01, 1.2019043836016359e-03,
       -1.0990674314982796e-03, -1.6307065689652234e-02,
       1.0977730392138572e-03, 1.0770810676464793e-03,
       9.9999881739466479e-01, 2.9232645830230969e-02,
       1.2030867469456331e-03, -9.9999869766026528e-01,
       1.0757602209261474e-03, 3.3441127598729067e-02, 0., 0., 0., 1. ]
Hobj2base18: !!opencv-matrix
   rows: 4
   cols: 4
   dt: d
   data: [ 9.9999847267673803e-01, 1.5631982895810454e-03,
       -7.8170026143947963e-04, -7.3587376228772072e-01,
       1.5630733265488811e-03, -9.9999876552867750e-01,
       -1.6044593195495830e-04, 8.7856334243090486e-02,
       -7.8195010525932622e-04, 1.5922383207414180e-04,
       -9.9999968160085162e-01, 2.9054903785411212e-04, 0., 0., 0., 1. ]
mean-rme18: 2.0319421903724892e-03
max-rme18: 7.5054809263631339e-03
Hcamera2end19: !!opencv-matrix
   rows: 4
   cols: 4
   dt: d
   data: [ 9.9999741467392045e-01, 1.6587476706002454e-03,
       -1.5553782949731748e-03, -1.6134023067222572e-02,
       1.5535379563038076e-03, 1.1101867095861806e-03,
       9.9999817700098259e-01, 2.9025031896346858e-02,
       1.6604714070163297e-03, -9.9999800801883365e-01,
       1.1076069119252407e-03, 3.3325774215800130e-02, 0., 0., 0., 1. ]
Hobj2base19: !!opencv-matrix
   rows: 4
   cols: 4
   dt: d
   data: [ 9.9999813082577615e-01, 1.8474081354830406e-03,
       -5.7046308800729937e-04, -7.3581170356071457e-01,
       1.8471779015898689e-03, -9.9999821241599696e-01,
       -4.0385468947181410e-04, 8.7989853067892240e-02,
       -5.7120815269549223e-04, 4.0280018778719858e-04,
       -9.9999975573659761e-01, 3.4180528874777627e-04, 0., 0., 0., 1. ]
mean-rme19: 2.0422544564643492e-03
max-rme19: 7.8968136922084597e-03
Hcamera2end20: !!opencv-matrix
   rows: 4
   cols: 4
   dt: d
   data: [ 9.9999714312090182e-01, 1.5636409827566424e-03,
       -1.8079759156665114e-03, -1.6258218421159067e-02,
       1.8070647718743944e-03, 5.8392314991273508e-04,
       9.9999819677370694e-01, 2.8942254240406223e-02,
       1.5646938821497517e-03, -9.9999860702934595e-01,
       5.8109588117916111e-04, 3.3385989232085300e-02, 0., 0., 0., 1. ]
Hobj2base20: !!opencv-matrix
   rows: 4
   cols: 4
   dt: d
   data: [ 9.9999818143199071e-01, 1.8972726741523947e-03,
       -1.9362105066158275e-04, -7.3571959110446450e-01,
       1.8971565755649435e-03, -9.9999802156462114e-01,
       -5.9804997406180010e-04, 8.7771511133336783e-02,
       -1.9475533146841103e-04, 5.9768155701781899e-04,
       -9.9999980242353903e-01, 3.9572645937121207e-04, 0., 0., 0., 1. ]
mean-rme20: 2.0145145287949876e-03
max-rme20: 7.8862980116716219e-03
Hcamera2end21: !!opencv-matrix
   rows: 4
   cols: 4
   dt: d
   data: [ 9.9999329497670408e-01, 2.2504304841622249e-04,
       -3.6550454526399203e-03, -1.5551253392473475e-02,
       3.6549734559536131e-03, 3.1950844592743000e-04,
       9.9999326951904488e-01, 2.8672791303180723e-02,
       2.2620935166063789e-04, -9.9999992363498669e-01,
       3.1868377724741936e-04, 3.3304616205388451e-02, 0., 0., 0., 1. ]
Hobj2base21: !!opencv-matrix
   rows: 4
   cols: 4
   dt: d
   data: [ 9.9999977572806098e-01, 6.6728177820604359e-04,
       5.7261297104207697e-05, -7.3538743053452094e-01,
       6.6740943108459380e-04, -9.9999722569171912e-01,
       -2.2590204771386728e-03, 8.8006710017571183e-02,
       5.5753735042728011e-05, 2.2590581872334939e-03,
       -9.9999744677055413e-01, 4.2511318941763958e-04, 0., 0., 0., 1. ]
mean-rme21: 2.0015762070368995e-03
max-rme21: 8.3435250537004513e-03
Hcamera2end22: !!opencv-matrix
   rows: 4
   cols: 4
   dt: d
   data: [ 9.9999409786422411e-01, 5.9331357120490287e-04,
       -3.3841122503114893e-03, -1.5659464284399845e-02,
       3.3839620420019366e-03, 2.5398985738134261e-04,
       9.9999424212844867e-01, 2.8806964676122079e-02,
       5.9416968516938940e-04, -9.9999979173405751e-01,
       2.5198060769471287e-04, 3.3422159783080253e-02, 0., 0., 0., 1. ]
Hobj2base22: !!opencv-matrix
   rows: 4
   cols: 4
   dt: d
   data: [ 9.9999950755321798e-01, 9.9237167785261272e-04,
       9.5798966037830828e-06, -7.3563523197689740e-01,
       9.9239015495627275e-04, -9.9999714576036536e-01,
       -2.1733920268349012e-03, 8.7869762836377638e-02,
       7.4230565681608627e-06, 2.1734004635500671e-03,
       -9.9999763813487208e-01, 4.0939281590340681e-04, 0., 0., 0., 1. ]
mean-rme22: 2.0281939563046455e-03
max-rme22: 8.1453660765875013e-03
Hcamera2end23: !!opencv-matrix
   rows: 4
   cols: 4
   dt: d
   data: [ 9.9999550822437078e-01, -7.2676510574212327e-04,
       -2.9078073463356920e-03, -1.6267914236169620e-02,
       2.9081537232523180e-03, 4.7599942559306552e-04,
       9.9999565802380797e-01, 2.8933005787648153e-02,
       -7.2537783551874569e-04, -9.9999962261844277e-01,
       4.7811083215865136e-04, 3.3255034079946490e-02, 0., 0., 0., 1. ]
Hobj2base23: !!opencv-matrix
   rows: 4
   cols: 4
   dt: d
   data: [ 9.9999993943426202e-01, -2.3217924615923763e-04,
       -2.5927643537303338e-04, -7.3557339579286962e-01,
       -2.3263948308280301e-04, -9.9999839502445376e-01,
       -1.7764648566426745e-03, 8.7764258459978622e-02,
       -2.5886356096945130e-04, 1.7765250669856702e-03,
       -9.9999838847287292e-01, 3.0123975082953561e-04, 0., 0., 0., 1. ]
mean-rme23: 2.0527547210789391e-03
max-rme23: 8.0888312841786159e-03
Hcamera2end24: !!opencv-matrix
   rows: 4
   cols: 4
   dt: d
   data: [ 9.9999600173050729e-01, -1.1695193609929516e-03,
       -2.5746354040094145e-03, -1.6321097610585134e-02,
       2.5743641185173153e-03, -2.3340942405392084e-04,
       9.9999665907913227e-01, 2.8948730741298456e-02,
       -1.1701163978881110e-03, -9.9999928887199974e-01,
       -2.3039772214117349e-04, 3.3195534368360334e-02, 0., 0., 0., 1. ]
Hobj2base24: !!opencv-matrix
   rows: 4
   cols: 4
   dt: d
   data: [ 9.9999983901421474e-01, -5.3280182482249845e-04,
       1.9517622836875200e-04, -7.3534682037967691e-01,
       -5.3250842304388292e-04, -9.9999873284749641e-01,
       -1.5002460401211158e-03, 8.7825291797546043e-02,
       1.9597531487856482e-04, 1.5001418656172445e-03,
       -9.9999885558337454e-01, 1.1636731455844466e-04, 0., 0., 0., 1. ]
mean-rme24: 2.1212177957796929e-03
max-rme24: 7.8893802782355471e-03
