%YAML:1.0
---
Hcamera2end0: !!opencv-matrix
   rows: 4
   cols: 4
   dt: d
   data: [ 9.9975924108565217e-01, 1.9212447296051864e-02,
       -1.0599138301641352e-02, -1.3766858077967674e-02,
       1.0561967007238753e-02, 2.0351920142328561e-03,
       9.9994214974987561e-01, 2.8942882030554708e-02,
       1.9232907132799536e-02, -9.9981335251253822e-01,
       1.8317807891438109e-03, 3.1331340231988906e-02, 0., 0., 0., 1. ]
Hobj2base0: !!opencv-matrix
   rows: 4
   cols: 4
   dt: d
   data: [ 9.9979771953117236e-01, 2.0016132954533410e-02,
       -1.9683601839052532e-03, -7.3610558731594500e-01,
       2.0015155675746597e-02, -9.9979954409497851e-01,
       -5.1494732641571865e-04, 8.4939353867618556e-02,
       -1.9782728686332982e-03, 4.7544612712230490e-04,
       -9.9999793019157690e-01, 1.9662137115416200e-03, 0., 0., 0., 1. ]
mean-rme0: 1.5032475203528375e-03
max-rme0: 3.5115932159438534e-03
Hcamera2end1: !!opencv-matrix
   rows: 4
   cols: 4
   dt: d
   data: [ 9.9984034800400623e-01, 1.6780489730533754e-02,
       -6.1395168890635912e-03, -1.3816680469044079e-02,
       6.1521062109548379e-03, -6.9871686239575403e-04,
       9.9998083150824213e-01, 2.8527974883116296e-02,
       1.6775878289877307e-02, -9.9985895353252174e-01,
       -8.0184066594823911e-04, 3.1901301416015167e-02, 0., 0., 0., 1. ]
Hobj2base1: !!opencv-matrix
   rows: 4
   cols: 4
   dt: d
   data: [ 9.9985742928538912e-01, 1.6885515244244951e-02,
       2.1857482800233929e-05, -7.3580864915331123e-01,
       1.6885403181443822e-02, -9.9985412307517851e-01,
       2.5721059399092944e-03, 8.6445270413130146e-02,
       6.5285628356010069e-05, -2.5713701605177735e-03,
       -9.9999669189117046e-01, 2.1414428503738017e-03, 0., 0., 0., 1. ]
mean-rme1: 1.6644954858263451e-03
max-rme1: 3.3755618582237412e-03
Hcamera2end2: !!opencv-matrix
   rows: 4
   cols: 4
   dt: d
   data: [ 9.9984053099376469e-01, 1.7594924064487517e-02,
       -3.0547060859693756e-03, -1.3574778600700294e-02,
       3.0384475013302912e-03, 9.5070836776245393e-04,
       9.9999493198234823e-01, 2.8724323832227679e-02,
       1.7597739027738764e-02, -9.9984474534837875e-01,
       8.9709550618399803e-04, 3.1509215763702199e-02, 0., 0., 0., 1. ]
Hobj2base2: !!opencv-matrix
   rows: 4
   cols: 4
   dt: d
   data: [ 9.9986768150236649e-01, 1.6169538123576896e-02,
       -1.7791919380298398e-03, -7.3576712754653606e-01,
       1.6178601990285722e-02, -9.9985557669788538e-01,
       5.2037086562997693e-03, 8.7489112117431739e-02,
       -1.6947934157530271e-03, -5.2318049476179559e-03,
       -9.9998487783179435e-01, 2.6539016986798186e-03, 0., 0., 0., 1. ]
mean-rme2: 1.7125502957263789e-03
max-rme2: 4.3219346026636407e-03
Hcamera2end3: !!opencv-matrix
   rows: 4
   cols: 4
   dt: d
   data: [ 9.9993408460775057e-01, 1.1313344280470030e-02,
       -1.9582341155801744e-03, -1.3961661207203260e-02,
       1.9696306098317979e-03, -9.9629564086267663e-04,
       9.9999756397216144e-01, 2.8073946110517802e-02,
       1.1311365740735272e-02, -9.9993550573833900e-01,
       -1.0185130788391561e-03, 3.2072357891915114e-02, 0., 0., 0., 1. ]
Hobj2base3: !!opencv-matrix
   rows: 4
   cols: 4
   dt: d
   data: [ 9.9995214174779534e-01, 9.7832487054240313e-03,
       -4.7526463848953020e-05, -7.3539597116117661e-01,
       9.7833629944546942e-03, -9.9994258124712809e-01,
       4.3726442056737768e-03, 8.8438340435932100e-02,
       -4.7450691742325274e-06, -4.3728999072122580e-03,
       -9.9999043881623484e-01, 2.7721944069440882e-03, 0., 0., 0., 1. ]
mean-rme3: 1.7324117299244240e-03
max-rme3: 5.4680840961071481e-03
Hcamera2end4: !!opencv-matrix
   rows: 4
   cols: 4
   dt: d
   data: [ 9.9993036738322250e-01, 1.1354350126232787e-02,
       -3.2154499008111830e-03, -1.4077432349304746e-02,
       3.2326296546292691e-03, -1.4950262427895211e-03,
       9.9999365748091107e-01, 2.8041682569779805e-02,
       1.1349470929066281e-02, -9.9993441966448204e-01,
       -1.5316265491271963e-03, 3.2103894166141879e-02, 0., 0., 0., 1. ]
Hobj2base4: !!opencv-matrix
   rows: 4
   cols: 4
   dt: d
   data: [ 9.9994120887980054e-01, 1.0838343197194686e-02,
       3.3030401587154037e-04, -7.3539595395220170e-01,
       1.0836759511384663e-02, -9.9993129394573121e-01,
       4.4690078661217374e-03, 8.7980856975889643e-02,
       3.7871796298989089e-04, -4.4651657029574632e-03,
       -9.9998995938356749e-01, 2.6995226782950410e-03, 0., 0., 0., 1. ]
mean-rme4: 1.7519946039452527e-03
max-rme4: 5.0065770872028958e-03
Hcamera2end5: !!opencv-matrix
   rows: 4
   cols: 4
   dt: d
   data: [ 9.9988955658915923e-01, 1.4705710880561426e-02,
       -2.1486487455911786e-03, -1.3726413974976983e-02,
       2.1453898329247267e-03, 2.3738067012413211e-04,
       9.9999767047372790e-01, 2.8458178728313376e-02,
       1.4706186670900668e-02, -9.9989183700934126e-01,
       2.0580497038413803e-04, 3.1750435098100833e-02, 0., 0., 0., 1. ]
Hobj2base5: !!opencv-matrix
   rows: 4
   cols: 4
   dt: d
   data: [ 9.9990225555793322e-01, 1.3960964472461942e-02,
       -7.5551383596850479e-04, -7.3569167198253049e-01,
       1.3965840306048126e-02, -9.9987875256900161e-01,
       6.8873409675562543e-03, 8.7976997867948964e-02,
       -6.5926830929902527e-04, -6.8972191538382022e-03,
       -9.9997599657853797e-01, 2.8466145165564282e-03, 0., 0., 0., 1. ]
mean-rme5: 2.0279907542931335e-03
max-rme5: 6.4822146181381102e-03
Hcamera2end6: !!opencv-matrix
   rows: 4
   cols: 4
   dt: d
   data: [ 9.9989560806301514e-01, 1.4422522858075829e-02,
       -8.7396264309985358e-04, -1.3709693892805651e-02,
       8.6607594062238554e-04, 5.5306914472430524e-04,
       9.9999947201335360e-01, 2.8240563663342291e-02,
       1.4422998604947895e-02, -9.9989583704950435e-01,
       5.4052040871455098e-04, 3.2038225540576899e-02, 0., 0., 0., 1. ]
Hobj2base6: !!opencv-matrix
   rows: 4
   cols: 4
   dt: d
   data: [ 9.9991454817920866e-01, 1.3037083527999357e-02,
       -9.6477596001206601e-04, -7.3604682581073355e-01,
       1.3043693793187990e-02, -9.9988903525262773e-01,
       7.1957788875964207e-03, 8.8427518843089303e-02,
       -8.7085693348478343e-04, -7.2077482373898898e-03,
       -9.9997364463947158e-01, 3.1090262160946066e-03, 0., 0., 0., 1. ]
mean-rme6: 2.0353791405991377e-03
max-rme6: 6.6083158141246878e-03
Hcamera2end7: !!opencv-matrix
   rows: 4
   cols: 4
   dt: d
   data: [ 9.9989422058265776e-01, 1.4389206668107196e-02,
       -2.1209377317340915e-03, -1.3820931452731484e-02,
       2.1155500308083870e-03, 3.8963756083454371e-04,
       9.9999768631264263e-01, 2.8164954628408959e-02,
       1.4389999772986122e-02, -9.9989639408992448e-01,
       3.5915525859042674e-04, 3.2227711311621915e-02, 0., 0., 0., 1. ]
Hobj2base7: !!opencv-matrix
   rows: 4
   cols: 4
   dt: d
   data: [ 9.9991953368702968e-01, 1.2636630348551793e-02,
       -1.1143269480986973e-03, -7.3617127825242001e-01,
       1.2643310489561991e-02, -9.9990080714165397e-01,
       6.2066558897269676e-03, 8.8150928680160570e-02,
       -1.0357851986444420e-03, -6.2202452446033438e-03,
       -9.9998011765140582e-01, 3.0587793157250223e-03, 0., 0., 0., 1. ]
mean-rme7: 2.0784150307709272e-03
max-rme7: 6.7501998294496879e-03
Hcamera2end8: !!opencv-matrix
   rows: 4
   cols: 4
   dt: d
   data: [ 9.9990123996702629e-01, 1.3916658788642964e-02,
       -1.9588059025122343e-03, -1.3897513763773441e-02,
       1.9512186729858782e-03, 5.5874743042516606e-04,
       9.9999794027137823e-01, 2.7659721697064776e-02,
       1.3917724601867269e-02, -9.9990300250047726e-01,
       5.3153780401660189e-04, 3.2468834750118809e-02, 0., 0., 0., 1. ]
