%YAML:1.0
---
Hcamera2end0: !!opencv-matrix
   rows: 4
   cols: 4
   dt: d
   data: [ 9.9999841873563367e-01, -1.7604743572004530e-03,
       2.5150799174326996e-04, -1.5977913054360412e-02,
       -2.1556525784786668e-04, 2.0387003205530552e-02,
       9.9979214021311313e-01, 2.4779077657008482e-02,
       -1.7652359196096321e-03, -9.9979061349381326e-01,
       2.0386591471180160e-02, 2.6794775519494198e-02, 0., 0., 0., 1. ]
Hobj2base0: !!opencv-matrix
   rows: 4
   cols: 4
   dt: d
   data: [ 9.9969335576919982e-01, -7.1633446548414212e-04,
       -2.4752399799809255e-02, -7.3599538595635094e-01,
       -6.2695711309506557e-04, -9.9999325692929664e-01,
       3.6184279343091656e-03, 8.9889695602661468e-02,
       -2.4754824897267547e-02, -3.6017996711378802e-03,
       -9.9968706387720863e-01, 1.1597020602295083e-02, 0., 0., 0., 1. ]
mean-rme0: 1.3956909345549404e-03
max-rme0: 3.8763223777537603e-03
Hcamera2end1: !!opencv-matrix
   rows: 4
   cols: 4
   dt: d
   data: [ 9.9998680079712177e-01, -6.3088657108596518e-04,
       5.0990404658095663e-03, -1.5758376016838053e-02,
       -5.0838496811442570e-03, 2.2105406983583875e-02,
       9.9974271963066064e-01, 2.4865684799592603e-02,
       -7.4344062107842886e-04, -9.9975544657892434e-01,
       2.2101907877339122e-02, 2.6782546938795827e-02, 0., 0., 0., 1. ]
Hobj2base1: !!opencv-matrix
   rows: 4
   cols: 4
   dt: d
   data: [ 9.9968337162554366e-01, -9.7269138784232653e-04,
       -2.5143793803821788e-02, -7.3640366767521470e-01,
       -7.9178310949425189e-04, -9.9997373809056422e-01,
       7.2039023238524742e-03, 9.1342327888934330e-02,
       -2.5150140653535300e-02, -7.1817129327274593e-03,
       -9.9965788819198531e-01, 1.2101500835121987e-02, 0., 0., 0., 1. ]
mean-rme1: 1.4260092240687564e-03
max-rme1: 4.0326991934105105e-03
Hcamera2end2: !!opencv-matrix
   rows: 4
   cols: 4
   dt: d
   data: [ 9.9999318715871910e-01, -1.8497066566280783e-03,
       3.1944047069045532e-03, -1.5930383157777239e-02,
       -3.1535620897294087e-03, 2.1677792874133184e-02,
       9.9976003537961633e-01, 2.4677974362546120e-02,
       -1.9185104360648323e-03, -9.9976329792675922e-01,
       2.1671812021981540e-02, 2.7386468353769441e-02, 0., 0., 0., 1. ]
Hobj2base2: !!opencv-matrix
   rows: 4
   cols: 4
   dt: d
   data: [ 9.9971006514713334e-01, -1.4817364592042668e-03,
       -2.4033104264326026e-02, -7.3687195503388714e-01,
       -1.3602078341499455e-03, -9.9998621082468220e-01,
       5.0722771160994417e-03, 9.0697303750349900e-02,
       -2.4040288645571999e-02, -5.0381164694808080e-03,
       -9.9969829543931810e-01, 1.1779427018681485e-02, 0., 0., 0., 1. ]
mean-rme2: 1.4575171437272996e-03
max-rme2: 4.1171747783085300e-03
Hcamera2end3: !!opencv-matrix
   rows: 4
   cols: 4
   dt: d
   data: [ 9.9995081558504073e-01, -9.7516166006371453e-03,
       1.8089733237711802e-03, -1.6250417218576920e-02,
       -1.6532269267915947e-03, 1.5955811011248433e-02,
       9.9987133119001947e-01, 2.4967970074080876e-02,
       -9.7792255082122387e-03, -9.9982514374696907e-01,
       1.5938904598874704e-02, 2.7459807888005307e-02, 0., 0., 0., 1. ]
Hobj2base3: !!opencv-matrix
   rows: 4
   cols: 4
   dt: d
   data: [ 9.9980816144462437e-01, -8.4623799530780721e-03,
       -1.7664326600512922e-02, -7.3469127147391167e-01,
       -8.4393079164877139e-03, -9.9996343579507485e-01,
       1.3802734508974368e-03, 9.0875286462493404e-02,
       -1.7675361116835885e-02, -1.2309339699134601e-03,
       -9.9984302088425392e-01, 9.8324392883114425e-03, 0., 0., 0., 1. ]
mean-rme3: 1.5185892283387753e-03
max-rme3: 4.0217787541359240e-03
Hcamera2end4: !!opencv-matrix
   rows: 4
   cols: 4
   dt: d
   data: [ 9.9993916782158099e-01, -1.1010599633003814e-02,
       -6.5372165775601319e-04, -1.6251264562526020e-02,
       8.1772288615829594e-04, 1.4896940147452242e-02,
       9.9988870005792374e-01, 2.5315249064294360e-02,
       -1.0999635701493753e-02, -9.9982840921328342e-01,
       1.4905037553441525e-02, 2.6290093857858264e-02, 0., 0., 0., 1. ]
Hobj2base4: !!opencv-matrix
   rows: 4
   cols: 4
   dt: d
   data: [ 9.9979896750483510e-01, -9.8466473826779310e-03,
       -1.7466199116776739e-02, -7.3303487644495946e-01,
       -9.8824491248661953e-03, -9.9994923739517061e-01,
       -1.9646455432521916e-03, 9.0394218415546165e-02,
       -1.7445967315116755e-02, 2.1368594098328461e-03,
       -9.9984552409674876e-01, 9.2357698525585095e-03, 0., 0., 0., 1. ]
mean-rme4: 1.7286350941873177e-03
max-rme4: 6.3734556368338913e-03
Hcamera2end5: !!opencv-matrix
   rows: 4
   cols: 4
   dt: d
   data: [ 9.9994160960655343e-01, -1.0773115904755742e-02,
       -8.4696585394432311e-04, -1.6201913228373718e-02,
       1.0112344889926577e-03, 1.5251718945980208e-02,
       9.9988317441289154e-01, 2.4771146143955539e-02,
       -1.0758939644003981e-02, -9.9982564732201951e-01,
       1.5261722538467026e-02, 2.6699365418994588e-02, 0., 0., 0., 1. ]
Hobj2base5: !!opencv-matrix
   rows: 4
   cols: 4
   dt: d
   data: [ 9.9980116121376683e-01, -9.3170544436082560e-03,
       -1.7630386612274136e-02, -7.3371607229298408e-01,
       -9.3542676861895074e-03, -9.9995418844443740e-01,
       -2.0294552180066491e-03, 9.0250800165096068e-02,
       -1.7610670392081220e-02, 2.1939710393766103e-03,
       -9.9984251298863058e-01, 9.7459918122703715e-03, 0., 0., 0., 1. ]
mean-rme5: 1.7097790122163118e-03
max-rme5: 6.6952508681295542e-03
Hcamera2end6: !!opencv-matrix
   rows: 4
   cols: 4
   dt: d
   data: [ 9.9995337252808114e-01, -9.6119334308876793e-03,
       -9.2924993233886415e-04, -1.9722150120756482e-02,
       1.0491853661892736e-03, 1.2480256616919094e-02,
       9.9992156812664212e-01, 2.7335704224806450e-02,
       -9.5995822713252615e-03, -9.9987591926723385e-01,
       1.2489759394000544e-02, 2.6059846798351112e-02, 0., 0., 0., 1. ]
Hobj2base6: !!opencv-matrix
   rows: 4
   cols: 4
   dt: d
   data: [ 9.9986504297839152e-01, -8.8267659339695183e-03,
       -1.3855830287864575e-02, -7.3334440069445772e-01,
       -8.8437400836711439e-03, -9.9996021558829051e-01,
       -1.1642602597524377e-03, 8.6726375429421132e-02,
       -1.3845002389008765e-02, 1.2866404963647370e-03,
       -9.9990332555956729e-01, 6.0123930531475822e-03, 0., 0., 0., 1. ]
mean-rme6: 1.7867071408853765e-03
max-rme6: 6.8439926159882813e-03
Hcamera2end7: !!opencv-matrix
   rows: 4
   cols: 4
   dt: d
   data: [ 9.9993119352621329e-01, -1.1656406259203583e-02,
       -1.3177277272105438e-03, -1.9712126155426595e-02,
       1.4434717155346211e-03, 1.0785716214030350e-02,
       9.9994079060470209e-01, 2.7328821345717475e-02,
       -1.1641503453124577e-02, -9.9987389030760798e-01,
       1.0801799779670329e-02, 2.5686984492460728e-02, 0., 0., 0., 1. ]
Hobj2base7: !!opencv-matrix
   rows: 4
   cols: 4
   dt: d
   data: [ 9.9987362044353612e-01, -1.0220672383029877e-02,
       -1.2177068496735213e-02, -7.3233762349090892e-01,
       -1.0247790213331663e-02, -9.9994514271564161e-01,
       -2.1666460575642953e-03, 8.6740207655811641e-02,
       -1.2154255916301688e-02, 2.2911602811644389e-03,
       -9.9992350939843733e-01, 5.6422688943976078e-03, 0., 0., 0., 1. ]
mean-rme7: 1.8745483341168234e-03
max-rme7: 6.1190624102244739e-03
Hcamera2end8: !!opencv-matrix
   rows: 4
   cols: 4
   dt: d
   data: [ 9.9992362350748620e-01, -1.2032403319377050e-02,
       -2.8228393540644589e-03, -1.9310224154937685e-02,
       2.9443856662621556e-03, 1.0095866028947187e-02,
       9.9994470051207018e-01, 2.7403593034971318e-02,
       -1.2003238925695050e-02, -9.9987663977086949e-01,
       1.0130522977975343e-02, 2.5514336647460192e-02, 0., 0., 0., 1. ]
Hobj2base8: !!opencv-matrix
   rows: 4
   cols: 4
   dt: d
   data: [ 9.9988256428162359e-01, -1.0035001144937326e-02,
       -1.1582590281361417e-02, -7.3189541372526379e-01,
       -1.0076360803121140e-02, -9.9994304358963793e-01,
       -3.5180292290095086e-03, 8.6562360356876047e-02,
       -1.1546627151255266e-02, 3.6343264454294527e-03,
       -9.9992673085217465e-01, 5.3884622310581684e-03, 0., 0., 0., 1. ]
mean-rme8: 1.8999371299995927e-03
max-rme8: 5.6701563699549928e-03
Hcamera2end9: !!opencv-matrix
   rows: 4
   cols: 4
   dt: d
   data: [ 9.9992571636428618e-01, -1.1536744739728884e-02,
       -3.9325912805071393e-03, -1.8952141678472860e-02,
       4.0675433767304644e-03, 1.1697540698998310e-02,
       9.9992330837543419e-01, 2.7109190573569742e-02,
       -1.1489858321476335e-02, -9.9986502642226949e-01,
       1.1743597972801445e-02, 2.5771317844821288e-02, 0., 0., 0., 1. ]
Hobj2base9: !!opencv-matrix
   rows: 4
   cols: 4
   dt: d
   data: [ 9.9987201218227162e-01, -9.3487446956919511e-03,
       -1.2983074643170566e-02, -7.3276992803938790e-01,
       -9.4059113229149928e-03, -9.9994630561558817e-01,
       -4.3491054162761956e-03, 8.6543361000825506e-02,
       -1.2941718848778413e-02, 4.4706664325573449e-03,
       -9.9990625813367506e-01, 5.9004319862811360e-03, 0., 0., 0., 1. ]
mean-rme9: 1.9650785902757591e-03
max-rme9: 6.0845056515305695e-03
Hcamera2end10: !!opencv-matrix
   rows: 4
   cols: 4
   dt: d
   data: [ 9.9992320197746842e-01, -1.1764847250597843e-02,
       -3.8959615368883878e-03, -1.8854165433201911e-02,
       4.0341981037245525e-03, 1.1749185157812758e-02,
       9.9992283796990422e-01, 2.6592327438641563e-02,
       -1.1718165077635602e-02, -9.9986176295390827e-01,
       1.1795744568095290e-02, 2.5528110178012695e-02, 0., 0., 0., 1. ]
Hobj2base10: !!opencv-matrix
   rows: 4
   cols: 4
   dt: d
   data: [ 9.9986065017196468e-01, -9.9657239464146681e-03,
       -1.3392706370257150e-02, -7.3222795165239374e-01,
       -1.0027483568375854e-02, -9.9993936157636609e-01,
       -4.5522240206937598e-03, 8.6791127790141101e-02,
       -1.3346528049722200e-02, 4.6858848121231339e-03,
       -9.9989995133140441e-01, 6.2541000629223074e-03, 0., 0., 0., 1. ]
mean-rme10: 1.8916164398864754e-03
max-rme10: 6.0331698588180216e-03
Hcamera2end11: !!opencv-matrix
   rows: 4
   cols: 4
   dt: d
   data: [ 9.9987090964028758e-01, -1.5726359125530838e-02,
       -3.2932785728945618e-03, -1.9162356261137551e-02,
       3.4876907572543182e-03, 1.2350804065109244e-02,
       9.9991764343476164e-01, 2.7281582404302087e-02,
       -1.5684389318223912e-02, -9.9980004964372760e-01,
       1.2404058372737170e-02, 2.5533397525086522e-02, 0., 0., 0., 1. ]
Hobj2base11: !!opencv-matrix
   rows: 4
   cols: 4
   dt: d
   data: [ 9.9982128115056434e-01, -1.3367332212682491e-02,
       -1.3368627003549913e-02, -7.3210408603819133e-01,
       -1.3446124476752067e-02, -9.9989265074163169e-01,
       -5.8214027029445149e-03, 8.7061854644844019e-02,
       -1.3289375267481607e-02, 6.0001185313243444e-03,
       -9.9989368989038563e-01, 5.4673811955119889e-03, 0., 0., 0., 1. ]
mean-rme11: 2.0430497277403488e-03
max-rme11: 6.2565068898666754e-03
Hcamera2end12: !!opencv-matrix
   rows: 4
   cols: 4
   dt: d
   data: [ 9.9993525671473615e-01, -9.9084172600738783e-03,
       -5.5951448806065632e-03, -1.8114588991345926e-02,
       5.6935116791932147e-03, 9.9273765203956588e-03,
       9.9993451341584416e-01, 2.7070358489847308e-02,
       -9.8522232817571803e-03, -9.9990163039312141e-01,
       9.9831474788182328e-03, 2.6384166841964585e-02, 0., 0., 0., 1. ]
Hobj2base12: !!opencv-matrix
   rows: 4
   cols: 4
   dt: d
   data: [ 9.9991075746452840e-01, -7.4634197958490748e-03,
       -1.1080364238782853e-02, -7.3247751278985995e-01,
       -7.5278779980390252e-03, -9.9995491941698722e-01,
       -5.7870706417672895e-03, 8.6282996172816553e-02,
       -1.1036673391915233e-02, 5.8699658190736565e-03,
       -9.9992186461829236e-01, 5.2351065230640190e-03, 0., 0., 0., 1. ]
mean-rme12: 2.1968195402459726e-03
max-rme12: 6.4626178772045351e-03
Hcamera2end13: !!opencv-matrix
   rows: 4
   cols: 4
   dt: d
   data: [ 9.9992515395661941e-01, -1.0883649930776378e-02,
       -5.5886178090103870e-03, -1.8079779680405014e-02,
       5.6962385174820322e-03, 9.8825257747059414e-03,
       9.9993494215927081e-01, 2.7101852043805861e-02,
       -1.0827712204470104e-02, -9.9989193508523544e-01,
       9.9437819726996279e-03, 2.6425453080021293e-02, 0., 0., 0., 1. ]
Hobj2base13: !!opencv-matrix
   rows: 4
   cols: 4
   dt: d
   data: [ 9.9990577548514425e-01, -8.3391623400690396e-03,
       -1.0904059928217563e-02, -7.3246598496655713e-01,
       -8.4124574877053535e-03, -9.9994221333255262e-01,
       -6.6933216427818142e-03, 8.6306368186705645e-02,
       -1.0847613123159208e-02, 6.7844209083867714e-03,
       -9.9991814711128657e-01, 5.0913264914408578e-03, 0., 0., 0., 1. ]
mean-rme13: 2.1402049645361863e-03
max-rme13: 6.4479925930805981e-03
Hcamera2end14: !!opencv-matrix
   rows: 4
   cols: 4
   dt: d
   data: [ 9.9995323482039566e-01, -8.8581651938132670e-03,
       -3.8808609387163064e-03, -1.8389528269796642e-02,
       3.9628549681415583e-03, 9.2576152632694031e-03,
       9.9994929488456497e-01, 2.7081669461841835e-02,
       -8.8217885220636862e-03, -9.9991791136524610e-01,
       9.2922859531758828e-03, 2.6781371607760892e-02, 0., 0., 0., 1. ]
Hobj2base14: !!opencv-matrix
   rows: 4
   cols: 4
   dt: d
   data: [ 9.9992184035634635e-01, -6.7767855685884407e-03,
       -1.0506586302643220e-02, -7.3274571424706192e-01,
       -6.8248797493775781e-03, -9.9996636574374365e-01,
       -4.5484500279920842e-03, 8.6224165506043116e-02,
       -1.0475409050917988e-02, 4.6198007108507180e-03,
       -9.9993445947552440e-01, 5.1250499685803370e-03, 0., 0., 0., 1. ]
mean-rme14: 2.1783657846607264e-03
max-rme14: 7.5549015564557453e-03
Hcamera2end15: !!opencv-matrix
   rows: 4
   cols: 4
   dt: d
   data: [ 9.9996949135106883e-01, -7.1831518739597124e-03,
       -3.0689894493687551e-03, -1.8485182243835153e-02,
       3.1342173939602424e-03, 9.0871130058604033e-03,
       9.9995379946202845e-01, 2.7079121653169360e-02,
       -7.1549317545385946e-03, -9.9993291110272731e-01,
       9.1093493298667338e-03, 2.6941498430854027e-02, 0., 0., 0., 1. ]
Hobj2base15: !!opencv-matrix
   rows: 4
   cols: 4
   dt: d
   data: [ 9.9993118554513372e-01, -5.3391415743669103e-03,
       -1.0445943784657227e-02, -7.3296388722650796e-01,
       -5.3733199878258954e-03, -9.9998029329532123e-01,
       -3.2466064300726632e-03, 8.6081604976578324e-02,
       -1.0428403838161564e-02, 3.3025124151508170e-03,
       -9.9994016911270056e-01, 5.1872284739785945e-03, 0., 0., 0., 1. ]
mean-rme15: 2.1638471441460328e-03
max-rme15: 7.0783352296378832e-03
Hcamera2end16: !!opencv-matrix
   rows: 4
   cols: 4
   dt: d
   data: [ 9.9996806394963400e-01, -7.6655474591953831e-03,
       -2.2606333120497027e-03, -1.8712107859927666e-02,
       2.3286426440656655e-03, 8.8747896792613634e-03,
       9.9995790687987718e-01, 2.7004536182893227e-02,
       -7.6451621471990026e-03, -9.9993123638093229e-01,
       8.8923565742347055e-03, 2.7170821235954358e-02, 0., 0., 0., 1. ]
Hobj2base16: !!opencv-matrix
   rows: 4
   cols: 4
   dt: d
   data: [ 9.9992820649859859e-01, -6.0073265034367076e-03,
       -1.0367925384428637e-02, -7.3310670623105456e-01,
       -6.0379552792712184e-03, -9.9997749226353161e-01,
       -2.9254166172028419e-03, 8.6229238299167954e-02,
       -1.0350118093118242e-02, 2.9878076611108357e-03,
       -9.9994197234681503e-01, 5.2138103192969710e-03, 0., 0., 0., 1. ]
mean-rme16: 2.1576953168823822e-03
max-rme16: 7.3658808846370633e-03
Hcamera2end17: !!opencv-matrix
   rows: 4
   cols: 4
   dt: d
   data: [ 9.9997150005872926e-01, -7.2888994116414169e-03,
       -1.9674896853086924e-03, -1.8754991001752475e-02,
       2.0293960956375505e-03, 8.4956073914049801e-03,
       9.9996185237564839e-01, 2.7057968390498448e-02,
       -7.2719063375317038e-03, -9.9993734633746834e-01,
       8.5101573311007206e-03, 2.7518128222031514e-02, 0., 0., 0., 1. ]
Hobj2base17: !!opencv-matrix
   rows: 4
   cols: 4
   dt: d
   data: [ 9.9993427778457034e-01, -5.8289705118534339e-03,
       -9.8723459330380056e-03, -7.3331384020069379e-01,
       -5.8563144093009521e-03, -9.9997908925569812e-01,
       -2.7431064294023296e-03, 8.6251285359269056e-02,
       -9.8561500084486837e-03, 2.8007417081118845e-03,
       -9.9994750469856886e-01, 5.0439671360395458e-03, 0., 0., 0., 1. ]
mean-rme17: 2.1116146977674059e-03
max-rme17: 7.4554128435159184e-03
Hcamera2end18: !!opencv-matrix
   rows: 4
   cols: 4
   dt: d
   data: [ 9.9996503905136813e-01, -7.7612729838532138e-03,
       -3.1118027999724068e-03, -1.7867031905036131e-02,
       3.1759933695837557e-03, 8.2720574627083154e-03,
       9.9996074229514131e-01, 2.7584934679893071e-02,
       -7.7352272825150989e-03, -9.9993566578405613e-01,
       8.2964180152685918e-03, 2.6776894837962910e-02, 0., 0., 0., 1. ]
Hobj2base18: !!opencv-matrix
   rows: 4
   cols: 4
   dt: d
   data: [ 9.9993510797420326e-01, -5.9022292279938739e-03,
       -9.7438971032468499e-03, -7.3285761141385397e-01,
       -5.9410033555850582e-03, -9.9997453016411786e-01,
       -3.9551867440294451e-03, 8.6224668283104641e-02,
       -9.7203045089839964e-03, 4.0128186093360864e-03,
       -9.9994470495475940e-01, 4.0371798222727153e-03, 0., 0., 0., 1. ]
mean-rme18: 2.1859760959821893e-03
max-rme18: 7.5354031497825436e-03
Hcamera2end19: !!opencv-matrix
   rows: 4
   cols: 4
   dt: d
   data: [ 9.9996085354096387e-01, -8.0410690349460197e-03,
       -3.6922343373879691e-03, -1.7542541362868577e-02,
       3.7506879019903352e-03, 7.2664702581130003e-03,
       9.9996656481616930e-01, 2.8035481893513764e-02,
       -8.0139706693260256e-03, -9.9994126808466288e-01,
       7.2963453418811719e-03, 2.7532049521696599e-02, 0., 0., 0., 1. ]
Hobj2base19: !!opencv-matrix
   rows: 4
   cols: 4
   dt: d
   data: [ 9.9994625947643101e-01, -5.9292598211737003e-03,
       -8.5042364188098983e-03, -7.3316788447946835e-01,
       -5.9703508087335403e-03, -9.9997058681407691e-01,
       -4.8146046495641985e-03, 8.6057082320263670e-02,
       -8.4754392402194810e-03, 4.8651191849702563e-03,
       -9.9995224763235657e-01, 3.2473430566883669e-03, 0., 0., 0., 1. ]
mean-rme19: 2.2351212016612576e-03
max-rme19: 7.6199137323056249e-03
Hcamera2end20: !!opencv-matrix
   rows: 4
   cols: 4
   dt: d
   data: [ 9.9995710748679290e-01, -8.7435078931977078e-03,
       -3.0552015265772614e-03, -1.7748653908498956e-02,
       3.1188843948357146e-03, 7.2791028309433514e-03,
       9.9996864311942713e-01, 2.8082371233396977e-02,
       -8.7209945979837018e-03, -9.9993528077155991e-01,
       7.3060606022532504e-03, 2.7553651633837085e-02, 0., 0., 0., 1. ]
Hobj2base20: !!opencv-matrix
   rows: 4
   cols: 4
   dt: d
   data: [ 9.9994177451790212e-01, -6.6372213826391691e-03,
       -8.5085172801644422e-03, -7.3314656928054622e-01,
       -6.6779412855967994e-03, -9.9996634299677423e-01,
       -4.7663375712808072e-03, 8.6146901300533027e-02,
       -8.4765956713259167e-03, 4.8228794278023018e-03,
       -9.9995244244906445e-01, 3.1914905797805005e-03, 0., 0., 0., 1. ]
mean-rme20: 2.2070622255171870e-03
max-rme20: 8.0211111760551124e-03
Hcamera2end21: !!opencv-matrix
   rows: 4
   cols: 4
   dt: d
   data: [ 9.9994825632061424e-01, -9.7929088093241124e-03,
       -2.7538370350092636e-03, -1.7884530723134451e-02,
       2.8198241578552673e-03, 6.7308443028856191e-03,
       9.9997337180881429e-01, 2.8132001226535544e-02,
       -9.7741123935579065e-03, -9.9992939484346721e-01,
       6.7581103050722291e-03, 2.7706051274707971e-02, 0., 0., 0., 1. ]
Hobj2base21: !!opencv-matrix
   rows: 4
   cols: 4
   dt: d
   data: [ 9.9993898606605891e-01, -7.6751270643310209e-03,
       -7.9445937421872836e-03, -7.3301265427303819e-01,
       -7.7163783926028203e-03, -9.9995683847280903e-01,
       -5.1748136166434302e-03, 8.6282940555143642e-02,
       -7.9045334893464887e-03, 5.2358013723974887e-03,
       -9.9995505135696217e-01, 2.9795516723435988e-03, 0., 0., 0., 1. ]
mean-rme21: 2.1768948212189760e-03
max-rme21: 8.2493559235310293e-03
Hcamera2end22: !!opencv-matrix
   rows: 4
   cols: 4
   dt: d
   data: [ 9.9995517915803622e-01, -8.5884447142616088e-03,
       -3.9847575095190452e-03, -1.7446641817351907e-02,
       4.0422176148464028e-03, 6.6834548886897105e-03,
       9.9996949548849001e-01, 2.8027793129685306e-02,
       -8.5615507808937293e-03, -9.9994078327075997e-01,
       6.7178716931224347e-03, 2.7745076372986857e-02, 0., 0., 0., 1. ]
Hobj2base22: !!opencv-matrix
   rows: 4
   cols: 4
   dt: d
   data: [ 9.9994723801738439e-01, -6.4010517424067225e-03,
       -8.0341594454852051e-03, -7.3313354764858696e-01,
       -6.4487073543412956e-03, -9.9996168433014354e-01,
       -5.9198011014422753e-03, 8.6081782832934786e-02,
       -7.9959586581292274e-03, 5.9712987041015235e-03,
       -9.9995020287858538e-01, 3.0485674955810001e-03, 0., 0., 0., 1. ]
mean-rme22: 2.2056306520410541e-03
max-rme22: 7.5990757567534484e-03
Hcamera2end23: !!opencv-matrix
   rows: 4
   cols: 4
   dt: d
   data: [ 9.9995696460499928e-01, -8.2399426756025462e-03,
       -4.2628960413019067e-03, -1.7386367091386478e-02,
       4.3211695254600536e-03, 7.0672555278589178e-03,
       9.9996569010803393e-01, 2.8074211357208154e-02,
       -8.2095329884469583e-03, -9.9994107688603695e-01,
       7.1025575749070757e-03, 2.7754397085043868e-02, 0., 0., 0., 1. ]
Hobj2base23: !!opencv-matrix
   rows: 4
   cols: 4
   dt: d
   data: [ 9.9994525409910595e-01, -6.1166857068981114e-03,
       -8.4896973230746634e-03, -7.3328083424477286e-01,
       -6.1671636867840635e-03, -9.9996338566924781e-01,
       -5.9324036406633064e-03, 8.6063572219578735e-02,
       -8.4530998299324946e-03, 5.9844362189241853e-03,
       -9.9994636437481343e-01, 3.0882838096141785e-03, 0., 0., 0., 1. ]
mean-rme23: 2.2331524175969223e-03
max-rme23: 7.3649462519153885e-03
Hcamera2end24: !!opencv-matrix
   rows: 4
   cols: 4
   dt: d
   data: [ 9.9995817270805920e-01, -8.2034559860000404e-03,
       -4.0442730181199206e-03, -1.7517172531166990e-02,
       4.1043378719471764e-03, 7.3183239470532291e-03,
       9.9996479765301682e-01, 2.7884511014276830e-02,
       -8.1735699050190340e-03, -9.9993957089640761e-01,
       7.3516875964652062e-03, 2.7750595947391449e-02, 0., 0., 0., 1. ]
Hobj2base24: !!opencv-matrix
   rows: 4
   cols: 4
   dt: d
   data: [ 9.9994364046951156e-01, -6.1351519801807700e-03,
       -8.6646289453255441e-03, -7.3339354468066231e-01,
       -6.1846296606349552e-03, -9.9996465745749785e-01,
       -5.6951024459629025e-03, 8.6168586704599981e-02,
       -8.6293823962600956e-03, 5.7483689938366209e-03,
       -9.9994624356180783e-01, 3.3278547963630865e-03, 0., 0., 0., 1. ]
mean-rme24: 2.2252996115339628e-03
max-rme24: 7.2910886055357615e-03
Hcamera2end25: !!opencv-matrix
   rows: 4
   cols: 4
   dt: d
   data: [ 9.9995798612561670e-01, -8.2380014557043076e-03,
       -4.0201138810593891e-03, -1.7559372024034903e-02,
       4.0800729684600748e-03, 7.2745193544325737e-03,
       9.9996521658142390e-01, 2.7876460640549758e-02,
       -8.2084705136166534e-03, -9.9993960652640301e-01,
       7.3078253707437035e-03, 2.7904741159418413e-02, 0., 0., 0., 1. ]
Hobj2base25: !!opencv-matrix
   rows: 4
   cols: 4
   dt: d
   data: [ 9.9994239609708102e-01, -6.1328762529145459e-03,
       -8.8086500949213914e-03, -7.3352369005892037e-01,
       -6.1831751837874982e-03, -9.9996467080921203e-01,
       -5.6943373689088651e-03, 8.6215551948844879e-02,
       -8.7734162260157365e-03, 5.7484747795214638e-03,
       -9.9994498958964440e-01, 3.3388392068470179e-03, 0., 0., 0., 1. ]
mean-rme25: 2.1978928381298562e-03
max-rme25: 7.2312326662263560e-03
