%YAML:1.0
---
Hcamera2end0: !!opencv-matrix
   rows: 4
   cols: 4
   dt: d
   data: [ 9.9999443931330489e-01, 2.3249451870025551e-03,
       2.3908099770711014e-03, -1.7642287967318055e-02,
       -2.4145835071799730e-03, 1.0276943323450749e-02,
       9.9994427555859999e-01, 3.4428119801221721e-02,
       2.3002454120992235e-03, -9.9994448799211055e-01,
       1.0282499950892365e-02, 3.4200837928163155e-02, 0., 0., 0., 1. ]
Hobj2base0: !!opencv-matrix
   rows: 4
   cols: 4
   dt: d
   data: [ 9.9992701268174455e-01, -7.7179502714050656e-04,
       -1.2057099228186017e-02, -7.4012567240861826e-01,
       -7.2442447930287548e-04, -9.9999200441125158e-01,
       3.9327245952468191e-03, 9.0003177271180734e-02,
       -1.2060038081864809e-02, -3.9237030983948935e-03,
       -9.9991957678378318e-01, -6.5064850941332075e-04, 0., 0., 0., 1. ]
mean-rme0: 1.0037085945410950e-03
max-rme0: 4.2909233010479247e-03
Hcamera2end1: !!opencv-matrix
   rows: 4
   cols: 4
   dt: d
   data: [ 9.9999998302469983e-01, -5.3070003951905133e-05,
       -1.7644878779937755e-04, -1.7622067966652239e-02,
       1.7688827403208719e-04, 8.3985108996759150e-03,
       9.9996471624013150e-01, 3.2848531556255903e-02,
       -5.1586224375061815e-05, -9.9996473047715173e-01,
       8.3985201445699875e-03, 3.3981165391023048e-02, 0., 0., 0., 1. ]
Hobj2base1: !!opencv-matrix
   rows: 4
   cols: 4
   dt: d
   data: [ 9.9994456224540074e-01, -1.3722725947447085e-03,
       -1.0439794240295400e-02, -7.3937522416438473e-01,
       -1.3537573796839396e-03, -9.9999749878557220e-01,
       1.7803829801948401e-03, 8.9869691862864975e-02,
       -1.0442211298903298e-02, -1.7661513312649095e-03,
       -9.9994391889378664e-01, 3.0409892543672062e-04, 0., 0., 0., 1. ]
mean-rme1: 1.3128255757059993e-03
max-rme1: 4.5390330568762099e-03
Hcamera2end2: !!opencv-matrix
   rows: 4
   cols: 4
   dt: d
   data: [ 9.9993838236365817e-01, -1.0936036729181156e-02,
       1.9064565582776732e-03, -1.8415424861164847e-02,
       -1.8996822079933246e-03, 6.2980641631504852e-04,
       9.9999799727368766e-01, 3.1867916344064190e-02,
       -1.0937215525865478e-02, -9.9994000142235318e-01,
       6.0899261473201793e-04, 3.3412351338015844e-02, 0., 0., 0., 1. ]
Hobj2base2: !!opencv-matrix
   rows: 4
   cols: 4
   dt: d
   data: [ 9.9991396673715949e-01, -1.2394399583702616e-02,
       -4.2939472421453986e-03, -7.3517877437399826e-01,
       -1.2386192518653262e-02, -9.9992142044134780e-01,
       1.9326607172555101e-03, 9.0924865536262237e-02,
       -4.3175639948556249e-03, -1.8793087869418878e-03,
       -9.9998891335835993e-01, 8.5676310397829277e-05, 0., 0., 0., 1. ]
mean-rme2: 1.4990838734344049e-03
max-rme2: 5.2145244423125597e-03
Hcamera2end3: !!opencv-matrix
   rows: 4
   cols: 4
   dt: d
   data: [ 9.9997070682534972e-01, -7.6369595063645445e-03,
       5.1219206223106217e-04, -1.8244701382156180e-02,
       -5.2804700150556544e-04, -2.0742082382321225e-03,
       9.9999770941065091e-01, 3.1511081221626214e-02,
       -7.6358796202314026e-03, -9.9996868676458184e-01,
       -2.0781801516558396e-03, 3.3814759190456185e-02, 0., 0., 0., 1. ]
Hobj2base3: !!opencv-matrix
   rows: 4
   cols: 4
   dt: d
   data: [ 9.9995600332871493e-01, -9.2736614847022825e-03,
       -1.4108896236437937e-03, -7.3519699719030485e-01,
       -9.2720899724414701e-03, -9.9995639011730608e-01,
       1.1163382589048575e-03, 9.0221424217681756e-02,
       -1.4211806380283185e-03, -1.1032072482058282e-03,
       -9.9999838158837084e-01, -2.9178447333893381e-04, 0., 0., 0., 1. ]
mean-rme3: 1.5476529047696828e-03
max-rme3: 5.4088102643081726e-03
Hcamera2end4: !!opencv-matrix
   rows: 4
   cols: 4
   dt: d
   data: [ 9.9998453559204570e-01, -5.4697758044653568e-03,
       1.0050519437455863e-03, -1.8215863005327161e-02,
       -1.0133489136547962e-03, -1.5143157171422228e-03,
       9.9999833998456600e-01, 3.1910460151052714e-02,
       -5.4682447585981432e-03, -9.9998389407057808e-01,
       -1.5198350905156754e-03, 3.4209692150722365e-02, 0., 0., 0., 1. ]
Hobj2base4: !!opencv-matrix
   rows: 4
   cols: 4
   dt: d
   data: [ 9.9996943106686909e-01, -7.7434791061732145e-03,
       -1.0841877763864646e-03, -7.3578367762997088e-01,
       -7.7415156849449619e-03, -9.9996840749173765e-01,
       1.8035945603752735e-03, 9.0053023519516023e-02,
       -1.0981196209694545e-03, -1.7951461697374408e-03,
       -9.9999778578931253e-01, -6.4279153203930213e-04, 0., 0., 0., 1. ]
mean-rme4: 1.6023078615351660e-03
max-rme4: 5.1734722067605654e-03
Hcamera2end5: !!opencv-matrix
   rows: 4
   cols: 4
   dt: d
   data: [ 9.9998338915978957e-01, -5.5338189005855005e-03,
       1.6119096985927894e-03, -1.6330161667059029e-02,
       -1.6076312734976750e-03, 7.7750267864451494e-04,
       9.9999840550436525e-01, 3.0023218605535761e-02,
       -5.5350633410438093e-03, -9.9998438604708217e-01,
       7.6859342334523184e-04, 3.4696557445148227e-02, 0., 0., 0., 1. ]
Hobj2base5: !!opencv-matrix
   rows: 4
   cols: 4
   dt: d
   data: [ 9.9996983827853070e-01, -7.3286240314814543e-03,
       -2.5717315206558412e-03, -7.3670816491649949e-01,
       -7.3236811316776214e-03, -9.9997132632293195e-01,
       1.9261948596268094e-03, 9.1601039758795869e-02,
       -2.5857741375942900e-03, -1.9073022206603902e-03,
       -9.9999483797185085e-01, 2.1307525615013199e-03, 0., 0., 0., 1. ]
mean-rme5: 1.6812649470233996e-03
max-rme5: 5.8891099686473464e-03
Hcamera2end6: !!opencv-matrix
   rows: 4
   cols: 4
   dt: d
   data: [ 9.9997922970741193e-01, -6.0836639733327577e-03,
       2.1281885326796847e-03, -1.6440913278320816e-02,
       -2.1262703683684377e-03, 3.2174798236550561e-04,
       9.9999768772360520e-01, 2.9964701632829525e-02,
       -6.0843346465866404e-03, -9.9998144258325916e-01,
       3.0880578512815227e-04, 3.4449219656749290e-02, 0., 0., 0., 1. ]
Hobj2base6: !!opencv-matrix
   rows: 4
   cols: 4
   dt: d
   data: [ 9.9996721004759037e-01, -7.8444088393067931e-03,
       -2.0109897066346444e-03, -7.3626580711740841e-01,
       -7.8399744817872815e-03, -9.9996683904983530e-01,
       2.2035427851526527e-03, 9.1586863625270618e-02,
       -2.0282085108068431e-03, -2.1877044231064422e-03,
       -9.9999555014989649e-01, 2.1293357218565494e-03, 0., 0., 0., 1. ]
mean-rme6: 1.6190977358687723e-03
max-rme6: 6.0340635266128012e-03
Hcamera2end7: !!opencv-matrix
   rows: 4
   cols: 4
   dt: d
   data: [ 9.9998027865334693e-01, -6.2781357878706825e-03,
       -1.6527372378051346e-04, -1.5723944550305648e-02,
       1.5289687099777479e-04, -1.9718504493850819e-03,
       9.9999804421226357e-01, 2.9647971313632098e-02,
       -6.2784494042362089e-03, -9.9997834817401654e-01,
       -1.9708516545211552e-03, 3.5611690544115150e-02, 0., 0., 0., 1. ]
Hobj2base7: !!opencv-matrix
   rows: 4
   cols: 4
   dt: d
   data: [ 9.9997187046277147e-01, -7.4963758610672292e-03,
       2.5026413197034664e-04, -7.3672860453095457e-01,
       -7.4964143478357791e-03, -9.9997188975538465e-01,
       1.5320238242620386e-04, 9.1568755835946092e-02,
       2.4910863434290080e-04, -1.5507415654373509e-04,
       -9.9999995694844590e-01, 1.7736892079321803e-03, 0., 0., 0., 1. ]
mean-rme7: 1.8003952475315924e-03
max-rme7: 6.1157603465339522e-03
Hcamera2end8: !!opencv-matrix
   rows: 4
   cols: 4
   dt: d
   data: [ 9.9999887592589642e-01, 7.2027648017483322e-04,
       -1.3150470469295605e-03, -1.5139267476714621e-02,
       1.3186620984780907e-03, -5.0417115354950415e-03,
       9.9998642104533741e-01, 2.9467135758748441e-02,
       7.1363661170694066e-04, -9.9998703108919618e-01,
       -5.0426556695326585e-03, 3.6349344739517009e-02, 0., 0., 0., 1. ]
