%YAML:1.0
---
Hcamera2end0: !!opencv-matrix
   rows: 4
   cols: 4
   dt: d
   data: [ 9.9983160196413812e-01, -1.0507319678497527e-02,
       1.5045396206122427e-02, -2.1347708184595058e-02,
       -1.5172415401329995e-02, -1.2115402120417507e-02,
       9.9981148965309974e-01, 2.9449206011622073e-02,
       -1.0323057914921760e-02, -9.9987139836312677e-01,
       -1.2272783329413617e-02, 3.4448552842282765e-02, 0., 0., 0., 1. ]
Hobj2base0: !!opencv-matrix
   rows: 4
   cols: 4
   dt: d
   data: [ 9.9985286594237444e-01, -1.0276781468938314e-02,
       1.3734417696426591e-02, -7.3223004408649250e-01,
       -1.0461309935824961e-02, -9.9985506259525114e-01,
       1.3431857543620701e-02, 8.9931802722322832e-02,
       1.3594390800872240e-02, -1.3573561260229258e-02,
       -9.9981545845894337e-01, -5.9783966298190827e-04, 0., 0., 0., 1. ]
mean-rme0: 1.5467913061524123e-03
max-rme0: 4.2662786706190725e-03
Hcamera2end1: !!opencv-matrix
   rows: 4
   cols: 4
   dt: d
   data: [ 9.9992296783985246e-01, -1.1686785830341970e-02,
       4.1806008296647757e-03, -2.1952326832497322e-02,
       -4.1913322891523582e-03, -8.9391417128048545e-04,
       9.9999081678338242e-01, 2.8907362503587469e-02,
       -1.1682941409730021e-02, -9.9993130761788329e-01,
       -9.4282851394789091e-04, 3.4853951912490570e-02, 0., 0., 0., 1. ]
Hobj2base1: !!opencv-matrix
   rows: 4
   cols: 4
   dt: d
   data: [ 9.9993224229607525e-01, -1.1067945279645608e-02,
       3.6071323831755723e-03, -7.3530824465985201e-01,
       -1.1083300125002631e-02, -9.9992948271519211e-01,
       4.2649801016236112e-03, 8.6891492544363610e-02,
       3.5596734516104207e-03, -4.3046700471579919e-03,
       -9.9998439914865811e-01, 8.4013245407448575e-04, 0., 0., 0., 1. ]
mean-rme1: 2.1587867626155928e-03
max-rme1: 4.9866388917204629e-03
Hcamera2end2: !!opencv-matrix
   rows: 4
   cols: 4
   dt: d
   data: [ 9.9994050957106717e-01, -9.9931955681195200e-03,
       4.3718830144280751e-03, -2.1904114405961194e-02,
       -4.3650705809886699e-03, 7.0341673275431393e-04,
       9.9999022563409246e-01, 2.8802023490088504e-02,
       -9.9961731466354439e-03, -9.9994981936457061e-01,
       6.5975388220673725e-04, 3.4859970201706038e-02, 0., 0., 0., 1. ]
Hobj2base2: !!opencv-matrix
   rows: 4
   cols: 4
   dt: d
   data: [ 9.9995444077955120e-01, -9.2622686535893464e-03,
       2.3079741427801011e-03, -7.3584353501547195e-01,
       -9.2718534281755124e-03, -9.9994828973196515e-01,
       4.1773910668435723e-03, 8.6730090057390269e-02,
       2.2691626784863495e-03, -4.1985999461309339e-03,
       -9.9998861126476424e-01, 1.1124675473206322e-03, 0., 0., 0., 1. ]
mean-rme2: 1.9820864934608985e-03
max-rme2: 4.9041303129331165e-03
Hcamera2end3: !!opencv-matrix
   rows: 4
   cols: 4
   dt: d
   data: [ 9.9991756021565392e-01, -1.0756678431058757e-02,
       7.0118928617750945e-03, -2.1785091215057287e-02,
       -6.9826966012911384e-03, 2.7494048959265660e-03,
       9.9997184096398062e-01, 2.8953758150345881e-02,
       -1.0775654065927245e-02, -9.9993836542151393e-01,
       2.6740676136581820e-03, 3.5037590565465335e-02, 0., 0., 0., 1. ]
Hobj2base3: !!opencv-matrix
   rows: 4
   cols: 4
   dt: d
   data: [ 9.9995008446086320e-01, -9.9736180308036427e-03,
       5.9626343865563686e-04, -7.3652613426412705e-01,
       -9.9771401040962809e-03, -9.9993082745292861e-01,
       6.2287225532045151e-03, 8.7688266186015593e-02,
       5.3409929402934569e-04, -6.2343606470265560e-03,
       -9.9998042355101480e-01, 1.7925437282486510e-03, 0., 0., 0., 1. ]
mean-rme3: 1.9751324630461562e-03
max-rme3: 5.4972537365724078e-03
Hcamera2end4: !!opencv-matrix
   rows: 4
   cols: 4
   dt: d
   data: [ 9.9994300355644217e-01, -9.6967322063983476e-03,
       4.4679998923958250e-03, -2.0112091701061697e-02,
       -4.4732792350732822e-03, -5.2282514288592985e-04,
       9.9998985816194907e-01, 3.0330876028781602e-02,
       -9.6942978810285324e-03, -9.9995284890758085e-01,
       -5.6617153453908386e-04, 3.5068023245775203e-02, 0., 0., 0., 1. ]
Hobj2base4: !!opencv-matrix
   rows: 4
   cols: 4
   dt: d
   data: [ 9.9996073069173563e-01, -8.1494434697247133e-03,
       3.4819025810383327e-03, -7.3576692273666799e-01,
       -8.1626790308722587e-03, -9.9995944894534272e-01,
       3.8040946315153735e-03, 8.8413892579479389e-02,
       3.4507601320634402e-03, -3.8323669005364031e-03,
       -9.9998670252081379e-01, -2.7842806672915833e-04, 0., 0., 0., 1. ]
mean-rme4: 1.9886650787751176e-03
max-rme4: 5.0361299973662038e-03
Hcamera2end5: !!opencv-matrix
   rows: 4
   cols: 4
   dt: d
   data: [ 9.9993702381822447e-01, -1.0430281832229894e-02,
       4.1421755698966504e-03, -1.9258945739506046e-02,
       -4.1682041151601592e-03, -2.4749779335302424e-03,
       9.9998825021031268e-01, 3.0595450896633840e-02,
       -1.0419907485479683e-02, -9.9994254020175022e-01,
       -2.5182976125253109e-03, 3.5102586483994190e-02, 0., 0., 0., 1. ]
Hobj2base5: !!opencv-matrix
   rows: 4
   cols: 4
   dt: d
   data: [ 9.9994267024666827e-01, -8.9364407923492473e-03,
       5.8988342854923619e-03, -7.3513300367677059e-01,
       -8.9566992761146939e-03, -9.9995405016876515e-01,
       3.4168829595872434e-03, 8.9319348824193096e-02,
       5.8680284627897232e-03, -3.4695211553047965e-03,
       -9.9997676406250169e-01, -9.4059134419977042e-04, 0., 0., 0., 1. ]
mean-rme5: 1.9096603029860294e-03
max-rme5: 5.2814947665149603e-03
Hcamera2end6: !!opencv-matrix
   rows: 4
   cols: 4
   dt: d
   data: [ 9.9995837096176221e-01, -9.0691515513985285e-03,
       1.0034110007536021e-03, -1.8557330524292925e-02,
       -1.0301809214109722e-03, -2.9475664194964502e-03,
       9.9999512527785450e-01, 2.9913964725634599e-02,
       -9.0661497212338460e-03, -9.9995453013741598e-01,
       -2.9567865820430139e-03, 3.5234331825960634e-02, 0., 0., 0., 1. ]
Hobj2base6: !!opencv-matrix
   rows: 4
   cols: 4
   dt: d
   data: [ 9.9995944731069031e-01, -7.0603615105966459e-03,
       5.5906197722936446e-03, -7.3524916913837401e-01,
       -7.0659189246393538e-03, -9.9997456082375535e-01,
       9.7493337602747954e-04, 8.8718887986431197e-02,
       5.5835941694484413e-03, -1.0143967059066965e-03,
       -9.9998389710808522e-01, -3.0083743048759753e-04, 0., 0., 0., 1. ]
mean-rme6: 1.8802911224372655e-03
max-rme6: 5.3983971557836075e-03
Hcamera2end7: !!opencv-matrix
   rows: 4
   cols: 4
   dt: d
   data: [ 9.9997480448278397e-01, -7.0900622710008895e-03,
       3.4844886457806182e-04, -1.8293402501417321e-02,
       -3.8436610409913266e-04, -5.0651248786344194e-03,
       9.9998709830310428e-01, 2.9217677727961449e-02,
       -7.0882058601535892e-03, -9.9996203704288567e-01,
       -5.0677224398061327e-03, 3.5162083548285678e-02, 0., 0., 0., 1. ]
Hobj2base7: !!opencv-matrix
   rows: 4
   cols: 4
   dt: d
   data: [ 9.9996360729634060e-01, -5.3397617866964087e-03,
       6.6536476425502391e-03, -7.3478176258731920e-01,
       -5.3434494675938084e-03, -9.9998557971047086e-01,
       5.3658074896454939e-04, 8.8518868772410456e-02,
       6.6506864816460124e-03, -5.7211465129350478e-04,
       -9.9997772027888110e-01, 8.0494932388998670e-05, 0., 0., 0., 1. ]
mean-rme7: 1.8740710364271145e-03
max-rme7: 5.9139266619590569e-03
Hcamera2end8: !!opencv-matrix
   rows: 4
   cols: 4
   dt: d
   data: [ 9.9997876518840412e-01, -6.5139974226507101e-03,
       -1.9237944844369310e-04, -1.8142932141177792e-02,
       1.5352448935875484e-04, -5.9648157641238875e-03,
       9.9998219854311976e-01, 3.0480384481124299e-02,
       -6.5150289719732423e-03, -9.9996099364449098e-01,
       -5.9636890442569257e-03, 3.5040298675017970e-02, 0., 0., 0., 1. ]
