%YAML:1.0
---
Hcamera2end0: !!opencv-matrix
   rows: 4
   cols: 4
   dt: d
   data: [ 9.9975924108565217e-01, 1.9212447296051864e-02,
       -1.0599138301641352e-02, -1.3766858077967674e-02,
       1.0561967007238753e-02, 2.0351920142328561e-03,
       9.9994214974987561e-01, 2.8942882030554708e-02,
       1.9232907132799536e-02, -9.9981335251253822e-01,
       1.8317807891438109e-03, 3.1331340231988906e-02, 0., 0., 0., 1. ]
Hobj2base0: !!opencv-matrix
   rows: 4
   cols: 4
   dt: d
   data: [ 9.9979771953117236e-01, 2.0016132954533410e-02,
       -1.9683601839052532e-03, -7.3610558731594500e-01,
       2.0015155675746597e-02, -9.9979954409497851e-01,
       -5.1494732641571865e-04, 8.4939353867618556e-02,
       -1.9782728686332982e-03, 4.7544612712230490e-04,
       -9.9999793019157690e-01, 1.9662137115416200e-03, 0., 0., 0., 1. ]
mean-rme0: 1.5032475203528375e-03
max-rme0: 3.5115932159438534e-03
Hcamera2end1: !!opencv-matrix
   rows: 4
   cols: 4
   dt: d
   data: [ 9.9984034800400623e-01, 1.6780489730533754e-02,
       -6.1395168890635912e-03, -1.3816680469044079e-02,
       6.1521062109548379e-03, -6.9871686239575403e-04,
       9.9998083150824213e-01, 2.8527974883116296e-02,
       1.6775878289877307e-02, -9.9985895353252174e-01,
       -8.0184066594823911e-04, 3.1901301416015167e-02, 0., 0., 0., 1. ]
Hobj2base1: !!opencv-matrix
   rows: 4
   cols: 4
   dt: d
   data: [ 9.9985742928538912e-01, 1.6885515244244951e-02,
       2.1857482800233929e-05, -7.3580864915331123e-01,
       1.6885403181443822e-02, -9.9985412307517851e-01,
       2.5721059399092944e-03, 8.6445270413130146e-02,
       6.5285628356010069e-05, -2.5713701605177735e-03,
       -9.9999669189117046e-01, 2.1414428503738017e-03, 0., 0., 0., 1. ]
mean-rme1: 1.6644954858263451e-03
max-rme1: 3.3755618582237412e-03
Hcamera2end2: !!opencv-matrix
   rows: 4
   cols: 4
   dt: d
   data: [ 9.9984053099376469e-01, 1.7594924064487517e-02,
       -3.0547060859693756e-03, -1.3574778600700294e-02,
       3.0384475013302912e-03, 9.5070836776245393e-04,
       9.9999493198234823e-01, 2.8724323832227679e-02,
       1.7597739027738764e-02, -9.9984474534837875e-01,
       8.9709550618399803e-04, 3.1509215763702199e-02, 0., 0., 0., 1. ]
Hobj2base2: !!opencv-matrix
   rows: 4
   cols: 4
   dt: d
   data: [ 9.9986768150236649e-01, 1.6169538123576896e-02,
       -1.7791919380298398e-03, -7.3576712754653606e-01,
       1.6178601990285722e-02, -9.9985557669788538e-01,
       5.2037086562997693e-03, 8.7489112117431739e-02,
       -1.6947934157530271e-03, -5.2318049476179559e-03,
       -9.9998487783179435e-01, 2.6539016986798186e-03, 0., 0., 0., 1. ]
mean-rme2: 1.7125502957263789e-03
max-rme2: 4.3219346026636407e-03
Hcamera2end3: !!opencv-matrix
   rows: 4
   cols: 4
   dt: d
   data: [ 9.9993408460775057e-01, 1.1313344280470030e-02,
       -1.9582341155801744e-03, -1.3961661207203260e-02,
       1.9696306098317979e-03, -9.9629564086267663e-04,
       9.9999756397216144e-01, 2.8073946110517802e-02,
       1.1311365740735272e-02, -9.9993550573833900e-01,
       -1.0185130788391561e-03, 3.2072357891915114e-02, 0., 0., 0., 1. ]
Hobj2base3: !!opencv-matrix
   rows: 4
   cols: 4
   dt: d
   data: [ 9.9995214174779534e-01, 9.7832487054240313e-03,
       -4.7526463848953020e-05, -7.3539597116117661e-01,
       9.7833629944546942e-03, -9.9994258124712809e-01,
       4.3726442056737768e-03, 8.8438340435932100e-02,
       -4.7450691742325274e-06, -4.3728999072122580e-03,
       -9.9999043881623484e-01, 2.7721944069440882e-03, 0., 0., 0., 1. ]
mean-rme3: 1.7324117299244240e-03
max-rme3: 5.4680840961071481e-03
Hcamera2end4: !!opencv-matrix
   rows: 4
   cols: 4
   dt: d
   data: [ 9.9993036738322250e-01, 1.1354350126232787e-02,
       -3.2154499008111830e-03, -1.4077432349304746e-02,
       3.2326296546292691e-03, -1.4950262427895211e-03,
       9.9999365748091107e-01, 2.8041682569779805e-02,
       1.1349470929066281e-02, -9.9993441966448204e-01,
       -1.5316265491271963e-03, 3.2103894166141879e-02, 0., 0., 0., 1. ]
Hobj2base4: !!opencv-matrix
   rows: 4
   cols: 4
   dt: d
   data: [ 9.9994120887980054e-01, 1.0838343197194686e-02,
       3.3030401587154037e-04, -7.3539595395220170e-01,
       1.0836759511384663e-02, -9.9993129394573121e-01,
       4.4690078661217374e-03, 8.7980856975889643e-02,
       3.7871796298989089e-04, -4.4651657029574632e-03,
       -9.9998995938356749e-01, 2.6995226782950410e-03, 0., 0., 0., 1. ]
mean-rme4: 1.7519946039452527e-03
max-rme4: 5.0065770872028958e-03
Hcamera2end5: !!opencv-matrix
   rows: 4
   cols: 4
   dt: d
   data: [ 9.9988955658915923e-01, 1.4705710880561426e-02,
       -2.1486487455911786e-03, -1.3726413974976983e-02,
       2.1453898329247267e-03, 2.3738067012413211e-04,
       9.9999767047372790e-01, 2.8458178728313376e-02,
       1.4706186670900668e-02, -9.9989183700934126e-01,
       2.0580497038413803e-04, 3.1750435098100833e-02, 0., 0., 0., 1. ]
Hobj2base5: !!opencv-matrix
   rows: 4
   cols: 4
   dt: d
   data: [ 9.9990225555793322e-01, 1.3960964472461942e-02,
       -7.5551383596850479e-04, -7.3569167198253049e-01,
       1.3965840306048126e-02, -9.9987875256900161e-01,
       6.8873409675562543e-03, 8.7976997867948964e-02,
       -6.5926830929902527e-04, -6.8972191538382022e-03,
       -9.9997599657853797e-01, 2.8466145165564282e-03, 0., 0., 0., 1. ]
mean-rme5: 2.0279907542931335e-03
max-rme5: 6.4822146181381102e-03
Hcamera2end6: !!opencv-matrix
   rows: 4
   cols: 4
   dt: d
   data: [ 9.9989560806301514e-01, 1.4422522858075829e-02,
       -8.7396264309985358e-04, -1.3709693892805651e-02,
       8.6607594062238554e-04, 5.5306914472430524e-04,
       9.9999947201335360e-01, 2.8240563663342291e-02,
       1.4422998604947895e-02, -9.9989583704950435e-01,
       5.4052040871455098e-04, 3.2038225540576899e-02, 0., 0., 0., 1. ]
Hobj2base6: !!opencv-matrix
   rows: 4
   cols: 4
   dt: d
   data: [ 9.9991454817920866e-01, 1.3037083527999357e-02,
       -9.6477596001206601e-04, -7.3604682581073355e-01,
       1.3043693793187990e-02, -9.9988903525262773e-01,
       7.1957788875964207e-03, 8.8427518843089303e-02,
       -8.7085693348478343e-04, -7.2077482373898898e-03,
       -9.9997364463947158e-01, 3.1090262160946066e-03, 0., 0., 0., 1. ]
mean-rme6: 2.0353791405991377e-03
max-rme6: 6.6083158141246878e-03
Hcamera2end7: !!opencv-matrix
   rows: 4
   cols: 4
   dt: d
   data: [ 9.9989422058265776e-01, 1.4389206668107196e-02,
       -2.1209377317340915e-03, -1.3820931452731484e-02,
       2.1155500308083870e-03, 3.8963756083454371e-04,
       9.9999768631264263e-01, 2.8164954628408959e-02,
       1.4389999772986122e-02, -9.9989639408992448e-01,
       3.5915525859042674e-04, 3.2227711311621915e-02, 0., 0., 0., 1. ]
Hobj2base7: !!opencv-matrix
   rows: 4
   cols: 4
   dt: d
   data: [ 9.9991953368702968e-01, 1.2636630348551793e-02,
       -1.1143269480986973e-03, -7.3617127825242001e-01,
       1.2643310489561991e-02, -9.9990080714165397e-01,
       6.2066558897269676e-03, 8.8150928680160570e-02,
       -1.0357851986444420e-03, -6.2202452446033438e-03,
       -9.9998011765140582e-01, 3.0587793157250223e-03, 0., 0., 0., 1. ]
mean-rme7: 2.0784150307709272e-03
max-rme7: 6.7501998294496879e-03
Hcamera2end8: !!opencv-matrix
   rows: 4
   cols: 4
   dt: d
   data: [ 9.9990123996702629e-01, 1.3916658788642964e-02,
       -1.9588059025122343e-03, -1.3897513763773441e-02,
       1.9512186729858782e-03, 5.5874743042516606e-04,
       9.9999794027137823e-01, 2.7659721697064776e-02,
       1.3917724601867269e-02, -9.9990300250047726e-01,
       5.3153780401660189e-04, 3.2468834750118809e-02, 0., 0., 0., 1. ]
Hobj2base8: !!opencv-matrix
   rows: 4
   cols: 4
   dt: d
   data: [ 9.9992462220817202e-01, 1.2219480610520866e-02,
       -1.1975789967976352e-03, -7.3656394703533057e-01,
       1.2226604741920435e-02, -9.9990643853342820e-01,
       6.1338663076738777e-03, 8.8247223430144600e-02,
       -1.1225142891362113e-03, -6.1480462754173078e-03,
       -9.9998047055363326e-01, 3.5350444110247656e-03, 0., 0., 0., 1. ]
mean-rme8: 2.0523509785942448e-03
max-rme8: 7.1961366627015799e-03
Hcamera2end9: !!opencv-matrix
   rows: 4
   cols: 4
   dt: d
   data: [ 9.9992112903536234e-01, 1.2274667937819164e-02,
       -2.6586153656470244e-03, -1.4034666527249494e-02,
       2.6547688159317337e-03, 3.2965622733693856e-04,
       9.9999642175825110e-01, 2.7944359424854747e-02,
       1.2275500445201273e-02, -9.9992460908499914e-01,
       2.9704382136508389e-04, 3.3052646321300103e-02, 0., 0., 0., 1. ]
Hobj2base9: !!opencv-matrix
   rows: 4
   cols: 4
   dt: d
   data: [ 9.9993827314495543e-01, 1.1056103412509790e-02,
       -1.1011254317155579e-03, -7.3687225557061298e-01,
       1.1061631313621369e-02, -9.9992556913157005e-01,
       5.1474760405300713e-03, 8.8153599961745793e-02,
       -1.0441324465759079e-03, -5.1593385465783610e-03,
       -9.9998614541062336e-01, 3.0401427776869344e-03, 0., 0., 0., 1. ]
mean-rme9: 2.1032709944303692e-03
max-rme9: 7.2626219257239111e-03
Hcamera2end10: !!opencv-matrix
   rows: 4
   cols: 4
   dt: d
   data: [ 9.9992892771384434e-01, 1.1666540556379064e-02,
       -2.4558812039111198e-03, -1.4106102001960970e-02,
       2.4480347473229474e-03, 6.8679364439316881e-04,
       9.9999676771495916e-01, 2.8091230040113366e-02,
       1.1668189530396778e-02, -9.9993170774105200e-01,
       6.5818473573564518e-04, 3.2696119230735572e-02, 0., 0., 0., 1. ]
Hobj2base10: !!opencv-matrix
   rows: 4
   cols: 4
   dt: d
   data: [ 9.9994418082556946e-01, 1.0451748250303490e-02,
       -1.5479636924397926e-03, -7.3653019511025808e-01,
       1.0460229133719336e-02, -9.9992974397012979e-01,
       5.5759062313085464e-03, 8.8394043436892306e-02,
       -1.4895769704594433e-03, -5.5917870437396109e-03,
       -9.9998325639887908e-01, 3.0821778160783834e-03, 0., 0., 0., 1. ]
mean-rme10: 2.0853378813502407e-03
max-rme10: 7.1041439620247449e-03
Hcamera2end11: !!opencv-matrix
   rows: 4
   cols: 4
   dt: d
   data: [ 9.9993047069164775e-01, 1.1524319935336645e-02,
       -2.4987661770794478e-03, -1.4072568458882617e-02,
       2.4911321199978659e-03, 6.7673739316376214e-04,
       9.9999666813808008e-01, 2.8078720312648162e-02,
       1.1525972546402702e-02, -9.9993336381807407e-01,
       6.4798173652891311e-04, 3.2644671747747024e-02, 0., 0., 0., 1. ]
Hobj2base11: !!opencv-matrix
   rows: 4
   cols: 4
   dt: d
   data: [ 9.9994533991103041e-01, 1.0358283446687374e-02,
       -1.4223762694979653e-03, -7.3646655269484618e-01,
       1.0365287704478400e-02, -9.9993373529599938e-01,
       5.0085754256650582e-03, 8.8350409904822708e-02,
       -1.3704017722323371e-03, -5.0230449957440488e-03,
       -9.9998644541711390e-01, 3.0333768076472797e-03, 0., 0., 0., 1. ]
mean-rme11: 1.9877948407012441e-03
max-rme11: 7.1206108372718346e-03
Hcamera2end12: !!opencv-matrix
   rows: 4
   cols: 4
   dt: d
   data: [ 9.9994554127505897e-01, 1.0375535487292364e-02,
       -1.1237203750021421e-03, -1.4101461734587177e-02,
       1.1071935755332220e-03, 1.5984689614451097e-03,
       9.9999810950789592e-01, 2.7874543483948053e-02,
       1.0377312104565233e-02, -9.9994489506188866e-01,
       1.5868941846293172e-03, 3.2554535869568982e-02, 0., 0., 0., 1. ]
Hobj2base12: !!opencv-matrix
   rows: 4
   cols: 4
   dt: d
   data: [ 9.9995870524066166e-01, 8.8317166618402630e-03,
       -2.1421004235137563e-03, -7.3655664016789235e-01,
       8.8433518320765910e-03, -9.9994585670290159e-01,
       5.4844134667207962e-03, 8.8994501232172674e-02,
       -2.0935476573396526e-03, -5.5031303368913483e-03,
       -9.9998266615711962e-01, 3.4783504564980770e-03, 0., 0., 0., 1. ]
mean-rme12: 2.0055891875491085e-03
max-rme12: 7.2580643770558950e-03
Hcamera2end13: !!opencv-matrix
   rows: 4
   cols: 4
   dt: d
   data: [ 9.9994310734415737e-01, 1.0604072318212178e-02,
       -1.1557357747941322e-03, -1.4005973778749358e-02,
       1.1400689743955306e-03, 1.4833583623198310e-03,
       9.9999824994381992e-01, 2.8061675138519444e-02,
       1.0605768130816057e-02, -9.9994267500604195e-01,
       1.4711845962708248e-03, 3.2508183392403550e-02, 0., 0., 0., 1. ]
Hobj2base13: !!opencv-matrix
   rows: 4
   cols: 4
   dt: d
   data: [ 9.9995595110586555e-01, 9.1795113936194769e-03,
       -1.9576563892092736e-03, -7.3644894878440337e-01,
       9.1907297200099786e-03, -9.9994093988224142e-01,
       5.8006236418814087e-03, 8.8873117490125886e-02,
       -1.9042938789816458e-03, -5.8183604215825673e-03,
       -9.9998125999782017e-01, 3.2957898681021205e-03, 0., 0., 0., 1. ]
mean-rme13: 1.9833729308038864e-03
max-rme13: 7.0841101009151974e-03
Hcamera2end14: !!opencv-matrix
   rows: 4
   cols: 4
   dt: d
   data: [ 9.9994177376559890e-01, 1.0736475178025302e-02,
       -1.0849789212467147e-03, -1.4003017739605347e-02,
       1.0710346556894491e-03, 1.3044395168092526e-03,
       9.9999857566014216e-01, 2.8409872705526730e-02,
       1.0737875175015553e-02, -9.9994151155870026e-01,
       1.2928644272125478e-03, 3.2576341926181196e-02, 0., 0., 0., 1. ]
Hobj2base14: !!opencv-matrix
   rows: 4
   cols: 4
   dt: d
   data: [ 9.9995611850362132e-01, 9.1554568710047537e-03,
       -1.9846099502956504e-03, -7.3660489862541401e-01,
       9.1665218257786542e-03, -9.9994208157654585e-01,
       5.6398909548456798e-03, 8.8923835491091840e-02,
       -1.9328592264218980e-03, -5.6578354384162113e-03,
       -9.9998212631694727e-01, 2.9716586673078551e-03, 0., 0., 0., 1. ]
mean-rme14: 1.8981919382413937e-03
max-rme14: 7.1064295298310931e-03
Hcamera2end15: !!opencv-matrix
   rows: 4
   cols: 4
   dt: d
   data: [ 9.9996247779029390e-01, 8.4445942463956085e-03,
       -1.9317969638905867e-03, -1.4107822986170731e-02,
       1.9224438959950527e-03, 1.1155574997507856e-03,
       9.9999752986741486e-01, 2.8326676895632119e-02,
       8.4467284177192573e-03, -9.9996372152167523e-01,
       1.0992813829052706e-03, 3.2478501359587977e-02, 0., 0., 0., 1. ]
Hobj2base15: !!opencv-matrix
   rows: 4
   cols: 4
   dt: d
   data: [ 9.9997092212700256e-01, 7.3666205104548814e-03,
       -1.9717511828432053e-03, -7.3632217725507854e-01,
       7.3747237085613785e-03, -9.9996425937855404e-01,
       4.1344184261399011e-03, 8.8849967084719289e-02,
       -1.9412240196537887e-03, -4.1488393262414857e-03,
       -9.9998950933574848e-01, 2.9216126262982061e-03, 0., 0., 0., 1. ]
mean-rme15: 1.9834773925813576e-03
max-rme15: 7.4789466375270175e-03
Hcamera2end16: !!opencv-matrix
   rows: 4
   cols: 4
   dt: d
   data: [ 9.9996208930401054e-01, 8.4930043945740212e-03,
       -1.9206329976593690e-03, -1.4103207520363193e-02,
       1.9108503078090018e-03, 1.1598172809553775e-03,
       9.9999750173436730e-01, 2.8322135749673596e-02,
       8.4952107601340837e-03, -9.9996326117524370e-01,
       1.1435444514134030e-03, 3.2463463114537378e-02, 0., 0., 0., 1. ]
Hobj2base16: !!opencv-matrix
   rows: 4
   cols: 4
   dt: d
   data: [ 9.9997151517781635e-01, 7.3102548450580318e-03,
       -1.8785651658948855e-03, -7.3631741552184837e-01,
       7.3179801432145418e-03, -9.9996465767956466e-01,
       4.1389078770021227e-03, 8.8862599619352139e-02,
       -1.8482423016817303e-03, -4.1525372835289655e-03,
       -9.9998967016389861e-01, 2.9184656272493925e-03, 0., 0., 0., 1. ]
mean-rme16: 1.8974684824943490e-03
max-rme16: 7.4745247139185733e-03
Hcamera2end17: !!opencv-matrix
   rows: 4
   cols: 4
   dt: d
   data: [ 9.9996161101304071e-01, 8.3062552861333863e-03,
       -2.7897353504842981e-03, -1.4121889412378748e-02,
       2.7803478864781061e-03, 1.1415009591770886e-03,
       9.9999548331039489e-01, 2.8325903404002335e-02,
       8.3094022549349070e-03, -9.9996485093161225e-01,
       1.1183628587823069e-03, 3.2445054787023045e-02, 0., 0., 0., 1. ]
Hobj2base17: !!opencv-matrix
   rows: 4
   cols: 4
   dt: d
   data: [ 9.9997340440870452e-01, 7.1020822856714570e-03,
       -1.6585844787427653e-03, -7.3626956776632113e-01,
       7.1078597169387499e-03, -9.9996860026191858e-01,
       3.5038293999256980e-03, 8.8631716349527503e-02,
       -1.6336479149113197e-03, -3.5155251993146037e-03,
       -9.9999248611030223e-01, 2.8339618117479326e-03, 0., 0., 0., 1. ]
mean-rme17: 1.9343070342394777e-03
max-rme17: 7.4805012199805621e-03
Hcamera2end18: !!opencv-matrix
   rows: 4
   cols: 4
   dt: d
   data: [ 9.9996457932247484e-01, 7.9494435340967222e-03,
       -2.7652211347707397e-03, -1.4119806180978248e-02,
       2.7554585702360868e-03, 1.2387716747987998e-03,
       9.9999543643598976e-01, 2.8245757834067027e-02,
       7.9528327339186168e-03, -9.9996763537238342e-01,
       1.2168234343521434e-03, 3.2409501149367678e-02, 0., 0., 0., 1. ]
Hobj2base18: !!opencv-matrix
   rows: 4
   cols: 4
   dt: d
   data: [ 9.9997652744467513e-01, 6.6582005753615670e-03,
       -1.6164543875734428e-03, -7.3624694189252271e-01,
       6.6631814108115122e-03, -9.9997300879360473e-01,
       3.0957547952245577e-03, 8.8680910699707738e-02,
       -1.5957986011606966e-03, -3.1064528587755589e-03,
       -9.9999390167013558e-01, 2.8815588937220545e-03, 0., 0., 0., 1. ]
mean-rme18: 1.8890852105195310e-03
max-rme18: 7.5773821997486834e-03
Hcamera2end19: !!opencv-matrix
   rows: 4
   cols: 4
   dt: d
   data: [ 9.9999097263270131e-01, 3.4569067761511395e-03,
       -2.4707182447582347e-03, -1.4186453948946600e-02,
       2.4574318192184118e-03, 3.8424264719278955e-03,
       9.9998959833973355e-01, 2.8326907717452318e-02,
       3.4663643717696155e-03, -9.9998664268796555e-01,
       3.8338966722250012e-03, 3.1927476341576187e-02, 0., 0., 0., 1. ]
Hobj2base19: !!opencv-matrix
   rows: 4
   cols: 4
   dt: d
   data: [ 9.9998783413148284e-01, 2.7813584005185331e-03,
       -4.0737739841289330e-03, -7.3630775732396980e-01,
       2.7859943086755638e-03, -9.9999547753933582e-01,
       1.1327561908244025e-03, 8.9168990459098055e-02,
       -4.0706049596992465e-03, -1.1440919209961366e-03,
       -9.9999106057451259e-01, 3.1839928131377065e-03, 0., 0., 0., 1. ]
mean-rme19: 2.0940333459354156e-03
max-rme19: 7.5370614587743634e-03
Hcamera2end20: !!opencv-matrix
   rows: 4
   cols: 4
   dt: d
   data: [ 9.9999060651557625e-01, 3.5195465743482796e-03,
       -2.5297574035577789e-03, -1.4214570551421750e-02,
       2.5158911063448137e-03, 3.9386612198289983e-03,
       9.9998907856022912e-01, 2.8180345995590349e-02,
       3.5294719932133156e-03, -9.9998604977254868e-01,
       3.9297694261514193e-03, 3.1971300597221974e-02, 0., 0., 0., 1. ]
Hobj2base20: !!opencv-matrix
   rows: 4
   cols: 4
   dt: d
   data: [ 9.9998695108576063e-01, 2.8469418271471871e-03,
       -4.2417661931637317e-03, -7.3642154458531606e-01,
       2.8526593734117534e-03, -9.9999503003334489e-01,
       1.3424764835402647e-03, 8.9177785525435538e-02,
       -4.2379231592742416e-03, -1.3545592797705123e-03,
       -9.9999010253924681e-01, 3.3717969665664092e-03, 0., 0., 0., 1. ]
mean-rme20: 2.0754516963598286e-03
max-rme20: 7.6160987635096600e-03
Hcamera2end21: !!opencv-matrix
   rows: 4
   cols: 4
   dt: d
   data: [ 9.9999406379933842e-01, 2.6038969350450098e-03,
       -2.2565652741036680e-03, -1.4214759488993573e-02,
       2.2460530371390727e-03, 4.0330038242891719e-03,
       9.9998934500618930e-01, 2.8182064504994678e-02,
       2.6129699269195018e-03, -9.9998847723406536e-01,
       4.0271313929498564e-03, 3.1952054267692001e-02, 0., 0., 0., 1. ]
Hobj2base21: !!opencv-matrix
   rows: 4
   cols: 4
   dt: d
   data: [ 9.9998762851762057e-01, 2.1442986632500224e-03,
       -4.4882953276320775e-03, -7.3637881771433400e-01,
       2.1486990132605038e-03, -9.9999721543658260e-01,
       9.7581331761954239e-04, 8.9303534814069441e-02,
       -4.4861903944965493e-03, -9.8544524110398264e-04,
       -9.9998945144107432e-01, 3.3777938591415023e-03, 0., 0., 0., 1. ]
mean-rme21: 2.0721755763348907e-03
max-rme21: 7.7191744490606728e-03
Hcamera2end22: !!opencv-matrix
   rows: 4
   cols: 4
   dt: d
   data: [ 9.9999502515527683e-01, 2.6704621853681034e-03,
       -1.6787782503328689e-03, -1.4188594486565894e-02,
       1.6668208982604537e-03, 4.4735752283237007e-03,
       9.9998860435145465e-01, 2.8259145781933431e-02,
       2.6779418945141230e-03, -9.9998642778609426e-01,
       4.4691017908029540e-03, 3.1560375649865170e-02, 0., 0., 0., 1. ]
Hobj2base22: !!opencv-matrix
   rows: 4
   cols: 4
   dt: d
   data: [ 9.9998489685946024e-01, 2.3542945132331216e-03,
       -4.9662209293979348e-03, -7.3614168155785553e-01,
       2.3612956875822509e-03, -9.9999622601097649e-01,
       1.4043669319802889e-03, 8.9460493342668840e-02,
       -4.9628958935721322e-03, -1.4160724376933141e-03,
       -9.9998668211291730e-01, 3.4758682030967794e-03, 0., 0., 0., 1. ]
mean-rme22: 2.1220399063553545e-03
max-rme22: 7.5101345839830858e-03
Hcamera2end23: !!opencv-matrix
   rows: 4
   cols: 4
   dt: d
   data: [ 9.9999588032594089e-01, 1.9616695959131162e-03,
       -2.0955151020754458e-03, -1.4074825019369340e-02,
       2.0875692453715656e-03, 4.0438801206407193e-03,
       9.9998964449048944e-01, 2.8548657121705283e-02,
       1.9701232936887446e-03, -9.9998989939197203e-01,
       4.0397683400545947e-03, 3.1794897883346142e-02, 0., 0., 0., 1. ]
Hobj2base23: !!opencv-matrix
   rows: 4
   cols: 4
   dt: d
   data: [ 9.9998763870927765e-01, 2.1744209484970763e-03,
       -4.4715011105713022e-03, -7.3614530687579816e-01,
       2.1773452908007813e-03, -9.9999741882954130e-01,
       6.4923165283697405e-04, 8.9186642587656489e-02,
       -4.4700778659583747e-03, -6.5895962938168000e-04,
       -9.9998979203593819e-01, 3.0004064764954197e-03, 0., 0., 0., 1. ]
mean-rme23: 2.1437274397477328e-03
max-rme23: 7.5885371294971693e-03
Hcamera2end24: !!opencv-matrix
   rows: 4
   cols: 4
   dt: d
   data: [ 9.9999567566068615e-01, 2.3259454211737090e-03,
       -1.7996215784375688e-03, -1.4097315106870760e-02,
       1.7904791343007001e-03, 3.9267591626832576e-03,
       9.9999068733011087e-01, 2.8523748746904116e-02,
       2.3329904409343139e-03, -9.9998958521595405e-01,
       3.9225776253001277e-03, 3.1592180189028728e-02, 0., 0., 0., 1. ]
Hobj2base24: !!opencv-matrix
   rows: 4
   cols: 4
   dt: d
   data: [ 9.9998745047223914e-01, 2.3057525892374270e-03,
       -4.4477413400733756e-03, -7.3592528091187015e-01,
       2.3096387403940314e-03, -9.9999695537528543e-01,
       8.6879747201495483e-04, 8.9308257508122907e-02,
       -4.4457245663495487e-03, -8.7905924472324684e-04,
       -9.9998973134123914e-01, 3.0554922843173292e-03, 0., 0., 0., 1. ]
mean-rme24: 2.1072373780301125e-03
max-rme24: 7.6196748416438587e-03
Hcamera2end25: !!opencv-matrix
   rows: 4
   cols: 4
   dt: d
   data: [ 9.9999355208003760e-01, 2.3069533583601103e-03,
       -2.7520473381679161e-03, -1.4027184309067835e-02,
       2.7418546806245942e-03, 4.4098131038128319e-03,
       9.9998651779976511e-01, 2.8316449670082032e-02,
       2.3190582699671664e-03, -9.9998761568061023e-01,
       4.4034593388273535e-03, 3.1662969936813806e-02, 0., 0., 0., 1. ]
Hobj2base25: !!opencv-matrix
   rows: 4
   cols: 4
   dt: d
   data: [ 9.9998429205199291e-01, 2.6607013434599433e-03,
       -4.9331853437252441e-03, -7.3621883396638077e-01,
       2.6610337935686771e-03, -9.9999645759327493e-01,
       6.0828043887094467e-05, 8.8900058251559944e-02,
       -4.9330060231182159e-03, -7.3954461312934294e-05,
       -9.9998782991710122e-01, 3.2831267644201022e-03, 0., 0., 0., 1. ]
mean-rme25: 2.1293095152583406e-03
max-rme25: 7.4367776660487217e-03
