%YAML:1.0
---
Hcamera2end0: !!opencv-matrix
   rows: 4
   cols: 4
   dt: d
   data: [ 9.9997778337819399e-01, 6.6144548800206532e-03,
       8.2567346692736425e-04, -7.5352738011453309e-03,
       -8.8251505369939687e-04, 8.5952361900594187e-03,
       9.9996267084427581e-01, 2.7050015298640186e-02,
       6.6071111095402993e-03, -9.9994118372106156e-01,
       8.6008825889513085e-03, 3.0192106940742536e-02, 0., 0., 0., 1. ]
Hobj2base0: !!opencv-matrix
   rows: 4
   cols: 4
   dt: d
   data: [ 9.9994339568729584e-01, 5.1141633684975750e-03,
       -9.3300993778379845e-03, -7.3606187129212897e-01,
       5.0970386710594414e-03, -9.9998528338552028e-01,
       -1.8582812396874850e-03, 9.5360572661827250e-02,
       -9.3394656242067609e-03, 1.8106201756214338e-03,
       -9.9995474699429931e-01, 4.6942653810283230e-03, 0., 0., 0., 1. ]
mean-rme0: 1.3174202907277749e-03
max-rme0: 4.4486393339617791e-03
Hcamera2end1: !!opencv-matrix
   rows: 4
   cols: 4
   dt: d
   data: [ 9.9990171635847380e-01, 1.2753790224568431e-02,
       -5.8222382539558169e-03, -7.5435746319912544e-03,
       5.7976113722972593e-03, 1.9670683763483021e-03,
       9.9998125899657675e-01, 2.7622380462886436e-02,
       1.2765003946491096e-02, -9.9991673227169808e-01,
       1.8929335264593616e-03, 2.9807190988157761e-02, 0., 0., 0., 1. ]
Hobj2base1: !!opencv-matrix
   rows: 4
   cols: 4
   dt: d
   data: [ 9.9992832856818215e-01, 1.1624281645209547e-02,
       -2.8659733206228537e-03, -7.3436986915541014e-01,
       1.1609472760175691e-02, -9.9991944459807547e-01,
       -5.1307364878117392e-03, 9.2810985426859921e-02,
       -2.9253835769717821e-03, 5.0970963213842167e-03,
       -9.9998273072089527e-01, 2.4574656946359996e-03, 0., 0., 0., 1. ]
mean-rme1: 1.6213288812151434e-03
max-rme1: 5.0622478738261978e-03
Hcamera2end2: !!opencv-matrix
   rows: 4
   cols: 4
   dt: d
   data: [ 9.9988458357918952e-01, 1.4000882913922312e-02,
       -5.8987115797845702e-03, -7.4810266153471699e-03,
       5.9033629162447065e-03, -2.9091208861431461e-04,
       9.9998253268566428e-01, 2.7457774091111713e-02,
       1.3998922349593669e-02, -9.9990194051606240e-01,
       -3.7353080557100959e-04, 2.9575082850356808e-02, 0., 0., 0., 1. ]
Hobj2base2: !!opencv-matrix
   rows: 4
   cols: 4
   dt: d
   data: [ 9.9991734233793983e-01, 1.2807032910038416e-02,
       -1.1350770337045643e-03, -7.3372446660379831e-01,
       1.2802475710541272e-02, -9.9991030173744133e-01,
       -3.9351105473599728e-03, 9.2673321986470200e-02,
       -1.1853723095514492e-03, 3.9202534841685831e-03,
       -9.9999161321738472e-01, 2.3642933198551805e-03, 0., 0., 0., 1. ]
mean-rme2: 1.5998648819891125e-03
max-rme2: 5.2613029500110375e-03
Hcamera2end3: !!opencv-matrix
   rows: 4
   cols: 4
   dt: d
   data: [ 9.9994528609194544e-01, 8.8211307285561494e-03,
       -5.6224972358567427e-03, -7.8771618707084035e-03,
       5.6083726991422427e-03, 1.6251366234909526e-03,
       9.9998295239800095e-01, 2.8746626397529097e-02,
       8.8301176756037745e-03, -9.9995977248268575e-01,
       1.5755755171615871e-03, 2.9617560393656438e-02, 0., 0., 0., 1. ]
Hobj2base3: !!opencv-matrix
   rows: 4
   cols: 4
   dt: d
   data: [ 9.9995678854191405e-01, 8.9502163274554156e-03,
       -2.5129020342090306e-03, -7.3344413140233022e-01,
       8.9404557918897048e-03, -9.9995254880484974e-01,
       -3.8689002207360616e-03, 9.3263252056698151e-02,
       -2.5474102879291397e-03, 3.8462665503701389e-03,
       -9.9998935841060255e-01, 1.4691414948350195e-03, 0., 0., 0., 1. ]
mean-rme3: 1.9541570980269995e-03
max-rme3: 8.8149940028772189e-03
Hcamera2end4: !!opencv-matrix
   rows: 4
   cols: 4
   dt: d
   data: [ 9.9997298988339167e-01, 5.5305885246518917e-03,
       -4.8406708462076405e-03, -8.1447615741274924e-03,
       4.8428324914850706e-03, -3.7752750702813032e-04,
       9.9998820215362583e-01, 2.8404237667829901e-02,
       5.5286957892212059e-03, -9.9998463491373324e-01,
       -4.0430102377042587e-04, 3.0514587147515742e-02, 0., 0., 0., 1. ]
Hobj2base4: !!opencv-matrix
   rows: 4
   cols: 4
   dt: d
   data: [ 9.9998546014656797e-01, 5.3585240694735371e-03,
       -6.0474395708800372e-04, -7.3353680149109990e-01,
       5.3560668692690652e-03, -9.9997767919632774e-01,
       -3.9942029013883351e-03, 9.4140169807294033e-02,
       -6.2613349110231622e-04, 3.9909057771906212e-03,
       -9.9999184028067356e-01, 1.1872747345878342e-03, 0., 0., 0., 1. ]
mean-rme4: 1.9713420663461018e-03
max-rme4: 9.1110946470991938e-03
Hcamera2end5: !!opencv-matrix
   rows: 4
   cols: 4
   dt: d
   data: [ 9.9997294415912341e-01, 5.6324277094546632e-03,
       -4.7314593766014292e-03, -8.1554016829024131e-03,
       4.7334601602475644e-03, -3.4194820098520928e-04,
       9.9998873864976046e-01, 2.8405841538420545e-02,
       5.6307463666916656e-03, -9.9998407928802824e-01,
       -3.6859982145709402e-04, 3.0185029599907015e-02, 0., 0., 0., 1. ]
Hobj2base5: !!opencv-matrix
   rows: 4
   cols: 4
   dt: d
   data: [ 9.9998473985896741e-01, 5.5072615160109088e-03,
       -4.3602727833989445e-04, -7.3324495561426528e-01,
       5.5056044469327121e-03, -9.9997794515914573e-01,
       -3.7145006349447074e-03, 9.4115804546701667e-02,
       -4.5647438822569146e-04, 3.7120433574185405e-03,
       -9.9999300615816611e-01, 1.2678191519133893e-03, 0., 0., 0., 1. ]
mean-rme5: 1.8739229132813241e-03
max-rme5: 9.0664469808766635e-03
Hcamera2end6: !!opencv-matrix
   rows: 4
   cols: 4
   dt: d
   data: [ 9.9998613179214246e-01, 4.0054358392853547e-03,
       -3.4194600634082852e-03, -8.0618052536843565e-03,
       3.4213914767500598e-03, -4.7544520859510442e-04,
       9.9999403399831155e-01, 2.8338623866283986e-02,
       4.0037861769452437e-03, -9.9999186518470773e-01,
       -4.8914277906342285e-04, 3.0138080984503057e-02, 0., 0., 0., 1. ]
Hobj2base6: !!opencv-matrix
   rows: 4
   cols: 4
   dt: d
   data: [ 9.9999075449425012e-01, 4.2794003770755097e-03,
       -4.2149547227777150e-04, -7.3307387580665673e-01,
       4.2779742144329553e-03, -9.9998531065136298e-01,
       -3.3282755472379692e-03, 9.4483782141828399e-02,
       -4.3573230441569153e-04, 3.3264416288853551e-03,
       -9.9999437244588973e-01, 1.3847811304149628e-03, 0., 0., 0., 1. ]
mean-rme6: 1.9539434666772625e-03
max-rme6: 8.7724172195523531e-03
Hcamera2end7: !!opencv-matrix
   rows: 4
   cols: 4
   dt: d
   data: [ 9.9998422602853509e-01, 4.2215255523368935e-03,
       -3.7049178294126421e-03, -8.1832431375285682e-03,
       3.7065952261703919e-03, -3.8958924136833772e-04,
       9.9999305466190735e-01, 2.8208856972251339e-02,
       4.2200528362881734e-03, -9.9999101343073793e-01,
       -4.0523058245822696e-04, 3.0066103451617109e-02, 0., 0., 0., 1. ]
Hobj2base7: !!opencv-matrix
   rows: 4
   cols: 4
   dt: d
   data: [ 9.9999060339194490e-01, 4.3166881304418144e-03,
       -3.9916337313630442e-04, -7.3298476193736084e-01,
       4.3155554251110024e-03, -9.9998677824127125e-01,
       -2.7963054223753719e-03, 9.4545376137862583e-02,
       -4.1122887392034931e-04, 2.7945565349288717e-03,
       -9.9999601066433574e-01, 1.5154174292720984e-03, 0., 0., 0., 1. ]
mean-rme7: 1.9117150042028247e-03
max-rme7: 8.8420862605360639e-03
Hcamera2end8: !!opencv-matrix
   rows: 4
   cols: 4
   dt: d
   data: [ 9.9999580135390342e-01, -6.5317274481879175e-04,
       -2.8232321778197786e-03, -8.3734684856636970e-03,
       2.8242138325461092e-03, 1.5068932395739809e-03,
       9.9999487653137120e-01, 2.8651313400490246e-02,
       -6.4891508882622016e-04, -9.9999865131815546e-01,
       1.5087316121634720e-03, 2.9875607019823447e-02, 0., 0., 0., 1. ]
