%YAML:1.0
---
Hcamera2end0: !!opencv-matrix
   rows: 4
   cols: 4
   dt: d
   data: [ 9.9970166435681063e-01, 1.0383973787928194e-02,
       -2.2107812433487722e-02, -1.9123787805065628e-02,
       2.2257600569853389e-02, -1.4537946896535647e-02,
       9.9964656119896012e-01, 2.8794287544520188e-02,
       1.0058901485525950e-02, -9.9984039785778067e-01,
       -1.4764732049697082e-02, 3.1512954365790102e-02, 0., 0., 0., 1. ]
Hobj2base0: !!opencv-matrix
   rows: 4
   cols: 4
   dt: d
   data: [ 9.9988472360807656e-01, 9.5386963205501534e-03,
       1.1813245434877533e-02, -7.3066492824990803e-01,
       9.7846334497520889e-03, -9.9973287451219361e-01,
       -2.0938972463817502e-02, 7.7814566362918600e-02,
       1.1610359316331448e-02, 2.1052146971053520e-02,
       -9.9971096156061789e-01, -2.7295649823451304e-03, 0., 0., 0., 1. ]
mean-rme0: 1.3417573136601856e-03
max-rme0: 3.9536973024498767e-03
Hcamera2end1: !!opencv-matrix
   rows: 4
   cols: 4
   dt: d
   data: [ 9.9980375890094531e-01, 1.5076959090099077e-02,
       -1.2850252609809102e-02, -1.9307712701743789e-02,
       1.3088200395236069e-02, -1.5791143750135905e-02,
       9.9978964727060304e-01, 3.0394497600685865e-02,
       1.4870867424416411e-02, -9.9976163413268571e-01,
       -1.5985375140653124e-02, 3.1293119083867421e-02, 0., 0., 0., 1. ]
Hobj2base1: !!opencv-matrix
   rows: 4
   cols: 4
   dt: d
   data: [ 9.9983320751516125e-01, 1.3296354176439779e-02,
       1.2520547733991501e-02, -7.3046080857361662e-01,
       1.3447985615523520e-02, -9.9983629316818790e-01,
       -1.2105310676804527e-02, 7.8942441093868027e-02,
       1.2357541536614789e-02, 1.2271667747782190e-02,
       -9.9984833716812216e-01, -3.7354703935536604e-03, 0., 0., 0., 1. ]
mean-rme1: 1.5770126149921701e-03
max-rme1: 4.8207291174333367e-03
Hcamera2end2: !!opencv-matrix
   rows: 4
   cols: 4
   dt: d
   data: [ 9.9983026158744848e-01, 1.6194309500283589e-02,
       -8.7859179249231180e-03, -2.1562056632491739e-02,
       8.9692972201003904e-03, -1.1286054999826600e-02,
       9.9989608293558119e-01, 2.9724904860703259e-02,
       1.6093468282255385e-02, -9.9980516567096722e-01,
       -1.1429390897949254e-02, 3.1242676732556453e-02, 0., 0., 0., 1. ]
Hobj2base2: !!opencv-matrix
   rows: 4
   cols: 4
   dt: d
   data: [ 9.9984684974634808e-01, 1.5138126153473387e-02,
       8.7814684913797465e-03, -7.3180492404941344e-01,
       1.5207000515320838e-02, -9.9985370743349633e-01,
       -7.8301255941181872e-03, 7.7464947871271991e-02,
       8.6616503987751690e-03, 7.9624662042710060e-03,
       -9.9993078507680511e-01, -2.0894066566393768e-03, 0., 0., 0., 1. ]
mean-rme2: 1.7403369762988888e-03
max-rme2: 6.0960812486502841e-03
Hcamera2end3: !!opencv-matrix
   rows: 4
   cols: 4
   dt: d
   data: [ 9.9985881344953065e-01, 1.5155250795573246e-02,
       -7.2575161467180287e-03, -1.9035350774531418e-02,
       7.3756784190342466e-03, -7.7555038782979313e-03,
       9.9994272412346330e-01, 3.0407657838201058e-02,
       1.5098097070677115e-02, -9.9985507476479651e-01,
       -7.8661891616862434e-03, 3.1356683017668259e-02, 0., 0., 0., 1. ]
Hobj2base3: !!opencv-matrix
   rows: 4
   cols: 4
   dt: d
   data: [ 9.9987847805568664e-01, 1.4761673440734834e-02,
       5.0121969507327252e-03, -7.3301035667645265e-01,
       1.4792635063689177e-02, -9.9987137669616222e-01,
       -6.1974197529224518e-03, 8.0689821310819893e-02,
       4.9200679788336359e-03, 6.2708102307838754e-03,
       -9.9996823443054095e-01, -1.7125685372346834e-03, 0., 0., 0., 1. ]
mean-rme3: 1.9657222368309035e-03
max-rme3: 6.3118897237570970e-03
Hcamera2end4: !!opencv-matrix
   rows: 4
   cols: 4
   dt: d
   data: [ 9.9985773273103795e-01, 1.4278801354050628e-02,
       -8.9794281465977888e-03, -1.8682716190475877e-02,
       9.0884295516630974e-03, -7.5873140625497548e-03,
       9.9992991410078380e-01, 2.9597548090004738e-02,
       1.4209670869967663e-02, -9.9986926570287582e-01,
       -7.7160065162877878e-03, 3.1338962149370507e-02, 0., 0., 0., 1. ]
Hobj2base4: !!opencv-matrix
   rows: 4
   cols: 4
   dt: d
   data: [ 9.9989018892515813e-01, 1.3934016623031646e-02,
       5.0451235822884894e-03, -7.3288821905376544e-01,
       1.3973059652366367e-02, -9.9987204186397349e-01,
       -7.7880358704891838e-03, 8.0942245654660488e-02,
       4.9359593963987135e-03, 7.8576764706682154e-03,
       -9.9995694568582283e-01, -1.2494527344209694e-03, 0., 0., 0., 1. ]
mean-rme4: 1.8959741950569679e-03
max-rme4: 5.9299698351658880e-03
Hcamera2end5: !!opencv-matrix
   rows: 4
   cols: 4
   dt: d
   data: [ 9.9988046867664526e-01, 1.5121650170021596e-02,
       -3.2224300004371825e-03, -1.8551676773688023e-02,
       3.3471377624017893e-03, -8.2289187909703188e-03,
       9.9996054000361989e-01, 3.0581538805698298e-02,
       1.5094536354977442e-02, -9.9985179931411194e-01,
       -8.2785494237314072e-03, 3.0934230484156333e-02, 0., 0., 0., 1. ]
Hobj2base5: !!opencv-matrix
   rows: 4
   cols: 4
   dt: d
   data: [ 9.9987439404597134e-01, 1.4775658543932936e-02,
       5.7337636675054600e-03, -7.3236330098388824e-01,
       1.4788848051731083e-02, -9.9988807410637959e-01,
       -2.2647810354623535e-03, 8.2947112005341384e-02,
       5.6996582796263982e-03, 2.3492923251230030e-03,
       -9.9998099717998001e-01, -2.5279273232259969e-03, 0., 0., 0., 1. ]
mean-rme5: 1.9854290260453325e-03
max-rme5: 6.7474083467647383e-03
Hcamera2end6: !!opencv-matrix
   rows: 4
   cols: 4
   dt: d
   data: [ 9.9988504440570958e-01, 1.4075431130036203e-02,
       -5.6373941050573695e-03, -1.6617626158550676e-02,
       5.7332575149574259e-03, -6.7796540224451807e-03,
       9.9996058224792184e-01, 2.8761937779702162e-02,
       1.4036656726561066e-02, -9.9987795181704020e-01,
       -6.8595727345905910e-03, 3.0758273859126956e-02, 0., 0., 0., 1. ]
Hobj2base6: !!opencv-matrix
   rows: 4
   cols: 4
   dt: d
   data: [ 9.9989916014183255e-01, 1.3173439432549909e-02,
       5.3037761241297044e-03, -7.3244145541530992e-01,
       1.3197100273931997e-02, -9.9990300730771375e-01,
       -4.4511258520273265e-03, 8.4568959615906339e-02,
       5.2446250597858006e-03, 4.5206714664683479e-03,
       -9.9997602843141942e-01, -1.2713984857044742e-03, 0., 0., 0., 1. ]
mean-rme6: 2.0089819133534592e-03
max-rme6: 6.6400416510124655e-03
Hcamera2end7: !!opencv-matrix
   rows: 4
   cols: 4
   dt: d
   data: [ 9.9993135353825979e-01, 1.0857613509656996e-02,
       -4.4045930593625011e-03, -1.6866544197842857e-02,
       4.4586960583680238e-03, -4.9637953032466431e-03,
       9.9997774013507235e-01, 2.9185488137027760e-02,
       1.0835508322306059e-02, -9.9992873394310566e-01,
       -5.0118653548210101e-03, 3.0865949744190376e-02, 0., 0., 0., 1. ]
Hobj2base7: !!opencv-matrix
   rows: 4
   cols: 4
   dt: d
   data: [ 9.9994524374809080e-01, 9.6546510357643639e-03,
       4.0369814154763732e-03, -7.3257866398474747e-01,
       9.6681851074948179e-03, -9.9994766201120244e-01,
       -3.3465557005444564e-03, 8.4968718443879876e-02,
       4.0044603005277698e-03, 3.3854027392978309e-03,
       -9.9998625157848742e-01, -1.2908565166912522e-03, 0., 0., 0., 1. ]
mean-rme7: 2.0719659580824734e-03
max-rme7: 7.4055770829642292e-03
Hcamera2end8: !!opencv-matrix
   rows: 4
   cols: 4
   dt: d
   data: [ 9.9992853108016932e-01, 1.1170037687449579e-02,
       -4.2618059453424289e-03, -1.6483098958463636e-02,
       4.3033244456212438e-03, -3.6955569372842945e-03,
       9.9998391199940773e-01, 2.9277922665901804e-02,
       1.1154108237349976e-02, -9.9993078416307613e-01,
       -3.7433611160606617e-03, 3.0942607863493701e-02, 0., 0., 0., 1. ]
