%YAML:1.0
---
Hcamera2end0: !!opencv-matrix
   rows: 4
   cols: 4
   dt: d
   data: [ 9.9987957663410243e-01, -1.3989150851240788e-02,
       -6.7183248261305532e-03, -1.3233867841337869e-02,
       6.7497137620196983e-03, 2.1978016983495996e-03,
       9.9997480519852366e-01, 3.0957279401760653e-02,
       -1.3974032851649335e-02, -9.9989973163620560e-01,
       2.2919597956910787e-03, 3.5258414135634415e-02, 0., 0., 0., 1. ]
Hobj2base0: !!opencv-matrix
   rows: 4
   cols: 4
   dt: d
   data: [ 9.9995696212447938e-01, -9.1095042965120970e-03,
       -1.7580757248419972e-03, -7.3721309999396134e-01,
       -9.1245111535416534e-03, -9.9992030086350736e-01,
       -8.7255496813302066e-03, 8.8176294645043354e-02,
       -1.6784501754133316e-03, 8.7412157337692642e-03,
       -9.9996038619162508e-01, -9.4291447878515810e-04, 0., 0., 0., 1. ]
mean-rme0: 9.4363894611493272e-04
max-rme0: 3.3024697791418922e-03
Hcamera2end1: !!opencv-matrix
   rows: 4
   cols: 4
   dt: d
   data: [ 9.9986417285349305e-01, -1.3500367715631251e-02,
       -9.4538836222461953e-03, -1.2613085541764810e-02,
       9.4631011904607147e-03, 6.1904552124425472e-04,
       9.9995503223820115e-01, 3.0236648815941115e-02,
       -1.3493908249996901e-02, -9.9990867425689700e-01,
       7.4671678385895834e-04, 3.4904098994641308e-02, 0., 0., 0., 1. ]
Hobj2base1: !!opencv-matrix
   rows: 4
   cols: 4
   dt: d
   data: [ 9.9995321976423901e-01, -9.6715393170827783e-03,
       1.4003702948868127e-04, -7.3627863755323975e-01,
       -9.6695345227473511e-03, -9.9989805852828728e-01,
       -1.0505839018151244e-02, 8.8263769504252770e-02,
       2.4163038903079299e-04, 1.0503993459634004e-02,
       -9.9994480234468708e-01, -1.1702987235041595e-03, 0., 0., 0., 1. ]
mean-rme1: 1.0290218759772417e-03
max-rme1: 3.0916976307382160e-03
Hcamera2end2: !!opencv-matrix
   rows: 4
   cols: 4
   dt: d
   data: [ 9.9975631246289232e-01, -1.9338611938377843e-02,
       -1.0645833875106505e-02, -1.4887701884469891e-02,
       1.0810816044127862e-02, 8.4468134404093176e-03,
       9.9990588437070593e-01, 2.9989207041708033e-02,
       -1.9246868500084963e-02, -9.9977730992006431e-01,
       8.6538212334602571e-03, 3.5399430707824996e-02, 0., 0., 0., 1. ]
Hobj2base2: !!opencv-matrix
   rows: 4
   cols: 4
   dt: d
   data: [ 9.9985981352142927e-01, -1.4875250762594387e-02,
       -7.6863658280531665e-03, -7.3831007415721406e-01,
       -1.4964298321418604e-02, -9.9982003518615037e-01,
       -1.1660489531424453e-02, 8.6490233365707325e-02,
       -7.5115298468631953e-03, 1.1773875959717177e-02,
       -9.9990247162623058e-01, 7.3575845119694394e-04, 0., 0., 0., 1. ]
mean-rme2: 1.2070097825401416e-03
max-rme2: 3.7698361711826500e-03
Hcamera2end3: !!opencv-matrix
   rows: 4
   cols: 4
   dt: d
   data: [ 9.9974889910310671e-01, -1.9706694299147808e-02,
       -1.0667002480830558e-02, -1.4684852496822803e-02,
       1.0790834673801410e-02, 6.1881468072444434e-03,
       9.9992262936996013e-01, 3.0116056589746844e-02,
       -1.9639160602449260e-02, -9.9978665376113707e-01,
       6.3992446381802015e-03, 3.5404574573446645e-02, 0., 0., 0., 1. ]
Hobj2base3: !!opencv-matrix
   rows: 4
   cols: 4
   dt: d
   data: [ 9.9986347239555551e-01, -1.5764797539776696e-02,
       -4.9505280154885237e-03, -7.3767794291006206e-01,
       -1.5821756014129610e-02, -9.9980654478944531e-01,
       -1.1685248513415316e-02, 8.6836562042366408e-02,
       -4.7653547330329610e-03, 1.1761979200830611e-02,
       -9.9991947037726381e-01, 1.9179315159381340e-04, 0., 0., 0., 1. ]
mean-rme3: 1.1471978557527278e-03
max-rme3: 3.7592018632198188e-03
Hcamera2end4: !!opencv-matrix
   rows: 4
   cols: 4
   dt: d
   data: [ 9.9979223181893884e-01, -1.7906013503388260e-02,
       -9.7400141130137702e-03, -1.4758630312420785e-02,
       9.9097678694541995e-03, 9.4161051440724286e-03,
       9.9990656236704900e-01, 3.0251260406318582e-02,
       -1.7812627410878027e-02, -9.9979533487826011e-01,
       9.5915932143199045e-03, 3.5436597703047870e-02, 0., 0., 0., 1. ]
Hobj2base4: !!opencv-matrix
   rows: 4
   cols: 4
   dt: d
   data: [ 9.9986238051213916e-01, -1.4567649679153034e-02,
       -7.9374819321751423e-03, -7.3876835023310738e-01,
       -1.4657101603689809e-02, -9.9982838088692949e-01,
       -1.1330408006782394e-02, 8.6787739763019997e-02,
       -7.7710622940012526e-03, 1.1445189200992589e-02,
       -9.9990430453867751e-01, 6.9612899957712806e-04, 0., 0., 0., 1. ]
mean-rme4: 1.2241843297795068e-03
max-rme4: 3.8216910731522780e-03
Hcamera2end5: !!opencv-matrix
   rows: 4
   cols: 4
   dt: d
   data: [ 9.9980171457857403e-01, -1.6617995507928487e-02,
       -1.0971497210588507e-02, -1.4421925506980012e-02,
       1.1100573093493181e-02, 7.6950101585403496e-03,
       9.9990877788709087e-01, 2.9986252558219149e-02,
       -1.6532053796776067e-02, -9.9983230046041116e-01,
       7.8779536240113357e-03, 3.5172143092778739e-02, 0., 0., 0., 1. ]
Hobj2base5: !!opencv-matrix
   rows: 4
   cols: 4
   dt: d
   data: [ 9.9989058512572360e-01, -1.3517681271545332e-02,
       -6.0075011426550971e-03, -7.3814368045960554e-01,
       -1.3592438775506085e-02, -9.9982844868342835e-01,
       -1.2582480336698785e-02, 8.6600735499487741e-02,
       -5.8363845891277874e-03, 1.2662760217669983e-02,
       -9.9990279083448796e-01, 2.4688399300841366e-04, 0., 0., 0., 1. ]
mean-rme5: 1.2702300644009622e-03
max-rme5: 3.6514084565217875e-03
Hcamera2end6: !!opencv-matrix
   rows: 4
   cols: 4
   dt: d
   data: [ 9.9983282688933639e-01, -1.6005264995736380e-02,
       -8.8402356809436800e-03, -1.4648595204193317e-02,
       8.9561497810626313e-03, 7.1851127417235094e-03,
       9.9993407859517813e-01, 3.0001150970790019e-02,
       -1.5940691816152330e-02, -9.9984609097965926e-01,
       7.3272571346634230e-03, 3.4916094671914283e-02, 0., 0., 0., 1. ]
Hobj2base6: !!opencv-matrix
   rows: 4
   cols: 4
   dt: d
   data: [ 9.9989732304889856e-01, -1.3217207773592395e-02,
       -5.5361338780959037e-03, -7.3772276336413212e-01,
       -1.3276884168551250e-02, -9.9985260881879312e-01,
       -1.0885080846171980e-02, 8.6905101897718176e-02,
       -5.3914475256080872e-03, 1.0957465807499274e-02,
       -9.9992543033801051e-01, 1.3220268033159455e-05, 0., 0., 0., 1. ]
mean-rme6: 1.3812846290848959e-03
max-rme6: 4.1241002024596796e-03
Hcamera2end7: !!opencv-matrix
   rows: 4
   cols: 4
   dt: d
   data: [ 9.9988473883832185e-01, -1.2780347836937595e-02,
       -8.1958371987075236e-03, -1.4364211643481823e-02,
       8.2695089200823992e-03, 5.7223011512813615e-03,
       9.9994943396741565e-01, 3.0251258437211725e-02,
       -1.2732802536814553e-02, -9.9990195418285943e-01,
       5.8273287926424722e-03, 3.4885198735911255e-02, 0., 0., 0., 1. ]
Hobj2base7: !!opencv-matrix
   rows: 4
   cols: 4
   dt: d
   data: [ 9.9994285901884261e-01, -9.9490583289325550e-03,
       -3.9108740187517067e-03, -7.3775821592152147e-01,
       -9.9862531918766158e-03, -9.9990396608293164e-01,
       -9.6090248626975808e-03, 8.6952708506040477e-02,
       -3.8148976933573826e-03, 9.6475307717417483e-03,
       -9.9994618440473992e-01, -3.1468084018793085e-04, 0., 0., 0., 1. ]
mean-rme7: 1.3529178618212467e-03
max-rme7: 4.2740818571399553e-03
Hcamera2end8: !!opencv-matrix
   rows: 4
   cols: 4
   dt: d
   data: [ 9.9990374170518603e-01, -1.1950884913937426e-02,
       -7.0486646779682263e-03, -1.4453289719652618e-02,
       7.1173263154792072e-03, 5.7125545680462020e-03,
       9.9995835432603197e-01, 3.0410382555034268e-02,
       -1.1910121329675918e-02, -9.9991226768656105e-01,
       5.7970630349757357e-03, 3.4799895263684405e-02, 0., 0., 0., 1. ]
Hobj2base8: !!opencv-matrix
   rows: 4
   cols: 4
   dt: d
   data: [ 9.9994857840367546e-01, -9.2253244180143922e-03,
       -4.2111682287639110e-03, -7.3765276277923164e-01,
       -9.2605605825665360e-03, -9.9992161969535265e-01,
       -8.4259411058723623e-03, 8.6892000005406630e-02,
       -4.1331061158864620e-03, 8.4645056090360098e-03,
       -9.9995563380513519e-01, -4.5386489774692666e-04, 0., 0., 0., 1. ]
mean-rme8: 1.4648611196700651e-03
max-rme8: 4.2394553900603205e-03
Hcamera2end9: !!opencv-matrix
   rows: 4
   cols: 4
   dt: d
   data: [ 9.9993117041127810e-01, -9.9766346611245924e-03,
       -6.1742368572859875e-03, -1.4610504419217248e-02,
       6.2404968408112851e-03, 6.6240914652456739e-03,
       9.9995858794824111e-01, 3.0623244379665869e-02,
       -9.9353227985428706e-03, -9.9992829151549611e-01,
       6.6858946888391779e-03, 3.4857341644398007e-02, 0., 0., 0., 1. ]
Hobj2base9: !!opencv-matrix
   rows: 4
   cols: 4
   dt: d
   data: [ 9.9995968589360940e-01, -7.3245758876554871e-03,
       -5.1939556813610371e-03, -7.3810076246718037e-01,
       -7.3649822515115988e-03, -9.9994242940737799e-01,
       -7.8035189052656122e-03, 8.6532451418422016e-02,
       -5.1364991958420397e-03, 7.8414577047826069e-03,
       -9.9995606299330686e-01, -3.8524875307449635e-04, 0., 0., 0., 1. ]
mean-rme9: 1.5651731901864276e-03
max-rme9: 4.1585214066625076e-03
Hcamera2end10: !!opencv-matrix
   rows: 4
   cols: 4
   dt: d
   data: [ 9.9991529810835345e-01, -1.1464561670942239e-02,
       -6.1612039875150381e-03, -1.4501027654614789e-02,
       6.2469635429047519e-03, 7.4596901674085503e-03,
       9.9995266311415976e-01, 3.0610830987681987e-02,
       -1.1418058301490144e-02, -9.9990645404872747e-01,
       7.5306770163340309e-03, 3.4825790891343640e-02, 0., 0., 0., 1. ]
Hobj2base10: !!opencv-matrix
   rows: 4
   cols: 4
   dt: d
   data: [ 9.9994388124389288e-01, -8.9765183586818613e-03,
       -5.6264092506347549e-03, -7.3801969550841617e-01,
       -9.0220852654899833e-03, -9.9992627922388300e-01,
       -8.1263826481526580e-03, 8.6769460092730580e-02,
       -5.5530478443472277e-03, 8.1766885496645618e-03,
       -9.9995115151891345e-01, -4.2695303563676512e-04, 0., 0., 0., 1. ]
mean-rme10: 1.6268124224476713e-03
max-rme10: 3.8498049704956405e-03
Hcamera2end11: !!opencv-matrix
   rows: 4
   cols: 4
   dt: d
   data: [ 9.9991910171597054e-01, -9.3981027345306847e-03,
       -8.5712127798661091e-03, -1.4214158468548168e-02,
       8.6366992063842268e-03, 6.9497445487907150e-03,
       9.9993855235085594e-01, 2.8425181012589243e-02,
       -9.3379575039178302e-03, -9.9993168602444937e-01,
       7.0303509128111230e-03, 3.4775591363757762e-02, 0., 0., 0., 1. ]
Hobj2base11: !!opencv-matrix
   rows: 4
   cols: 4
   dt: d
   data: [ 9.9995756500968913e-01, -7.0760118034383533e-03,
       -5.8990030387282878e-03, -7.3799290397812745e-01,
       -7.1355801192364383e-03, -9.9992314018816320e-01,
       -1.0138896024966926e-02, 8.6203949503520477e-02,
       -5.8268066945182054e-03, 1.0180558589818808e-02,
       -9.9993119990854584e-01, 1.5761708126287397e-03, 0., 0., 0., 1. ]
mean-rme11: 1.7584484690779264e-03
max-rme11: 6.0504532658947896e-03
Hcamera2end12: !!opencv-matrix
   rows: 4
   cols: 4
   dt: d
   data: [ 9.9990330603055588e-01, -1.0551247685197374e-02,
       -9.0581323378521490e-03, -1.4066693888180670e-02,
       9.1479540967387800e-03, 8.4959776967012957e-03,
       9.9992206361237024e-01, 2.8390727726283441e-02,
       -1.0473467668751645e-02, -9.9990824055773375e-01,
       8.5916785163809850e-03, 3.4621784198988557e-02, 0., 0., 0., 1. ]
Hobj2base12: !!opencv-matrix
   rows: 4
   cols: 4
   dt: d
   data: [ 9.9994122155371856e-01, -8.0860848139781023e-03,
       -7.2227882454295603e-03, -7.3828756425029318e-01,
       -8.1643659160204867e-03, -9.9990753283817968e-01,
       -1.0875150695668750e-02, 8.6309390159090046e-02,
       -7.1341829838101082e-03, 1.0933480957377400e-02,
       -9.9991477758222369e-01, 1.6681458628079366e-03, 0., 0., 0., 1. ]
mean-rme12: 1.7315943141156442e-03
max-rme12: 5.8578795852035903e-03
Hcamera2end13: !!opencv-matrix
   rows: 4
   cols: 4
   dt: d
   data: [ 9.9990447125054971e-01, -9.6568495955864971e-03,
       -9.8890661362337762e-03, -1.3127165653719422e-02,
       9.9414975452196842e-03, 5.3966272642858026e-03,
       9.9993601947361033e-01, 2.8813981730511723e-02,
       -9.6028641413369829e-03, -9.9993880896285769e-01,
       5.4921152777810400e-03, 3.4839553794681420e-02, 0., 0., 0., 1. ]
Hobj2base13: !!opencv-matrix
   rows: 4
   cols: 4
   dt: d
   data: [ 9.9996361810701007e-01, -7.5018514371507413e-03,
       -4.0601339082127451e-03, -7.3738791765279355e-01,
       -7.5476769870348823e-03, -9.9990662766542981e-01,
       -1.1391598783577676e-02, 8.6878820332067994e-02,
       -3.9742967223250422e-03, 1.1421828914913045e-02,
       -9.9992687072095454e-01, 7.0115133542825170e-04, 0., 0., 0., 1. ]
mean-rme13: 1.7400970836812344e-03
max-rme13: 6.1316509703896738e-03
Hcamera2end14: !!opencv-matrix
   rows: 4
   cols: 4
   dt: d
   data: [ 9.9990962396915262e-01, -9.4226803078541442e-03,
       -9.5894207167991977e-03, -1.3862255524665129e-02,
       9.6372072469877064e-03, 5.0391862228322815e-03,
       9.9994086367079238e-01, 2.9291079645690454e-02,
       -9.3738002083684040e-03, -9.9994290821927800e-01,
       5.1295391241316102e-03, 3.4829671873307287e-02, 0., 0., 0., 1. ]
Hobj2base14: !!opencv-matrix
   rows: 4
   cols: 4
   dt: d
   data: [ 9.9996494526494339e-01, -7.6240539664940129e-03,
       -3.4615086876599505e-03, -7.3712244873728561e-01,
       -7.6614137011667286e-03, -9.9991112164689500e-01,
       -1.0911074509341475e-02, 8.6397857619685950e-02,
       -3.3780144135768749e-03, 1.0937212074601712e-02,
       -9.9993448105896277e-01, 9.1059698917675400e-05, 0., 0., 0., 1. ]
mean-rme14: 1.7807816840939121e-03
max-rme14: 6.3480744491359042e-03
Hcamera2end15: !!opencv-matrix
   rows: 4
   cols: 4
   dt: d
   data: [ 9.9990230103055122e-01, -9.9522413626802111e-03,
       -9.8153596810215526e-03, -1.2674075744195858e-02,
       9.8721364593582165e-03, 5.6719367634932016e-03,
       9.9993518292691330e-01, 2.8968371231877045e-02,
       -9.8959241881027265e-03, -9.9993438886019448e-01,
       5.7696325059255482e-03, 3.4564989012729107e-02, 0., 0., 0., 1. ]
Hobj2base15: !!opencv-matrix
   rows: 4
   cols: 4
   dt: d
   data: [ 9.9996028272473769e-01, -7.9675804206679485e-03,
       -3.9938246459725020e-03, -7.3703655045856620e-01,
       -8.0109751079042602e-03, -9.9990773921273468e-01,
       -1.0969837751695679e-02, 8.7599909507253049e-02,
       -3.9060531080781498e-03, 1.1001396489454333e-02,
       -9.9993185369023974e-01, 2.2464181112794685e-04, 0., 0., 0., 1. ]
mean-rme15: 1.8032112532109540e-03
max-rme15: 5.9231458279322691e-03
Hcamera2end16: !!opencv-matrix
   rows: 4
   cols: 4
   dt: d
   data: [ 9.9993579566481861e-01, -7.7581485258295261e-03,
       -8.2592783956759817e-03, -1.3127799291090123e-02,
       8.3134604961551586e-03, 6.9778040283542397e-03,
       9.9994109657795383e-01, 2.9334366267266234e-02,
       -7.7000599182719658e-03, -9.9994555920929673e-01,
       7.0418530843783245e-03, 3.6382254216517633e-02, 0., 0., 0., 1. ]
Hobj2base16: !!opencv-matrix
   rows: 4
   cols: 4
   dt: d
   data: [ 9.9996805451078807e-01, -6.0297018255931400e-03,
       -5.2471567352284330e-03, -7.3966691858957612e-01,
       -6.0783916774440555e-03, -9.9993815547133380e-01,
       -9.3133445765902975e-03, 8.7437272622227322e-02,
       -5.1906755364974598e-03, 9.3449413310712562e-03,
       -9.9994286284716982e-01, 2.5603555995207250e-04, 0., 0., 0., 1. ]
mean-rme16: 1.8005507721408744e-03
max-rme16: 6.0506891999626833e-03
Hcamera2end17: !!opencv-matrix
   rows: 4
   cols: 4
   dt: d
   data: [ 9.9993652796296761e-01, -7.6334092589586035e-03,
       -8.2868032708965558e-03, -1.2988086288704860e-02,
       8.3435076686389342e-03, 7.4268011760860730e-03,
       9.9993761230592493e-01, 2.9396782213077396e-02,
       -7.5713885878787180e-03, -9.9994328523540577e-01,
       7.4900191905767910e-03, 3.6383142738688028e-02, 0., 0., 0., 1. ]
Hobj2base17: !!opencv-matrix
   rows: 4
   cols: 4
   dt: d
   data: [ 9.9996663595940793e-01, -6.1934522792572366e-03,
       -5.3261728182088276e-03, -7.3977057863013862e-01,
       -6.2437558354467388e-03, -9.9993556658941629e-01,
       -9.4804104642218587e-03, 8.7600905386152755e-02,
       -5.2671131649308645e-03, 9.5133494820365903e-03,
       -9.9994087510239349e-01, 2.3690494353463120e-04, 0., 0., 0., 1. ]
mean-rme17: 1.7681622686323648e-03
max-rme17: 5.9463644706454211e-03
Hcamera2end18: !!opencv-matrix
   rows: 4
   cols: 4
   dt: d
   data: [ 9.9993861208552326e-01, -7.0627495979156971e-03,
       -8.5375423041130858e-03, -1.2894993869391037e-02,
       8.5883073987119574e-03, 7.1888948900747929e-03,
       9.9993727841614366e-01, 3.0001895788442375e-02,
       -7.0009311168307015e-03, -9.9994921738975140e-01,
       7.2491106434371400e-03, 3.6430229434733903e-02, 0., 0., 0., 1. ]
Hobj2base18: !!opencv-matrix
   rows: 4
   cols: 4
   dt: d
   data: [ 9.9997189978276979e-01, -5.8056256420355862e-03,
       -4.7428214959806536e-03, -7.3976311776671455e-01,
       -5.8501866406321691e-03, -9.9993836436925965e-01,
       -9.4362481314887482e-03, 8.7664456059831863e-02,
       -4.6877458450694798e-03, 9.4637293618211049e-03,
       -9.9994422987757581e-01, -4.5359993976776491e-04, 0., 0., 0., 1. ]
mean-rme18: 1.7679045939831604e-03
max-rme18: 6.0779184212010062e-03
Hcamera2end19: !!opencv-matrix
   rows: 4
   cols: 4
   dt: d
   data: [ 9.9993747189338167e-01, -7.3440259679180024e-03,
       -8.4331243353273355e-03, -1.2674947556645187e-02,
       8.4853289978793663e-03, 7.1065450879589376e-03,
       9.9993874622834311e-01, 2.9824640727225776e-02,
       -7.2836457403069521e-03, -9.9994777978627236e-01,
       7.1684172056567519e-03, 3.6487660647444693e-02, 0., 0., 0., 1. ]
Hobj2base19: !!opencv-matrix
   rows: 4
   cols: 4
   dt: d
   data: [ 9.9997289033165604e-01, -5.9356850824138019e-03,
       -4.3573207772855003e-03, -7.3981213328117590e-01,
       -5.9762123036746244e-03, -9.9993845163296813e-01,
       -9.3476110511954702e-03, 8.7901842893834667e-02,
       -4.3015681158342358e-03, 9.3733979146003350e-03,
       -9.9994681654740036e-01, -2.7335220350285019e-04, 0., 0., 0., 1. ]
mean-rme19: 1.7651175221294485e-03
max-rme19: 6.0502931132525306e-03
Hcamera2end20: !!opencv-matrix
   rows: 4
   cols: 4
   dt: d
   data: [ 9.9995163289227773e-01, -6.3074466226975944e-03,
       -7.5463894127782297e-03, -1.2378217300832715e-02,
       7.5856860991315722e-03, 6.2296762435497532e-03,
       9.9995182308964559e-01, 3.0489009114854946e-02,
       -6.2601311865577288e-03, -9.9996070285336836e-01,
       6.2772212422946838e-03, 3.6636970356021835e-02, 0., 0., 0., 1. ]
Hobj2base20: !!opencv-matrix
   rows: 4
   cols: 4
   dt: d
   data: [ 9.9998084351662386e-01, -5.1539252571857746e-03,
       -3.4277768633380590e-03, -7.3972932238959987e-01,
       -5.1822609109482727e-03, -9.9995204602472776e-01,
       -8.3096223025748411e-03, 8.8622984642552041e-02,
       -3.3847853155482012e-03, 8.3272267534836696e-03,
       -9.9995959944537938e-01, -8.4669040602516898e-04, 0., 0., 0., 1. ]
mean-rme20: 1.8248541591626335e-03
max-rme20: 6.7581518791220430e-03
Hcamera2end21: !!opencv-matrix
   rows: 4
   cols: 4
   dt: d
   data: [ 9.9995770256962746e-01, -5.4990793723368771e-03,
       -7.3724621212439834e-03, -1.2544835165234074e-02,
       7.4074095525520495e-03, 6.3620816456472218e-03,
       9.9995232596402062e-01, 3.0453667471713231e-02,
       -5.4519130030842300e-03, -9.9996464139648000e-01,
       6.4025464790147257e-03, 3.6550269561901966e-02, 0., 0., 0., 1. ]
Hobj2base21: !!opencv-matrix
   rows: 4
   cols: 4
   dt: d
   data: [ 9.9998322534292472e-01, -4.5372782646969124e-03,
       -3.6002970308071404e-03, -7.3972281177960908e-01,
       -4.5654746939048692e-03, -9.9995866781449161e-01,
       -7.8625125427978938e-03, 8.8432083706295350e-02,
       -3.5644738153960357e-03, 7.8788177168309294e-03,
       -9.9996260867984632e-01, -7.5754568191413159e-04, 0., 0., 0., 1. ]
mean-rme21: 1.7976849606306862e-03
max-rme21: 6.7601366647727090e-03
Hcamera2end22: !!opencv-matrix
   rows: 4
   cols: 4
   dt: d
   data: [ 9.9995506010151569e-01, -5.9765072609038817e-03,
       -7.3592892547139580e-03, -1.2552928333773626e-02,
       7.3931454763008385e-03, 5.6626882004002788e-03,
       9.9995663674096957e-01, 3.0448107483142726e-02,
       -5.9345747396454280e-03, -9.9996610708728806e-01,
       5.7066189073874396e-03, 3.6610380353380219e-02, 0., 0., 0., 1. ]
Hobj2base22: !!opencv-matrix
   rows: 4
   cols: 4
   dt: d
   data: [ 9.9998169361156031e-01, -5.0952864278078934e-03,
       -3.2635100695760973e-03, -7.3948595462572264e-01,
       -5.1214513413348874e-03, -9.9995440353087184e-01,
       -8.0598756427569893e-03, 8.8530886008429302e-02,
       -3.2222938900676014e-03, 8.0764420035659857e-03,
       -9.9996219323864888e-01, -8.8043259762701580e-04, 0., 0., 0., 1. ]
mean-rme22: 1.7893601762174734e-03
max-rme22: 6.6703365809187287e-03
Hcamera2end23: !!opencv-matrix
   rows: 4
   cols: 4
   dt: d
   data: [ 9.9995063592998679e-01, -5.9160106034517350e-03,
       -7.9828893111991601e-03, -1.2905831186787977e-02,
       8.0176549221749535e-03, 5.8762987928213661e-03,
       9.9995059194044500e-01, 2.9635140152692190e-02,
       -5.8688084620248859e-03, -9.9996523436119378e-01,
       5.9234412463307073e-03, 3.6835053501047113e-02, 0., 0., 0., 1. ]
Hobj2base23: !!opencv-matrix
   rows: 4
   cols: 4
   dt: d
   data: [ 9.9998073309837088e-01, -5.0972527421596411e-03,
       -3.5428020728429915e-03, -7.3973917787877919e-01,
       -5.1277036375478452e-03, -9.9994952833349227e-01,
       -8.6398750587207140e-03, 8.8158342738480069e-02,
       -3.4985836348832896e-03, 8.6578750341738987e-03,
       -9.9995639960572325e-01, 5.1741957343520333e-05, 0., 0., 0., 1. ]
mean-rme23: 1.8543629714012550e-03
max-rme23: 6.8680203837734599e-03
Hcamera2end24: !!opencv-matrix
   rows: 4
   cols: 4
   dt: d
   data: [ 9.9995266427488416e-01, -5.6321341714955465e-03,
       -7.9339948471862098e-03, -1.2917161254390429e-02,
       7.9685829453093882e-03, 6.1455625082237342e-03,
       9.9994936559172898e-01, 2.9693483060293114e-02,
       -5.5830901304411620e-03, -9.9996525495945698e-01,
       6.1901517318708743e-03, 3.6885607839149966e-02, 0., 0., 0., 1. ]
Hobj2base24: !!opencv-matrix
   rows: 4
   cols: 4
   dt: d
   data: [ 9.9998098708434724e-01, -4.8348836990998040e-03,
       -3.8274494680819874e-03, -7.3986131947874845e-01,
       -4.8679023293301781e-03, -9.9995060937349112e-01,
       -8.6650066645022287e-03, 8.8053921417023631e-02,
       -3.7853661284800348e-03, 8.6834735676424562e-03,
       -9.9995513313851925e-01, 1.0013633431497267e-04, 0., 0., 0., 1. ]
mean-rme24: 1.8566189111341132e-03
max-rme24: 6.9326983947702314e-03
