%YAML:1.0
---
Hcamera2end0: !!opencv-matrix
   rows: 4
   cols: 4
   dt: d
   data: [ 9.9993929688409977e-01, -2.4757570641778491e-03,
       -1.0736534538259693e-02, -1.5495005066091836e-02,
       1.0724414432288356e-02, -4.8578990782981446e-03,
       9.9993069147397884e-01, 2.7944662299415855e-02,
       -2.5277424743424719e-03, -9.9998513561127711e-01,
       -4.8310531438973126e-03, 3.2916098586040776e-02, 0., 0., 0., 1. ]
Hobj2base0: !!opencv-matrix
   rows: 4
   cols: 4
   dt: d
   data: [ 9.9997767743173116e-01, -3.0107290200197794e-03,
       5.9649098072583374e-03, -7.3270955061341991e-01,
       -2.9508141824228697e-03, -9.9994536429769498e-01,
       -1.0028016514298351e-02, 8.7520614453148113e-02,
       5.9947755505546669e-03, 1.0010191322758977e-02,
       -9.9993192705092704e-01, -1.4213638314661732e-03, 0., 0., 0., 1. ]
mean-rme0: 1.1051616741100145e-03
max-rme0: 3.3640568694566775e-03
Hcamera2end1: !!opencv-matrix
   rows: 4
   cols: 4
   dt: d
   data: [ 9.9995701795718883e-01, -3.9356270548121432e-03,
       -8.3948244681939909e-03, -1.5647499708961895e-02,
       8.3902321115398616e-03, -1.1819300647015751e-03,
       9.9996410287891657e-01, 2.8327060060823913e-02,
       -3.9454078725580707e-03, -9.9999155690486075e-01,
       -1.1488584384387046e-03, 3.2993186625435135e-02, 0., 0., 0., 1. ]
Hobj2base1: !!opencv-matrix
   rows: 4
   cols: 4
   dt: d
   data: [ 9.9999064686370209e-01, -3.6998915609729004e-03,
       2.2398632886335853e-03, -7.3362990307143916e-01,
       -3.6831519895095255e-03, -9.9996559903752202e-01,
       -7.4320342405060367e-03, 8.8143386647212996e-02,
       2.2672839559479472e-03, 7.4237149707490546e-03,
       -9.9996987348594479e-01, -9.4397681045037859e-04, 0., 0., 0., 1. ]
mean-rme1: 1.0680945273348636e-03
max-rme1: 3.2373465028471271e-03
Hcamera2end2: !!opencv-matrix
   rows: 4
   cols: 4
   dt: d
   data: [ 9.9998253796992254e-01, -5.9068509923613432e-03,
       1.8129144097978360e-04, -1.7456711697631674e-02,
       -1.8061635132970034e-04, 1.1482250474204037e-04,
       9.9999997709676280e-01, 3.0382079627855399e-02,
       -5.9068716734126756e-03, -9.9998254781128393e-01,
       1.1375362583387894e-04, 3.3050024677216100e-02, 0., 0., 0., 1. ]
Hobj2base2: !!opencv-matrix
   rows: 4
   cols: 4
   dt: d
   data: [ 9.9998119891483972e-01, -5.9061404306694175e-03,
       1.6490367045579955e-03, -7.3387410352290583e-01,
       -5.9071434502091357e-03, -9.9998237024110148e-01,
       6.0403911066169694e-04, 8.8926407674217792e-02,
       1.6454400926252946e-03, -6.1376885043942146e-04,
       -9.9999845790616071e-01, -1.9492314963956772e-03, 0., 0., 0., 1. ]
mean-rme2: 1.4937771879090151e-03
max-rme2: 4.6425171697639656e-03
Hcamera2end3: !!opencv-matrix
   rows: 4
   cols: 4
   dt: d
   data: [ 9.9994605465815478e-01, -9.5082462703098662e-03,
       4.1810317451265525e-03, -1.7177851941307703e-02,
       -4.1492035274958696e-03, 3.3646993625372490e-03,
       9.9998573135234647e-01, 3.0029589371643291e-02,
       -9.5221785153416089e-03, -9.9994913473189373e-01,
       3.3250662037148659e-03, 3.3508344962203986e-02, 0., 0., 0., 1. ]
Hobj2base3: !!opencv-matrix
   rows: 4
   cols: 4
   dt: d
   data: [ 9.9996176577252671e-01, -8.6834871046018447e-03,
       -1.0315254696795977e-03, -7.3490751473805527e-01,
       -8.6792159933948634e-03, -9.9995403050125886e-01,
       4.0753029368671284e-03, 9.0927575350898557e-02,
       -1.0668658914704495e-03, -4.0661942884535809e-03,
       -9.9999116389155063e-01, -7.1615704511486365e-05, 0., 0., 0., 1. ]
mean-rme3: 1.5667334858290272e-03
max-rme3: 5.5113865883983371e-03
Hcamera2end4: !!opencv-matrix
   rows: 4
   cols: 4
   dt: d
   data: [ 9.9996028407594728e-01, -8.5465312955782628e-03,
       2.5272660256780498e-03, -1.6536028678897183e-02,
       -2.5029495116807650e-03, 2.8546911035773892e-03,
       9.9999279296525201e-01, 2.9897607284518558e-02,
       -8.5536842642701151e-03, -9.9995940294669816e-01,
       2.8331861905495082e-03, 3.3371537330955513e-02, 0., 0., 0., 1. ]
Hobj2base4: !!opencv-matrix
   rows: 4
   cols: 4
   dt: d
   data: [ 9.9996629209276289e-01, -8.0774708344921228e-03,
       -1.4728011302026489e-03, -7.3470007977006513e-01,
       -8.0740580826002498e-03, -9.9996473937612507e-01,
       2.3085905911298600e-03, 9.0994769036201129e-02,
       -1.4913967714845885e-03, -2.2966212915029901e-03,
       -9.9999625062612796e-01, -2.9199559915260023e-04, 0., 0., 0., 1. ]
mean-rme4: 1.5275365166250406e-03
max-rme4: 5.3900620755668038e-03
Hcamera2end5: !!opencv-matrix
   rows: 4
   cols: 4
   dt: d
   data: [ 9.9994275903187857e-01, -1.0698189065639751e-02,
       1.6556095635262506e-04, -1.5185810960565786e-02,
       -1.5192674861977309e-04, 1.2752408423224448e-03,
       9.9999917533918870e-01, 3.1259595867975012e-02,
       -1.0698391373355910e-02, -9.9994195957140952e-01,
       1.2735425052212701e-03, 3.3387914197154353e-02, 0., 0., 0., 1. ]
Hobj2base5: !!opencv-matrix
   rows: 4
   cols: 4
   dt: d
   data: [ 9.9993927493992985e-01, -1.1019450948992170e-02,
       -1.3466027664487282e-04, -7.3412780826597235e-01,
       -1.1019384756928825e-02, -9.9993916818973960e-01,
       4.8278317083878960e-04, 9.2368521423218400e-02,
       -1.3997209048653131e-04, -4.8126998040191524e-04,
       -9.9999987439350169e-01, -1.9621483672407902e-03, 0., 0., 0., 1. ]
mean-rme5: 1.7330687580962715e-03
max-rme5: 6.6936991867089304e-03
Hcamera2end6: !!opencv-matrix
   rows: 4
   cols: 4
   dt: d
   data: [ 9.9993640530869965e-01, -1.1259268209431388e-02,
       6.4359747045982657e-04, -1.5288969157044101e-02,
       -6.4586900723768211e-04, -1.9811321337925847e-04,
       9.9999977180216393e-01, 3.1014988580002890e-02,
       -1.1259138134927753e-02, -9.9993659280503511e-01,
       -2.0537262681119550e-04, 3.3190732357955818e-02, 0., 0., 0., 1. ]
Hobj2base6: !!opencv-matrix
   rows: 4
   cols: 4
   dt: d
   data: [ 9.9992953509028848e-01, -1.1821126303821197e-02,
       1.0889568534646415e-03, -7.3335284164644243e-01,
       -1.1822132876596452e-02, -9.9992969052611014e-01,
       9.2259341362106295e-04, 9.2659949295531230e-02,
       1.0779741962116971e-03, -9.3540219577801110e-04,
       -9.9999898149666411e-01, -2.3190569755150666e-03, 0., 0., 0., 1. ]
mean-rme6: 1.7953653150020910e-03
max-rme6: 6.6134441178469089e-03
Hcamera2end7: !!opencv-matrix
   rows: 4
   cols: 4
   dt: d
   data: [ 9.9993956321203037e-01, -1.0859086188046606e-02,
       1.7176060358791104e-03, -1.5014775399103973e-02,
       -1.7215473316463002e-03, -3.5361204007733349e-04,
       9.9999845561546241e-01, 3.1977661063504990e-02,
       -1.0858462051267410e-02, -9.9994097586091835e-01,
       -3.7228509975251178e-04, 3.3106432918614502e-02, 0., 0., 0., 1. ]
Hobj2base7: !!opencv-matrix
   rows: 4
   cols: 4
   dt: d
   data: [ 9.9993630097067210e-01, -1.1266592723999123e-02,
       6.7667531438048514e-04, -7.3329960717865306e-01,
       -1.1267851759216848e-02, -9.9993473608159400e-01,
       1.8865561653777412e-03, 9.2966597832946557e-02,
       6.5537609193171956e-04, -1.8940606707127947e-03,
       -9.9999799150615964e-01, -3.2488670653222531e-03, 0., 0., 0., 1. ]
mean-rme7: 1.8728960689923895e-03
max-rme7: 6.5252339474805125e-03
Hcamera2end8: !!opencv-matrix
   rows: 4
   cols: 4
   dt: d
   data: [ 9.9993016776169330e-01, -1.1301883728354396e-02,
       3.4535524120248738e-03, -1.5604202774593777e-02,
       -3.4515934237704209e-03, 1.9283374226275463e-04,
       9.9999402464113996e-01, 3.0701990870435000e-02,
       -1.1302482156979037e-02, -9.9993611307889985e-01,
       1.5381076869791510e-04, 3.3169964019273676e-02, 0., 0., 0., 1. ]
Hobj2base8: !!opencv-matrix
   rows: 4
   cols: 4
   dt: d
   data: [ 9.9993352635733335e-01, -1.1508956123775296e-02,
       6.9770733767939334e-04, -7.3344119249699846e-01,
       -1.1511128159464337e-02, -9.9992864548738813e-01,
       3.1934091898380892e-03, 9.2682521230950665e-02,
       6.6090474686126015e-04, -3.2012283108785421e-03,
       -9.9999465765683837e-01, -1.7867561944479304e-03, 0., 0., 0., 1. ]
mean-rme8: 1.9427747402370886e-03
max-rme8: 7.9260049981611548e-03
Hcamera2end9: !!opencv-matrix
   rows: 4
   cols: 4
   dt: d
   data: [ 9.9991212414127784e-01, -1.2770943019785104e-02,
       3.5562634411987924e-03, -1.6733226373935411e-02,
       -3.5484247728461921e-03, 6.3639622952826880e-04,
       9.9999350181962221e-01, 2.9989808902746811e-02,
       -1.2773123224538951e-02, -9.9991824566522669e-01,
       5.9102357507911929e-04, 3.3361640475043218e-02, 0., 0., 0., 1. ]
Hobj2base9: !!opencv-matrix
   rows: 4
   cols: 4
   dt: d
   data: [ 9.9992034814137976e-01, -1.2619621638734447e-02,
       2.0620988578214054e-04, -7.3361488025204713e-01,
       -1.2620269818151031e-02, -9.9991415916741677e-01,
       3.5218015609605794e-03, 9.2118078646521065e-02,
       1.6174838136783125e-04, -3.5241234673182979e-03,
       -9.9999377717626237e-01, -6.9077761983696491e-04, 0., 0., 0., 1. ]
mean-rme9: 1.9744206825365262e-03
max-rme9: 8.2085226474959069e-03
Hcamera2end10: !!opencv-matrix
   rows: 4
   cols: 4
   dt: d
   data: [ 9.9994531020869637e-01, -1.0334189263970717e-02,
       1.6065876541593287e-03, -1.6018733572194025e-02,
       -1.6049016037507340e-03, 1.7144349047326646e-04,
       9.9999869744813752e-01, 2.9881743346828932e-02,
       -1.0334451242148426e-02, -9.9994658614317278e-01,
       1.5484875734139703e-04, 3.3300619245407649e-02, 0., 0., 0., 1. ]
Hobj2base10: !!opencv-matrix
   rows: 4
   cols: 4
   dt: d
   data: [ 9.9994544662991458e-01, -1.0430959665597556e-02,
       5.4666676806084215e-04, -7.3366673413743888e-01,
       -1.0431989020390085e-02, -9.9994375119908030e-01,
       1.9152135625844192e-03, 9.1901996645023895e-02,
       5.2665850328831255e-04, -1.9208119029523699e-03,
       -9.9999801655426013e-01, -8.4842367888786699e-04, 0., 0., 0., 1. ]
mean-rme10: 1.9469331690496298e-03
max-rme10: 7.6710344386499776e-03
Hcamera2end11: !!opencv-matrix
   rows: 4
   cols: 4
   dt: d
   data: [ 9.9995842007443592e-01, -8.8329014969231023e-03,
       2.2667098146021197e-03, -1.6419392889558144e-02,
       -2.2831890425652631e-03, -1.8560272077674522e-03,
       9.9999567109603027e-01, 3.0165569872362481e-02,
       -8.8286561850527343e-03, -9.9995926667747304e-01,
       -1.8761172182062413e-03, 3.3340073522659823e-02, 0., 0., 0., 1. ]
Hobj2base11: !!opencv-matrix
   rows: 4
   cols: 4
   dt: d
   data: [ 9.9995798283171611e-01, -8.9233643902927144e-03,
       2.0990805328627653e-03, -7.3321212518889267e-01,
       -8.9289117510446374e-03, -9.9995662931478857e-01,
       2.6484003377923626e-03, 9.1441449467908276e-02,
       2.0753568530362449e-03, -2.6670315643459535e-03,
       -9.9999428990198136e-01, -1.2852686709518622e-03, 0., 0., 0., 1. ]
mean-rme11: 2.0091429883787849e-03
max-rme11: 7.5197856875375106e-03
Hcamera2end12: !!opencv-matrix
   rows: 4
   cols: 4
   dt: d
   data: [ 9.9996597624242933e-01, -7.8165044145134862e-03,
       2.6360228115757129e-03, -1.5901022883170909e-02,
       -2.6476579123703675e-03, -1.4785558430325807e-03,
       9.9999540187952762e-01, 2.9721457543381534e-02,
       -7.8125709663540936e-03, -9.9996835756505664e-01,
       -1.4992009667673667e-03, 3.3370759523137873e-02, 0., 0., 0., 1. ]
Hobj2base12: !!opencv-matrix
   rows: 4
   cols: 4
   dt: d
   data: [ 9.9996816699421254e-01, -7.7383741138409654e-03,
       1.9448815668178135e-03, -7.3357587973978411e-01,
       -7.7435274462824416e-03, -9.9996649042872554e-01,
       2.6562760296141318e-03, 9.1715795198573827e-02,
       1.9242611370035483e-03, -2.6712517161563303e-03,
       -9.9999458080198855e-01, -6.2576152702883969e-04, 0., 0., 0., 1. ]
mean-rme12: 2.0031284135863716e-03
max-rme12: 7.9710369207695274e-03
Hcamera2end13: !!opencv-matrix
   rows: 4
   cols: 4
   dt: d
   data: [ 9.9996397970518724e-01, -8.1354531235885118e-03,
       2.4194409762984459e-03, -1.5839325662649780e-02,
       -2.4372410154900959e-03, -2.1787572558582546e-03,
       9.9999465642224938e-01, 2.9733637339050715e-02,
       -8.1301382765799797e-03, -9.9996453308069577e-01,
       -2.1985068364120952e-03, 3.3371894685752433e-02, 0., 0., 0., 1. ]
Hobj2base13: !!opencv-matrix
   rows: 4
   cols: 4
   dt: d
   data: [ 9.9996345808825904e-01, -8.1335365608384731e-03,
       2.6321229424237005e-03, -7.3339982135314807e-01,
       -8.1405274425502827e-03, -9.9996333737053567e-01,
       2.6562619856964642e-03, 9.1791948103770810e-02,
       2.6104216378997312e-03, -2.6775917898503887e-03,
       -9.9999300807609570e-01, -6.9906049107368448e-04, 0., 0., 0., 1. ]
mean-rme13: 2.0026585362956841e-03
max-rme13: 7.8157665811409635e-03
Hcamera2end14: !!opencv-matrix
   rows: 4
   cols: 4
   dt: d
   data: [ 9.9997589394167286e-01, -6.6977146213551501e-03,
       1.8308889652844658e-03, -1.5913259099810572e-02,
       -1.8469528753081652e-03, -2.3930181139191209e-03,
       9.9999543110425404e-01, 2.9283441568828457e-02,
       -6.6933026697368076e-03, -9.9997470672170374e-01,
       -2.4053307909628341e-03, 3.3202820347310369e-02, 0., 0., 0., 1. ]
Hobj2base14: !!opencv-matrix
   rows: 4
   cols: 4
   dt: d
   data: [ 9.9997218654307884e-01, -6.7212373242438381e-03,
       3.2328175149823721e-03, -7.3347730806648437e-01,
       -6.7280561903944498e-03, -9.9997515494530287e-01,
       2.1030340027054957e-03, 9.1064602402626899e-02,
       3.2186022048212482e-03, -2.1247260879539501e-03,
       -9.9999256304179518e-01, -5.4027861857597619e-04, 0., 0., 0., 1. ]
mean-rme14: 2.0581107651108832e-03
max-rme14: 8.1523193715297357e-03
Hcamera2end15: !!opencv-matrix
   rows: 4
   cols: 4
   dt: d
   data: [ 9.9997574723089266e-01, -6.5445225417203583e-03,
       2.3820526272015021e-03, -1.6114356519191769e-02,
       -2.3953302725553765e-03, -2.0217294288755738e-03,
       9.9999508748943444e-01, 2.9302599335801781e-02,
       -6.5396745257866821e-03, -9.9997654064223795e-01,
       -2.0373566893021611e-03, 3.3172162714417586e-02, 0., 0., 0., 1. ]
Hobj2base15: !!opencv-matrix
   rows: 4
   cols: 4
   dt: d
   data: [ 9.9997686114365314e-01, -6.2205961267280847e-03,
       2.7534271581369221e-03, -7.3363197688974702e-01,
       -6.2278547841415500e-03, -9.9997713358930929e-01,
       2.6355499039060915e-03, 9.0985016690185674e-02,
       2.7369695056166810e-03, -2.6526368647950584e-03,
       -9.9999273623141316e-01, -4.5229913203673596e-04, 0., 0., 0., 1. ]
mean-rme15: 2.0013176834185859e-03
max-rme15: 8.3425159167256589e-03
Hcamera2end16: !!opencv-matrix
   rows: 4
   cols: 4
   dt: d
   data: [ 9.9997756278167171e-01, -6.3570472928892782e-03,
       2.1123169610198994e-03, -1.5996140996807379e-02,
       -2.1246837137745347e-03, -1.9392368563262430e-03,
       9.9999586253120654e-01, 2.9340074711754410e-02,
       -6.3529247079014322e-03, -9.9997791341115694e-01,
       -1.9527000600965128e-03, 3.3212268142898772e-02, 0., 0., 0., 1. ]
Hobj2base16: !!opencv-matrix
   rows: 4
   cols: 4
   dt: d
   data: [ 9.9997648826396612e-01, -6.2883065926854324e-03,
       2.7349807060545249e-03, -7.3368942626499833e-01,
       -6.2949155012953228e-03, -9.9997727166527373e-01,
       2.4145789916357723e-03, 9.0967037309878221e-02,
       2.7197349315059047e-03, -2.4317386931341743e-03,
       -9.9999334482226954e-01, -4.3140417552971086e-04, 0., 0., 0., 1. ]
mean-rme16: 1.9457569903772200e-03
max-rme16: 8.2814605229061151e-03
Hcamera2end17: !!opencv-matrix
   rows: 4
   cols: 4
   dt: d
   data: [ 9.9996236434568819e-01, -8.1459986170343973e-03,
       2.9853975802784610e-03, -1.6339137740913192e-02,
       -3.0066336066084591e-03, -2.5959275982123664e-03,
       9.9999211062600912e-01, 2.9382002279658301e-02,
       -8.1381844742344969e-03, -9.9996345126531316e-01,
       -2.6203219319800297e-03, 3.3319510235528288e-02, 0., 0., 0., 1. ]
Hobj2base17: !!opencv-matrix
   rows: 4
   cols: 4
   dt: d
   data: [ 9.9996514885768317e-01, -7.7634099160694067e-03,
       3.0709178605936496e-03, -7.3336368209041036e-01,
       -7.7725837919604465e-03, -9.9996533246691199e-01,
       2.9867717580381488e-03, 9.1088719012553512e-02,
       3.0476238659637184e-03, -3.0105366320202333e-03,
       -9.9999082428688224e-01, -4.0359689881450231e-04, 0., 0., 0., 1. ]
mean-rme17: 1.9843566007592454e-03
max-rme17: 8.5117597471582561e-03
Hcamera2end18: !!opencv-matrix
   rows: 4
   cols: 4
   dt: d
   data: [ 9.9997153729220933e-01, -6.8576555307780784e-03,
       3.1459761723208468e-03, -1.6422543175689652e-02,
       -3.1646362259541410e-03, -2.7119036999847523e-03,
       9.9999131529022767e-01, 2.9455412667458571e-02,
       -6.8490643896082937e-03, -9.9997280869978822e-01,
       -2.7335284969800533e-03, 3.3265605487391131e-02, 0., 0., 0., 1. ]
Hobj2base18: !!opencv-matrix
   rows: 4
   cols: 4
   dt: d
   data: [ 9.9997436039603338e-01, -6.6182618582364752e-03,
       2.7344397085739443e-03, -7.3348633272368502e-01,
       -6.6266816247851548e-03, -9.9997329488694264e-01,
       3.0816559827430271e-03, 9.0862896765601608e-02,
       2.7139714788015834e-03, -3.0996972316749576e-03,
       -9.9999151308192857e-01, -4.0612224035902850e-04, 0., 0., 0., 1. ]
mean-rme18: 1.9512162195392110e-03
max-rme18: 8.4817334671088013e-03
Hcamera2end19: !!opencv-matrix
   rows: 4
   cols: 4
   dt: d
   data: [ 9.9997337461844382e-01, -6.2039412324990106e-03,
       3.8420264685702669e-03, -1.7080354619352475e-02,
       -3.8595668344464438e-03, -2.8178011022399474e-03,
       9.9998858180521166e-01, 2.9605830547692072e-02,
       -6.1930443282715913e-03, -9.9997678528560430e-01,
       -2.8416706030343075e-03, 3.3297109021905899e-02, 0., 0., 0., 1. ]
Hobj2base19: !!opencv-matrix
   rows: 4
   cols: 4
   dt: d
   data: [ 9.9997722988686988e-01, -6.1572905746221955e-03,
       2.7617893768291414e-03, -7.3356915709513271e-01,
       -6.1681055964278890e-03, -9.9997327534393188e-01,
       3.9246746719063452e-03, 9.0426947765046298e-02,
       2.7375502065921254e-03, -3.9416203151314425e-03,
       -9.9998848465777734e-01, -3.5917182658113501e-04, 0., 0., 0., 1. ]
mean-rme19: 1.9396439800017850e-03
max-rme19: 8.4977215675752782e-03
Hcamera2end20: !!opencv-matrix
   rows: 4
   cols: 4
   dt: d
   data: [ 9.9998094581167374e-01, -5.2953890819861064e-03,
       3.1728328132559873e-03, -1.6829011119692920e-02,
       -3.1854208900459397e-03, -2.3704381946019204e-03,
       9.9999211702718882e-01, 3.0267128568107784e-02,
       -5.2878263344923199e-03, -9.9998316979699009e-01,
       -2.3872610708286501e-03, 3.3302976982044021e-02, 0., 0., 0., 1. ]
Hobj2base20: !!opencv-matrix
   rows: 4
   cols: 4
   dt: d
   data: [ 9.9998217186311844e-01, -5.3319255749703798e-03,
       2.6882197796401757e-03, -7.3374258508405510e-01,
       -5.3410870163021484e-03, -9.9997991391036156e-01,
       3.4124134142094640e-03, 9.0428870509207088e-02,
       2.6699710494611194e-03, -3.4267105929980217e-03,
       -9.9999056441003797e-01, -1.0409216782862074e-03, 0., 0., 0., 1. ]
mean-rme20: 1.9929718498698399e-03
max-rme20: 7.9453909196207304e-03
Hcamera2end21: !!opencv-matrix
   rows: 4
   cols: 4
   dt: d
   data: [ 9.9997633272250719e-01, -6.4618774489508864e-03,
       2.3618075028230168e-03, -1.6596076669313359e-02,
       -2.3766013249702754e-03, -2.2826799000281728e-03,
       9.9999457055456853e-01, 3.0192094701192659e-02,
       -6.4564511140254629e-03, -9.9997651648041641e-01,
       -2.2979831817164786e-03, 3.3301635499816629e-02, 0., 0., 0., 1. ]
Hobj2base21: !!opencv-matrix
   rows: 4
   cols: 4
   dt: d
   data: [ 9.9997731771085152e-01, -6.2051942837422110e-03,
       2.6190890996336397e-03, -7.3357184834082301e-01,
       -6.2119849596169816e-03, -9.9997734447309727e-01,
       2.5926402361463275e-03, 9.0549377053607785e-02,
       2.6029419264169467e-03, -2.6088511712256540e-03,
       -9.9999320927138990e-01, -1.1683816327752810e-03, 0., 0., 0., 1. ]
mean-rme21: 2.0346335091605289e-03
max-rme21: 7.8668358478282130e-03
Hcamera2end22: !!opencv-matrix
   rows: 4
   cols: 4
   dt: d
   data: [ 9.9998072147080952e-01, -5.3622490604509077e-03,
       3.1309697751521906e-03, -1.6423312588896760e-02,
       -3.1445129034972947e-03, -2.5190774139025596e-03,
       9.9999188311084919e-01, 3.0127990652177358e-02,
       -5.3543183804254874e-03, -9.9998245011299880e-01,
       -2.5358905111574348e-03, 3.3308285308212164e-02, 0., 0., 0., 1. ]
Hobj2base22: !!opencv-matrix
   rows: 4
   cols: 4
   dt: d
   data: [ 9.9998110745508650e-01, -5.3465641233381720e-03,
       3.0329828508871568e-03, -7.3370086452973216e-01,
       -5.3564741176553151e-03, -9.9998031153559497e-01,
       3.2687499449038150e-03, 9.0897313613580999e-02,
       3.0154465549286679e-03, -3.2849342840387398e-03,
       -9.9999005809499164e-01, -9.6544846156735946e-04, 0., 0., 0., 1. ]
mean-rme22: 2.0578055685070884e-03
max-rme22: 7.8728991277265126e-03
Hcamera2end23: !!opencv-matrix
   rows: 4
   cols: 4
   dt: d
   data: [ 9.9998060443217907e-01, -5.4881140084347534e-03,
       2.9447179974184442e-03, -1.6358163976158555e-02,
       -2.9571152950450398e-03, -2.2521919522560108e-03,
       9.9999309152640758e-01, 3.0060329461695429e-02,
       -5.4814440237686054e-03, -9.9998240396321003e-01,
       -2.2683772555893711e-03, 3.3268440752769218e-02, 0., 0., 0., 1. ]
Hobj2base23: !!opencv-matrix
   rows: 4
   cols: 4
   dt: d
   data: [ 9.9998120467904195e-01, -5.5130023776372794e-03,
       2.6827399121239419e-03, -7.3367064761924694e-01,
       -5.5211360311567268e-03, -9.9998015592372558e-01,
       3.0339439162886781e-03, 9.0944425126654155e-02,
       2.6659605356043835e-03, -3.0486986643300522e-03,
       -9.9999179901181035e-01, -9.9286476335806403e-04, 0., 0., 0., 1. ]
mean-rme23: 2.0746675109791098e-03
max-rme23: 7.8701369214668297e-03
Hcamera2end24: !!opencv-matrix
   rows: 4
   cols: 4
   dt: d
   data: [ 9.9997836202662083e-01, -5.9623373139236656e-03,
       2.7795705264319964e-03, -1.6421237197385169e-02,
       -2.7932767956687704e-03, -2.2917138812799109e-03,
       9.9999347280481243e-01, 3.0366611119577246e-02,
       -5.9559284162248221e-03, -9.9997959908252187e-01,
       -2.3083187517027870e-03, 3.3255400695355888e-02, 0., 0., 0., 1. ]
Hobj2base24: !!opencv-matrix
   rows: 4
   cols: 4
   dt: d
   data: [ 9.9997749537516212e-01, -6.0352849495778184e-03,
       2.9298598592730836e-03, -7.3359957037147205e-01,
       -6.0444355061941369e-03, -9.9997685099621192e-01,
       3.1244633316093147e-03, 9.0991063108179338e-02,
       2.9109350094153343e-03, -3.1421023656957800e-03,
       -9.9999082678297313e-01, -1.3469249224813426e-03, 0., 0., 0., 1. ]
mean-rme24: 2.0636306728058899e-03
max-rme24: 7.6093480119982758e-03
