%YAML:1.0
---
Hcamera2end0: !!opencv-matrix
   rows: 4
   cols: 4
   dt: d
   data: [ 9.9991590918450501e-01, -1.2858418515707229e-02,
       1.6839337871657973e-03, -1.3290070352363743e-02,
       -1.7142534489497409e-03, -2.3473043867132670e-03,
       9.9999577573969234e-01, 2.6977390832853672e-02,
       -1.2854411493234724e-02, -9.9991457196872136e-01,
       -2.3691495882618430e-03, 3.3892869958794050e-02, 0., 0., 0., 1. ]
Hobj2base0: !!opencv-matrix
   rows: 4
   cols: 4
   dt: d
   data: [ 9.9994689298266781e-01, -1.0146081007785020e-02,
       1.8078314336782322e-03, -7.3410273732177922e-01,
       -1.0145391996575926e-02, -9.9994845817527667e-01,
       -3.8988988444369122e-04, 9.3035778565832672e-02,
       1.8116941090990304e-03, 3.7152801999644291e-04,
       -9.9999828986423012e-01, 5.4479453117142751e-04, 0., 0., 0., 1. ]
mean-rme0: 1.6822733766664985e-03
max-rme0: 5.3625386619025328e-03
Hcamera2end1: !!opencv-matrix
   rows: 4
   cols: 4
   dt: d
   data: [ 9.9998752948212921e-01, -3.1473768970294459e-03,
       -3.8774861567648492e-03, -1.1927349077820327e-02,
       3.9334832545406817e-03, 1.7984879928942599e-02,
       9.9983052154023977e-01, 2.7640454330877699e-02,
       -3.0771073614850992e-03, -9.9983330516272051e-01,
       1.7997035802496231e-02, 3.4185616819766729e-02, 0., 0., 0., 1. ]
Hobj2base1: !!opencv-matrix
   rows: 4
   cols: 4
   dt: d
   data: [ 9.9986430225050993e-01, -1.5876564252211811e-04,
       -1.6472761716590522e-02, -7.4088524510092735e-01,
       -2.2860988728266057e-04, -9.9999099271150937e-01,
       -4.2381875099278508e-03, 9.1257965561887630e-02,
       -1.6471940463110363e-02, 4.2413782336201012e-03,
       -9.9985533247968372e-01, 3.1967045655398952e-03, 0., 0., 0., 1. ]
mean-rme1: 1.9914309512377862e-03
max-rme1: 6.0000426007509045e-03
Hcamera2end2: !!opencv-matrix
   rows: 4
   cols: 4
   dt: d
   data: [ 9.9996731604921307e-01, -4.0796858060674658e-03,
       -6.9801860331206549e-03, -1.1719567028755115e-02,
       7.0167038439947552e-03, 9.0064351752242588e-03,
       9.9993482287227098e-01, 2.8311215388175996e-02,
       -4.0165533108462836e-03, -9.9995111894990052e-01,
       9.0347667564180112e-03, 3.3982733878347722e-02, 0., 0., 0., 1. ]
Hobj2base2: !!opencv-matrix
   rows: 4
   cols: 4
   dt: d
   data: [ 9.9996736688810073e-01, -2.7342281732981900e-03,
       -7.6019178616223730e-03, -7.3800198405355388e-01,
       -2.7882995682744667e-03, -9.9997082636252488e-01,
       -7.1113858962980310e-03, 9.1082158903013591e-02,
       -7.5822519343577118e-03, 7.1323502539379384e-03,
       -9.9994581804988747e-01, 3.4546427894514148e-04, 0., 0., 0., 1. ]
mean-rme2: 1.9951754408822145e-03
max-rme2: 7.3254963848321530e-03
Hcamera2end3: !!opencv-matrix
   rows: 4
   cols: 4
   dt: d
   data: [ 9.9996697014045499e-01, -3.7642606837906710e-03,
       -7.2033998655336561e-03, -1.2426659293318975e-02,
       7.2355827325941832e-03, 8.6070748681973397e-03,
       9.9993678030400146e-01, 2.8177050707261831e-02,
       -3.7020225064263719e-03, -9.9995587332827729e-01,
       8.6340271973279759e-03, 3.3944044081882348e-02, 0., 0., 0., 1. ]
Hobj2base3: !!opencv-matrix
   rows: 4
   cols: 4
   dt: d
   data: [ 9.9996951610421769e-01, -2.7627453003220693e-03,
       -7.3030199713666902e-03, -7.3773575670081637e-01,
       -2.8119649266888157e-03, -9.9997334593712361e-01,
       -6.7379721404097160e-03, 9.0281464218444241e-02,
       -7.2842100153485681e-03, 6.7583025767875950e-03,
       -9.9995063159674702e-01, 2.8910986213863551e-04, 0., 0., 0., 1. ]
mean-rme3: 1.8654027311818192e-03
max-rme3: 7.2234293848684183e-03
Hcamera2end4: !!opencv-matrix
   rows: 4
   cols: 4
   dt: d
   data: [ 9.9996061348851428e-01, -4.7509373821208673e-03,
       -7.4966703052336530e-03, -1.2616467023152313e-02,
       7.5491916029227580e-03, 1.1135144073584402e-02,
       9.9990950504163267e-01, 2.8199798150255927e-02,
       -4.6670309423193276e-03, -9.9992671589494586e-01,
       1.1170571235695537e-02, 3.3985641809495350e-02, 0., 0., 0., 1. ]
Hobj2base4: !!opencv-matrix
   rows: 4
   cols: 4
   dt: d
   data: [ 9.9994713108875777e-01, -3.3475152912110415e-03,
       -9.7226112098484259e-03, -7.3846471938083158e-01,
       -3.4111804636145541e-03, -9.9997280248430309e-01,
       -6.5389708313781233e-03, 9.0112348069504827e-02,
       -9.7004574741306089e-03, 6.5717907045239774e-03,
       -9.9993135398972699e-01, 7.8175275641477753e-04, 0., 0., 0., 1. ]
mean-rme4: 1.7749395447998004e-03
max-rme4: 6.7925168624040078e-03
Hcamera2end5: !!opencv-matrix
   rows: 4
   cols: 4
   dt: d
   data: [ 9.9997934341670558e-01, -4.2790106361015167e-03,
       -4.7961242551152299e-03, -1.2178015223165755e-02,
       4.8455802666580085e-03, 1.1623298971096929e-02,
       9.9992070649272380e-01, 2.8247541163452197e-02,
       -4.2229245522207737e-03, -9.9992329155240944e-01,
       1.1643793162952609e-02, 3.4196639810910395e-02, 0., 0., 0., 1. ]
Hobj2base5: !!opencv-matrix
   rows: 4
   cols: 4
   dt: d
   data: [ 9.9995006360899585e-01, -3.2942691639874879e-03,
       -9.4349392706283269e-03, -7.3885444170930159e-01,
       -3.3287098805388844e-03, -9.9998784601906787e-01,
       -3.6369636617261006e-03, 9.1539261736098207e-02,
       -9.4228434613149673e-03, 3.6681882204590457e-03,
       -9.9994887590130488e-01, 1.4536787090844313e-03, 0., 0., 0., 1. ]
mean-rme5: 1.7967117072062188e-03
max-rme5: 6.5816433087955706e-03
Hcamera2end6: !!opencv-matrix
   rows: 4
   cols: 4
   dt: d
   data: [ 9.9998067769246790e-01, -4.0748656599772547e-03,
       -4.6946471183378071e-03, -1.2105911875887821e-02,
       4.7441214651161379e-03, 1.2217807321478369e-02,
       9.9991410555896232e-01, 2.8272740700459945e-02,
       -4.0171573577349020e-03, -9.9991705688727428e-01,
       1.2236902902892921e-02, 3.4244308889146105e-02, 0., 0., 0., 1. ]
Hobj2base6: !!opencv-matrix
   rows: 4
   cols: 4
   dt: d
   data: [ 9.9995507612225010e-01, -3.5181355370534823e-03,
       -8.8016168791877018e-03, -7.3900648953745485e-01,
       -3.5453760254999544e-03, -9.9998896802655057e-01,
       -3.0812552690507380e-03, 9.1668285984411194e-02,
       -8.7906795063231926e-03, 3.1123218885848224e-03,
       -9.9995651775778716e-01, 1.4658070302983467e-03, 0., 0., 0., 1. ]
mean-rme6: 1.7228723671219609e-03
max-rme6: 6.2965728178975278e-03
Hcamera2end7: !!opencv-matrix
   rows: 4
   cols: 4
   dt: d
   data: [ 9.9999095274491712e-01, -2.7218336717274440e-03,
       -3.2689523973965387e-03, -1.2561642893514880e-02,
       3.2971520118644884e-03, 1.0421308722614597e-02,
       9.9994026077217169e-01, 2.9109312031544779e-02,
       -2.6876043093528174e-03, -9.9994199229053859e-01,
       1.0430188737742929e-02, 3.4260407233038248e-02, 0., 0., 0., 1. ]
Hobj2base7: !!opencv-matrix
   rows: 4
   cols: 4
   dt: d
   data: [ 9.9997350866114476e-01, -1.9020131083690066e-03,
       -7.0259748117318267e-03, -7.3873748584559340e-01,
       -1.9154452359127689e-03, -9.9999634997288345e-01,
       -1.9055472860543055e-03, 9.1219826467454246e-02,
       -7.0223247908165493e-03, 1.9189546755362206e-03,
       -9.9997350193266921e-01, 5.0804359906891493e-04, 0., 0., 0., 1. ]
mean-rme7: 1.8387509980940500e-03
max-rme7: 6.6420611726537571e-03
Hcamera2end8: !!opencv-matrix
   rows: 4
   cols: 4
   dt: d
   data: [ 9.9998456898089327e-01, -4.2665196740056012e-03,
       -3.5578940355957462e-03, -1.2489397370811334e-02,
       3.5970539670362404e-03, 9.2061495897479695e-03,
       9.9995115281322078e-01, 2.9153282696413808e-02,
       -4.2335567618060222e-03, -9.9994852048473093e-01,
       9.2213544309965867e-03, 3.4372642029138298e-02, 0., 0., 0., 1. ]
Hobj2base8: !!opencv-matrix
   rows: 4
   cols: 4
   dt: d
   data: [ 9.9997639877153555e-01, -3.1776884867118684e-03,
       -6.0913213502841682e-03, -7.3842278336705858e-01,
       -3.1917674745663175e-03, -9.9999225439146944e-01,
       -2.3029931513089390e-03, 9.1340526204921904e-02,
       -6.0839559744716651e-03, 2.3223808792043913e-03,
       -9.9997879578856708e-01, 4.4209132761714135e-04, 0., 0., 0., 1. ]
mean-rme8: 1.9049735178791165e-03
max-rme8: 7.3048816176227716e-03
Hcamera2end9: !!opencv-matrix
   rows: 4
   cols: 4
   dt: d
   data: [ 9.9997909948310737e-01, -5.2953536846190360e-03,
       -3.7094239860814993e-03, -1.2311816367171843e-02,
       3.7496837037788149e-03, 7.6132647809032949e-03,
       9.9996398838733058e-01, 2.9189070007237600e-02,
       -5.2669221634025262e-03, -9.9995699778977021e-01,
       7.6329615611511192e-03, 3.4305046409107226e-02, 0., 0., 0., 1. ]
Hobj2base9: !!opencv-matrix
   rows: 4
   cols: 4
   dt: d
   data: [ 9.9997994216755692e-01, -4.1510726311111768e-03,
       -4.7837076186417766e-03, -7.3796485883340857e-01,
       -4.1635941848346255e-03, -9.9998792465109876e-01,
       -2.6105622865824217e-03, 9.1664284942460192e-02,
       -4.7728132200435969e-03, 2.6304273415844212e-03,
       -9.9998515044272862e-01, 1.4007299939789258e-04, 0., 0., 0., 1. ]
mean-rme9: 1.9437027382871201e-03
max-rme9: 8.0688229160515990e-03
Hcamera2end10: !!opencv-matrix
   rows: 4
   cols: 4
   dt: d
   data: [ 9.9997043957050069e-01, -3.9641720551708785e-03,
       -6.5882717837582568e-03, -1.1274106171072157e-02,
       6.6155271108489754e-03, 6.9020392675120945e-03,
       9.9995429728312835e-01, 3.0043815266495182e-02,
       -3.9185183711812717e-03, -9.9996832309522010e-01,
       6.9280603279699982e-03, 3.4223002230447740e-02, 0., 0., 0., 1. ]
Hobj2base10: !!opencv-matrix
   rows: 4
   cols: 4
   dt: d
   data: [ 9.9998790310848096e-01, -2.6884728850642683e-03,
       -4.1189501392454803e-03, -7.3783244053035923e-01,
       -2.7086832847803355e-03, -9.9998428229696557e-01,
       -4.9089911271274237e-03, 9.1512397522178504e-02,
       -4.1056877092720727e-03, 4.9200886749873095e-03,
       -9.9997946781714719e-01, -1.1839998122031223e-03, 0., 0., 0., 1. ]
mean-rme10: 2.0451822551156291e-03
max-rme10: 8.0493909515370055e-03
Hcamera2end11: !!opencv-matrix
   rows: 4
   cols: 4
   dt: d
   data: [ 9.9998285131726772e-01, -1.5399399320575493e-03,
       -5.6502793198999314e-03, -1.1369509114294997e-02,
       5.6586993535175795e-03, 5.5193871089832536e-03,
       9.9996875725572931e-01, 3.0174935625843821e-02,
       -1.5087057412676488e-03, -9.9998358234070361e-01,
       5.5280065158628267e-03, 3.4161423304308276e-02, 0., 0., 0., 1. ]
Hobj2base11: !!opencv-matrix
   rows: 4
   cols: 4
   dt: d
   data: [ 9.9999551107243034e-01, -5.7642234199211263e-04,
       -2.9403354013449162e-03, -7.3761744314361577e-01,
       -5.8875792734629901e-04, -9.9999102276331864e-01,
       -4.1961597770932609e-03, 9.1253719433236680e-02,
       -2.9378902450120110e-03, 4.1978720866125505e-03,
       -9.9998687324927071e-01, -1.4860181144378977e-03, 0., 0., 0., 1. ]
mean-rme11: 2.0238122569684195e-03
max-rme11: 7.9999541612610359e-03
Hcamera2end12: !!opencv-matrix
   rows: 4
   cols: 4
   dt: d
   data: [ 9.9998800343960970e-01, -2.3156098768868190e-03,
       -4.3163558427582269e-03, -1.2012977912701084e-02,
       4.3300833412898343e-03, 5.9563518363449086e-03,
       9.9997288575793852e-01, 3.0397644968861263e-02,
       -2.2898373568297666e-03, -9.9997957970335560e-01,
       5.9663071643631937e-03, 3.4304531487929550e-02, 0., 0., 0., 1. ]
Hobj2base12: !!opencv-matrix
   rows: 4
   cols: 4
   dt: d
   data: [ 9.9999408582149374e-01, -1.2379531952219972e-03,
       -3.2087059574514667e-03, -7.3781122584487158e-01,
       -1.2478575289846018e-03, -9.9999445803130427e-01,
       -3.0865447129186378e-03, 9.1218966961900072e-02,
       -3.2048671770139440e-03, 3.0905304664295414e-03,
       -9.9999008867478945e-01, -1.3069119314840475e-03, 0., 0., 0., 1. ]
mean-rme12: 2.0513506770182635e-03
max-rme12: 8.0235908357009222e-03
Hcamera2end13: !!opencv-matrix
   rows: 4
   cols: 4
   dt: d
   data: [ 9.9998970396240849e-01, -3.6526024775443856e-03,
       -2.6926686234402175e-03, -1.1985155240711977e-02,
       2.7151665260115119e-03, 6.1685064152058322e-03,
       9.9997728844176326e-01, 3.0146275062180414e-02,
       -3.6359097775727871e-03, -9.9997430368172280e-01,
       6.1783603280116672e-03, 3.4489663504484264e-02, 0., 0., 0., 1. ]
Hobj2base13: !!opencv-matrix
   rows: 4
   cols: 4
   dt: d
   data: [ 9.9999181062896947e-01, -2.4659997355789619e-03,
       -3.2089749608493604e-03, -7.3783090280124208e-01,
       -2.4714285053946349e-03, -9.9999551985018886e-01,
       -1.6888814917653684e-03, 9.2128467501158481e-02,
       -3.2047958028486785e-03, 1.6967984130795463e-03,
       -9.9999342505788880e-01, -6.9988421779970666e-04, 0., 0., 0., 1. ]
mean-rme13: 2.1025615998257786e-03
max-rme13: 8.1083990642370485e-03
Hcamera2end14: !!opencv-matrix
   rows: 4
   cols: 4
   dt: d
   data: [ 9.9998752662201773e-01, -3.8908350316447021e-03,
       -3.1317731616134813e-03, -1.2220764582949767e-02,
       3.1568046389223586e-03, 6.4440490224959568e-03,
       9.9997425407690721e-01, 3.0074281168645328e-02,
       -3.8705535587244370e-03, -9.9997166741610832e-01,
       6.4562512495139890e-03, 3.4543423311338022e-02, 0., 0., 0., 1. ]
Hobj2base14: !!opencv-matrix
   rows: 4
   cols: 4
   dt: d
   data: [ 9.9998934561729813e-01, -2.7996397089479173e-03,
       -3.6702410531114778e-03, -7.3797848141834987e-01,
       -2.8069189990986808e-03, -9.9999410102097430e-01,
       -1.9796790108094695e-03, 9.1788442853856719e-02,
       -3.6646770144668534e-03, 1.9899599878949121e-03,
       -9.9999130506301226e-01, -4.5529317723085885e-04, 0., 0., 0., 1. ]
mean-rme14: 2.0363420894016254e-03
max-rme14: 8.1121630744774853e-03
Hcamera2end15: !!opencv-matrix
   rows: 4
   cols: 4
   dt: d
   data: [ 9.9998940946238490e-01, -2.9787711618516925e-03,
       -3.5082596021493995e-03, -1.2145442285358436e-02,
       3.5259875663670318e-03, 5.9671893019614952e-03,
       9.9997597974327179e-01, 2.9601391092645653e-02,
       -2.9577651618372010e-03, -9.9997775953978085e-01,
       5.9776292162985190e-03, 3.4477551997840743e-02, 0., 0., 0., 1. ]
Hobj2base15: !!opencv-matrix
   rows: 4
   cols: 4
   dt: d
   data: [ 9.9999173547247844e-01, -1.9257435570948682e-03,
       -3.5805723694622093e-03, -7.3795771712836022e-01,
       -1.9336435712660745e-03, -9.9999570124446557e-01,
       -2.2042039671590716e-03, 9.1701052548419759e-02,
       -3.5763122458686400e-03, 2.2111093011983858e-03,
       -9.9999116045412029e-01, -3.2858028484754929e-05, 0., 0., 0., 1. ]
mean-rme15: 2.0519103725856803e-03
max-rme15: 8.1704589608758704e-03
Hcamera2end16: !!opencv-matrix
   rows: 4
   cols: 4
   dt: d
   data: [ 9.9998969899699153e-01, -2.8889495568206270e-03,
       -3.5008385230469070e-03, -1.2351248558417162e-02,
       3.5182267426529211e-03, 6.0359023477326579e-03,
       9.9997559468390840e-01, 2.9833859592148841e-02,
       -2.8677483316332276e-03, -9.9997761067601254e-01,
       6.0460041514733831e-03, 3.4503391779630695e-02, 0., 0., 0., 1. ]
Hobj2base16: !!opencv-matrix
   rows: 4
   cols: 4
   dt: d
   data: [ 9.9999203273960258e-01, -1.7153217401007939e-03,
       -3.6044595497193134e-03, -7.3806767852815469e-01,
       -1.7231889081864460e-03, -9.9999613768569517e-01,
       -2.1806498295182477e-03, 9.1394043120013840e-02,
       -3.6007051121035132e-03, 2.1868436204293029e-03,
       -9.9999112627946629e-01, -1.7350766029672590e-04, 0., 0., 0., 1. ]
mean-rme16: 2.0123821199822239e-03
max-rme16: 8.1948893956067526e-03
Hcamera2end17: !!opencv-matrix
   rows: 4
   cols: 4
   dt: d
   data: [ 9.9999226052240675e-01, -2.1200510903571627e-03,
       -3.3142538619347186e-03, -1.2364785305643724e-02,
       3.3288556085159806e-03, 6.9214056479408592e-03,
       9.9997050599714910e-01, 2.9926563846180001e-02,
       -2.0970492661655550e-03, -9.9997379942038034e-01,
       6.9284094238394323e-03, 3.4555117441486975e-02, 0., 0., 0., 1. ]
Hobj2base17: !!opencv-matrix
   rows: 4
   cols: 4
   dt: d
   data: [ 9.9999152222532806e-01, -1.1803132635030569e-03,
       -3.9449129358316171e-03, -7.3842746589334507e-01,
       -1.1890926391830601e-03, -9.9999682018342262e-01,
       -2.2238888773792888e-03, 9.1272823046570070e-02,
       -3.9422755061935405e-03, 2.2285608906847062e-03,
       -9.9998974593752199e-01, -8.5796557291860300e-05, 0., 0., 0., 1. ]
mean-rme17: 2.0487834628808627e-03
max-rme17: 7.8051866895517685e-03
Hcamera2end18: !!opencv-matrix
   rows: 4
   cols: 4
   dt: d
   data: [ 9.9999337565793645e-01, -2.0867481300388718e-03,
       -2.9823015419441811e-03, -1.2262573878805623e-02,
       2.9954452684262576e-03, 6.3241472718367220e-03,
       9.9997551593472922e-01, 2.9823773895225624e-02,
       -2.0678365238011717e-03, -9.9997782507589927e-01,
       6.3303561183344348e-03, 3.4600837521376951e-02, 0., 0., 0., 1. ]
Hobj2base18: !!opencv-matrix
   rows: 4
   cols: 4
   dt: d
   data: [ 9.9999355956893976e-01, -1.2329251684796620e-03,
       -3.3705661498078625e-03, -7.3828457080199472e-01,
       -1.2397241046403697e-03, -9.9999719980316981e-01,
       -2.0158050411246981e-03, 9.1496053603988950e-02,
       -3.3680713747892624e-03, 2.0199706305735017e-03,
       -9.9999228787719474e-01, 5.1137507051217850e-06, 0., 0., 0., 1. ]
mean-rme18: 2.0335956863995128e-03
max-rme18: 7.9345100213926156e-03
Hcamera2end19: !!opencv-matrix
   rows: 4
   cols: 4
   dt: d
   data: [ 9.9999214830131666e-01, -2.2067108469087555e-03,
       -3.2914682066874489e-03, -1.2185537017366662e-02,
       3.3061132352723019e-03, 6.6661164207567625e-03,
       9.9997231587036473e-01, 2.9890975466682113e-02,
       -2.1847084457786037e-03, -9.9997534635565055e-01,
       6.6733597163566305e-03, 3.4655875008772902e-02, 0., 0., 0., 1. ]
Hobj2base19: !!opencv-matrix
   rows: 4
   cols: 4
   dt: d
   data: [ 9.9999137084079359e-01, -1.6574422815351765e-03,
       -3.8093475863869262e-03, -7.3845709605656362e-01,
       -1.6660923747001924e-03, -9.9999603855136021e-01,
       -2.2687039880576422e-03, 9.1529145265675627e-02,
       -3.8055722499380175e-03, 2.2750311360159991e-03,
       -9.9999017087828457e-01, 1.2913191896630984e-04, 0., 0., 0., 1. ]
mean-rme19: 2.0208612349273077e-03
max-rme19: 7.8914935423936572e-03
Hcamera2end20: !!opencv-matrix
   rows: 4
   cols: 4
   dt: d
   data: [ 9.9999312894948167e-01, -1.8618691173427854e-03,
       -3.2055416414820399e-03, -1.2290245700703415e-02,
       3.2184457376060885e-03, 6.9695769801985108e-03,
       9.9997053286771953e-01, 3.0020513692304896e-02,
       -1.8394729841656756e-03, -9.9997397888150408e-01,
       6.9755214166076218e-03, 3.4495857909365886e-02, 0., 0., 0., 1. ]
Hobj2base20: !!opencv-matrix
   rows: 4
   cols: 4
   dt: d
   data: [ 9.9999042391613746e-01, -1.7701000114022161e-03,
       -4.0023520551541875e-03, -7.3866203153633458e-01,
       -1.7786512275668178e-03, -9.9999614121723446e-01,
       -2.1339987000150262e-03, 9.1502024018995751e-02,
       -3.9985592198238263e-03, 2.1410970530605666e-03,
       -9.9998971356088218e-01, 3.6352034222343086e-05, 0., 0., 0., 1. ]
mean-rme20: 2.0420459212299757e-03
max-rme20: 7.9890097920723990e-03
Hcamera2end21: !!opencv-matrix
   rows: 4
   cols: 4
   dt: d
   data: [ 9.9999263983069109e-01, -1.8282134030116102e-03,
       -3.3731172820996099e-03, -1.2236891366431888e-02,
       3.3859777020664185e-03, 7.0775761433035100e-03,
       9.9996922106179686e-01, 2.9967630581863792e-02,
       -1.8042836381399036e-03, -9.9997328241892969e-01,
       7.0837143409621106e-03, 3.4471138498984422e-02, 0., 0., 0., 1. ]
Hobj2base21: !!opencv-matrix
   rows: 4
   cols: 4
   dt: d
   data: [ 9.9998972642097916e-01, -1.7899417432901705e-03,
       -4.1645121023695742e-03, -7.3864902044569203e-01,
       -1.7991142116434598e-03, -9.9999596196292084e-01,
       -2.1998286082983588e-03, 9.1556145228148783e-02,
       -4.1605577208612106e-03, 2.2072984410932538e-03,
       -9.9998890873501334e-01, 6.0362367449594436e-05, 0., 0., 0., 1. ]
mean-rme21: 2.0198175469976491e-03
max-rme21: 7.9311737378729430e-03
Hcamera2end22: !!opencv-matrix
   rows: 4
   cols: 4
   dt: d
   data: [ 9.9999431206227773e-01, -1.2874971465561716e-03,
       -3.1174018331941327e-03, -1.2352612813175942e-02,
       3.1267168503300749e-03, 7.2974750099888963e-03,
       9.9996848475350297e-01, 3.0034197559827606e-02,
       -1.2647074087924052e-03, -9.9997254422787851e-01,
       7.3014591414284347e-03, 3.4441363565813718e-02, 0., 0., 0., 1. ]
Hobj2base22: !!opencv-matrix
   rows: 4
   cols: 4
   dt: d
   data: [ 9.9998976262719941e-01, -1.0887070153503650e-03,
       -4.3919651446813826e-03, -7.3888482542271705e-01,
       -1.0967506666167142e-03, -9.9999772511463814e-01,
       -1.8294544332365520e-03, 9.1445907828943795e-02,
       -4.3899634135884380e-03, 1.8342525951296840e-03,
       -9.9998868180527145e-01, 1.5331335089458140e-04, 0., 0., 0., 1. ]
mean-rme22: 2.0070228461083429e-03
max-rme22: 7.9338203680051622e-03
Hcamera2end23: !!opencv-matrix
   rows: 4
   cols: 4
   dt: d
   data: [ 9.9999501436146521e-01, -1.7828217195222126e-03,
       -2.6062998540803592e-03, -1.2496784553458566e-02,
       2.6190861163755039e-03, 7.2075868862231385e-03,
       9.9997059510727249e-01, 2.9840220279391885e-02,
       -1.7639841631909626e-03, -9.9997243573910277e-01,
       7.2122203154137976e-03, 3.4474105232649419e-02, 0., 0., 0., 1. ]
Hobj2base23: !!opencv-matrix
   rows: 4
   cols: 4
   dt: d
   data: [ 9.9998951784092949e-01, -1.5934920539971520e-03,
       -4.2924341974276995e-03, -7.3882159518915502e-01,
       -1.5998161305665498e-03, -9.9999763943371023e-01,
       -1.4702773055066908e-03, 9.1572788222754109e-02,
       -4.2900811896487362e-03, 1.4771289992945370e-03,
       -9.9998970659367559e-01, 3.9425415185199460e-04, 0., 0., 0., 1. ]
mean-rme23: 1.9733363333783657e-03
max-rme23: 8.0209315352324784e-03
Hcamera2end24: !!opencv-matrix
   rows: 4
   cols: 4
   dt: d
   data: [ 9.9999533132325458e-01, -1.4820825894777422e-03,
       -2.6722205919967176e-03, -1.2077502954182863e-02,
       2.6825576329987037e-03, 7.0171005444984447e-03,
       9.9997178169411038e-01, 3.0003064774608304e-02,
       -1.4632895270467600e-03, -9.9997428153485324e-01,
       7.0210435558873963e-03, 3.4430611061730336e-02, 0., 0., 0., 1. ]
Hobj2base24: !!opencv-matrix
   rows: 4
   cols: 4
   dt: d
   data: [ 9.9999075766950429e-01, -1.0562713514730743e-03,
       -4.1675971977581288e-03, -7.3875272964579941e-01,
       -1.0634633281720062e-03, -9.9999794869047842e-01,
       -1.7238505109677393e-03, 9.1786234341083489e-02,
       -4.1657677948173594e-03, 1.7282666653580000e-03,
       -9.9998982968478844e-01, 7.1329134855089668e-05, 0., 0., 0., 1. ]
mean-rme24: 1.9663245904608024e-03
max-rme24: 8.0236184885448814e-03
