%YAML:1.0
---
Hcamera2end0: !!opencv-matrix
   rows: 4
   cols: 4
   dt: d
   data: [ 9.9996603843307774e-01, 6.9444983977886834e-03,
       -4.4380088395174089e-03, -1.7183479580306128e-02,
       4.4805514911627998e-03, -6.1225754858322823e-03,
       9.9997121894970320e-01, 2.6387816056248140e-02,
       6.9171264837042737e-03, -9.9995714308735417e-01,
       -6.1534827362268452e-03, 3.4964156226039572e-02, 0., 0., 0., 1. ]
Hobj2base0: !!opencv-matrix
   rows: 4
   cols: 4
   dt: d
   data: [ 9.9995804163304525e-01, 6.9469849964637334e-03,
       5.9711282739350413e-03, -7.3624261371240396e-01,
       6.9498992297752230e-03, -9.9997573990464783e-01,
       -4.6744288176065601e-04, 8.5229125740670625e-02,
       5.9677360951074622e-03, 5.0892200841260295e-04,
       -9.9998206340128326e-01, 4.2690394761383142e-03, 0., 0., 0., 1. ]
mean-rme0: 1.2448112202456635e-03
max-rme0: 3.6488714675682460e-03
Hcamera2end1: !!opencv-matrix
   rows: 4
   cols: 4
   dt: d
   data: [ 9.9996111525708165e-01, 8.4252513717866934e-03,
       2.6044410409359238e-03, -1.6961092047318171e-02,
       -2.5273604258793120e-03, -9.1465078990071724e-03,
       9.9995497590768101e-01, 2.6541195945342818e-02,
       8.4486935730445391e-03, -9.9992267527673129e-01,
       -9.1248585925036707e-03, 3.4578011769201493e-02, 0., 0., 0., 1. ]
Hobj2base1: !!opencv-matrix
   rows: 4
   cols: 4
   dt: d
   data: [ 9.9994057164759287e-01, 7.3925508386026755e-03,
       8.0127002429803557e-03, -7.3500252156016810e-01,
       7.3402974400643426e-03, -9.9995173037201690e-01,
       6.5312295550300136e-03, 8.7395389143907029e-02,
       8.0605959194446318e-03, -6.4720258117368134e-03,
       -9.9994656841019047e-01, 4.5061978708911266e-03, 0., 0., 0., 1. ]
mean-rme1: 1.1729914990126014e-03
max-rme1: 3.5869540486311580e-03
Hcamera2end2: !!opencv-matrix
   rows: 4
   cols: 4
   dt: d
   data: [ 9.9996370651052768e-01, 6.9368303216639660e-03,
       4.9463164896521271e-03, -1.6899914050887647e-02,
       -4.8829832082412459e-03, -9.1174118974661766e-03,
       9.9994651320722139e-01, 2.6286682418553895e-02,
       6.9815568976694005e-03, -9.9993437443933297e-01,
       -9.0832085687944097e-03, 3.4366332035276607e-02, 0., 0., 0., 1. ]
Hobj2base2: !!opencv-matrix
   rows: 4
   cols: 4
   dt: d
   data: [ 9.9996113317432334e-01, 4.7810345969226181e-03,
       7.4076884995372258e-03, -7.3449046313935207e-01,
       4.7253753916251069e-03, -9.9996061146119475e-01,
       7.5130788336796265e-03, 8.8022308348642928e-02,
       7.4433170113445369e-03, -7.4777827152097652e-03,
       -9.9994433834965646e-01, 4.7507634861593739e-03, 0., 0., 0., 1. ]
mean-rme2: 1.2902870022032666e-03
max-rme2: 4.5977183117006659e-03
Hcamera2end3: !!opencv-matrix
   rows: 4
   cols: 4
   dt: d
   data: [ 9.9994945975502181e-01, 8.5897992464919574e-03,
       5.2242975168955577e-03, -1.6790830050257756e-02,
       -5.1511837099252637e-03, -8.5119071030044235e-03,
       9.9995050514705797e-01, 2.6634008611008567e-02,
       8.6338428307837240e-03, -9.9992687871982666e-01,
       -8.4672292751841738e-03, 3.4150691225894238e-02, 0., 0., 0., 1. ]
Hobj2base3: !!opencv-matrix
   rows: 4
   cols: 4
   dt: d
   data: [ 9.9995762679536826e-01, 6.2019486334805351e-03,
       6.8029733883610772e-03, -7.3458338159299641e-01,
       6.1478449774654094e-03, -9.9994953738200798e-01,
       7.9452307480988686e-03, 8.7943559777919830e-02,
       6.8519060054946330e-03, -7.9030704574330653e-03,
       -9.9994529493439588e-01, 4.5793710566194024e-03, 0., 0., 0., 1. ]
mean-rme3: 1.2013077647634077e-03
max-rme3: 4.4991354527646188e-03
Hcamera2end4: !!opencv-matrix
   rows: 4
   cols: 4
   dt: d
   data: [ 9.9999092918829025e-01, 4.2576431875773271e-03,
       -1.1838761443727901e-04, -1.6918843125181864e-02,
       1.1802890597730365e-04, 8.4501639713185916e-05,
       9.9999998946432522e-01, 2.6164609457464308e-02,
       4.2576531466677241e-03, -9.9999093262587158e-01,
       8.3998348247238397e-05, 3.3944971276232062e-02, 0., 0., 0., 1. ]
Hobj2base4: !!opencv-matrix
   rows: 4
   cols: 4
   dt: d
   data: [ 9.9999185429260107e-01, 3.9200480696558798e-03,
       -9.6154645076008602e-04, -7.3705494927808202e-01,
       3.9225397959105996e-03, -9.9998891813446100e-01,
       2.6033228419876497e-03, 8.6270374302417172e-02,
       -9.5133064435018444e-04, -2.6070733403002365e-03,
       -9.9999614906188672e-01, 5.9498539662612183e-03, 0., 0., 0., 1. ]
mean-rme4: 1.5741595019465844e-03
max-rme4: 5.2288896413214825e-03
Hcamera2end5: !!opencv-matrix
   rows: 4
   cols: 4
   dt: d
   data: [ 9.9999059305884208e-01, 4.3343978783483752e-03,
       -1.6367301997344871e-04, -1.6968923257433061e-02,
       1.6474085891242125e-04, -2.4600796583040818e-04,
       9.9999995617026416e-01, 2.6312324613298840e-02,
       4.3343574235061560e-03, -9.9999057619315246e-01,
       -2.4671970407719179e-04, 3.3285509964499499e-02, 0., 0., 0., 1. ]
Hobj2base5: !!opencv-matrix
   rows: 4
   cols: 4
   dt: d
   data: [ 9.9999197689416874e-01, 3.8430523889937678e-03,
       -1.1300865576187307e-03, -7.3626881234161878e-01,
       3.8461923186451793e-03, -9.9998871250272225e-01,
       2.7895648041462817e-03, 8.6413434383257340e-02,
       -1.1193533580849604e-03, -2.7938889534099526e-03,
       -9.9999547060603033e-01, 5.8791527919514700e-03, 0., 0., 0., 1. ]
mean-rme5: 1.5741945274148764e-03
max-rme5: 5.4117381779469620e-03
Hcamera2end6: !!opencv-matrix
   rows: 4
   cols: 4
   dt: d
   data: [ 9.9997199673816706e-01, 7.4772631459221230e-03,
       -3.1028266127010838e-04, -1.6889608296197900e-02,
       2.9609605723607746e-04, 1.8983313457511253e-03,
       9.9999815433090999e-01, 2.7338325120961651e-02,
       7.4778383646705894e-03, -9.9997024299423432e-01,
       1.8960641981450310e-03, 3.2992653728261601e-02, 0., 0., 0., 1. ]
Hobj2base6: !!opencv-matrix
   rows: 4
   cols: 4
   dt: d
   data: [ 9.9997291841109992e-01, 6.9424688610950731e-03,
       -2.4422470187343234e-03, -7.3687281067993815e-01,
       6.9526564236863922e-03, -9.9996706036912641e-01,
       4.1879285311715603e-03, 8.6087415329540617e-02,
       -2.4130920085988741e-03, -4.2047952198357684e-03,
       -9.9998824827300714e-01, 5.2958361086638487e-03, 0., 0., 0., 1. ]
mean-rme6: 1.7812292222684934e-03
max-rme6: 5.9107309012801923e-03
Hcamera2end7: !!opencv-matrix
   rows: 4
   cols: 4
   dt: d
   data: [ 9.9997152722511817e-01, 7.3743445116654077e-03,
       1.6011814662670694e-03, -1.7026188910547201e-02,
       -1.6203355906219841e-03, 2.5921585614373521e-03,
       9.9999532760236753e-01, 2.6997463089763089e-02,
       7.3701595395493707e-03, -9.9996944941183863e-01,
       2.6040336683599286e-03, 3.3563804202136158e-02, 0., 0., 0., 1. ]
Hobj2base7: !!opencv-matrix
   rows: 4
   cols: 4
   dt: d
   data: [ 9.9997538451460177e-01, 6.5243604699893511e-03,
       -2.5812952818147529e-03, -7.3773588292130021e-01,
       6.5394851490139395e-03, -9.9996124165936973e-01,
       5.8949396127145302e-03, 8.6800062610558962e-02,
       -2.5427345241107839e-03, -5.9116748480752181e-03,
       -9.9997929308642708e-01, 5.8477990566922211e-03, 0., 0., 0., 1. ]
mean-rme7: 1.8236986836886457e-03
max-rme7: 6.1067319233663042e-03
Hcamera2end8: !!opencv-matrix
   rows: 4
   cols: 4
   dt: d
   data: [ 9.9994005005038389e-01, 1.0901582830934210e-02,
       -1.0255715557631944e-03, -1.6878792667973971e-02,
       1.0080609063840094e-03, 1.6116218986729214e-03,
       9.9999819324240014e-01, 2.7132691569945508e-02,
       1.0903215967994505e-02, -9.9993927723969123e-01,
       1.6005358225517075e-03, 3.3482463200570606e-02, 0., 0., 0., 1. ]
