%YAML:1.0
---
Hcamera2end0: !!opencv-matrix
   rows: 4
   cols: 4
   dt: d
   data: [ 9.9994248069254388e-01, 4.2745726102738166e-03,
       9.8368356416560412e-03, -1.8287629639673370e-02,
       -9.7805704671048675e-03, -1.2990121303050328e-02,
       9.9986778985517388e-01, 2.8137661196481221e-02,
       4.4017891566332217e-03, -9.9990648801652038e-01,
       -1.2947566361637852e-02, 3.2499167963560505e-02, 0., 0., 0., 1. ]
Hobj2base0: !!opencv-matrix
   rows: 4
   cols: 4
   dt: d
   data: [ 9.9992596510858300e-01, 1.1090381008792289e-03,
       1.2117521865445938e-02, -7.3140260513060451e-01,
       9.9549173666113188e-04, -9.9995558215128377e-01,
       9.3724447552265416e-03, 8.8011457699536402e-02,
       1.2127378029524833e-02, -9.3596879744109150e-03,
       -9.9988265458660242e-01, -5.3061288518126604e-04, 0., 0., 0., 1. ]
mean-rme0: 1.3580570165797779e-03
max-rme0: 5.3659993726234700e-03
Hcamera2end1: !!opencv-matrix
   rows: 4
   cols: 4
   dt: d
   data: [ 9.9993366502317127e-01, 6.4394033049765655e-03,
       9.5498501770549561e-03, -1.9009423751893243e-02,
       -9.5685106518687436e-03, 2.8733028493875823e-03,
       9.9995009262194723e-01, 2.8538596338844830e-02,
       6.4116423195164328e-03, -9.9997513879886613e-01,
       2.9347277480249456e-03, 3.2885518375790936e-02, 0., 0., 0., 1. ]
Hobj2base1: !!opencv-matrix
   rows: 4
   cols: 4
   dt: d
   data: [ 9.9998933150927494e-01, 4.4821326963977995e-03,
       -1.1168500908151451e-03, -7.3649740170856837e-01,
       4.4924258194774741e-03, -9.9994581447410225e-01,
       9.3907521519998195e-03, 8.6465803400252089e-02,
       -1.0746989764413792e-03, -9.3956693330320470e-03,
       -9.9995528221010677e-01, 1.9437217957551298e-03, 0., 0., 0., 1. ]
mean-rme1: 1.5996166975635348e-03
max-rme1: 5.0352796516843212e-03
Hcamera2end2: !!opencv-matrix
   rows: 4
   cols: 4
   dt: d
   data: [ 9.9996867916879051e-01, 5.5445740607275237e-03,
       5.6478650753742964e-03, -1.8989304565594251e-02,
       -5.6336397130954795e-03, -2.5779111043995329e-03,
       9.9998080805479506e-01, 2.8930915071564155e-02,
       5.5590273436599219e-03, -9.9998130586167611e-01,
       -2.5465942294602417e-03, 3.2523053829901824e-02, 0., 0., 0., 1. ]
Hobj2base2: !!opencv-matrix
   rows: 4
   cols: 4
   dt: d
   data: [ 9.9998863527051352e-01, 3.2357650043278044e-03,
       3.5013075632773995e-03, -7.3447782414883334e-01,
       3.2159233154544472e-03, -9.9997882331767318e-01,
       5.6578046476337520e-03, 8.5853256396106276e-02,
       3.5195407434795403e-03, -5.6464804115871235e-03,
       -9.9997786480097473e-01, -3.2645470189382464e-04, 0., 0., 0., 1. ]
mean-rme2: 1.7136018824721647e-03
max-rme2: 5.2849177959550520e-03
Hcamera2end3: !!opencv-matrix
   rows: 4
   cols: 4
   dt: d
   data: [ 9.9995255145665385e-01, 9.2201664740930132e-03,
       3.1437820404727041e-03, -1.7946026832888356e-02,
       -3.1262382049929887e-03, -1.9165634750275551e-03,
       9.9999327668696425e-01, 2.9546004690808710e-02,
       9.2261297418597850e-03, -9.9995565667415265e-01,
       -1.8876481001945944e-03, 3.2765962630477929e-02, 0., 0., 0., 1. ]
Hobj2base3: !!opencv-matrix
   rows: 4
   cols: 4
   dt: d
   data: [ 9.9997069606443201e-01, 6.5180874194222622e-03,
       4.0151648544085924e-03, -7.3489270925782479e-01,
       6.5021108320618233e-03, -9.9997094325771663e-01,
       3.9793460518680428e-03, 8.5919140838274177e-02,
       4.0409859122363997e-03, -3.9531223944753724e-03,
       -9.9998402150043963e-01, -8.9466810697542206e-04, 0., 0., 0., 1. ]
mean-rme3: 1.8757526665710931e-03
max-rme3: 5.7334763078266404e-03
Hcamera2end4: !!opencv-matrix
   rows: 4
   cols: 4
   dt: d
   data: [ 9.9995299570858898e-01, 8.9574493758932620e-03,
       3.7108589432912611e-03, -1.8453206573898741e-02,
       -3.6956914984732207e-03, -1.7092360878463442e-03,
       9.9999171015381128e-01, 2.9011240245393404e-02,
       8.9637178540384714e-03, -9.9995842044190730e-01,
       -1.6760517769085492e-03, 3.2729451315223965e-02, 0., 0., 0., 1. ]
Hobj2base4: !!opencv-matrix
   rows: 4
   cols: 4
   dt: d
   data: [ 9.9997162102143511e-01, 6.6550956282605683e-03,
       3.5308432338454357e-03, -7.3493860311812176e-01,
       6.6381474617636070e-03, -9.9996649376980939e-01,
       4.7902333961758400e-03, 8.5438478069269491e-02,
       3.5626043899325130e-03, -4.7666591961943328e-03,
       -9.9998229324826959e-01, -2.8756359042941273e-04, 0., 0., 0., 1. ]
mean-rme4: 1.7520617124754804e-03
max-rme4: 5.5468396495997052e-03
Hcamera2end5: !!opencv-matrix
   rows: 4
   cols: 4
   dt: d
   data: [ 9.9996335622698218e-01, 5.8227904024163576e-03,
       6.2754533859418656e-03, -1.9244899072056759e-02,
       -6.2791982352259591e-03, 6.2507802393685363e-04,
       9.9998009027529489e-01, 2.9100334730632466e-02,
       5.8187518242606359e-03, -9.9998285204767079e-01,
       6.6161757393856657e-04, 3.3030126798779855e-02, 0., 0., 0., 1. ]
Hobj2base5: !!opencv-matrix
   rows: 4
   cols: 4
   dt: d
   data: [ 9.9999076949734045e-01, 4.0977927773705588e-03,
       1.2919034293029351e-03, -7.3554057268375539e-01,
       4.0895681692485293e-03, -9.9997175512295056e-01,
       6.3059010866757361e-03, 8.5909500961073360e-02,
       1.3177072155772078e-03, -6.3005595528967647e-03,
       -9.9997928308391182e-01, 5.9880986572912289e-04, 0., 0., 0., 1. ]
mean-rme5: 1.8430818450021528e-03
max-rme5: 5.4647730788015270e-03
Hcamera2end6: !!opencv-matrix
   rows: 4
   cols: 4
   dt: d
   data: [ 9.9996653233171640e-01, 7.2630678817369567e-03,
       3.7659077826971759e-03, -1.7620902954280045e-02,
       -3.7819294163722308e-03, 2.1934329663904073e-03,
       9.9999044288518624e-01, 3.0291053334020906e-02,
       7.2547382014843597e-03, -9.9997121793417976e-01,
       2.2208279673785469e-03, 3.3122261412890250e-02, 0., 0., 0., 1. ]
Hobj2base6: !!opencv-matrix
   rows: 4
   cols: 4
   dt: d
   data: [ 9.9998479807008378e-01, 5.5073595741207725e-03,
       -2.6947960036261134e-04, -7.3621162407606089e-01,
       5.5084844698613253e-03, -9.9997528533501878e-01,
       4.3686746266545983e-03, 8.6675077981042251e-02,
       -2.4541307823324436e-04, -4.3700926385626384e-03,
       -9.9999042098549706e-01, -3.4682408533677950e-04, 0., 0., 0., 1. ]
mean-rme6: 1.9071302556192492e-03
max-rme6: 5.5773511297778910e-03
Hcamera2end7: !!opencv-matrix
   rows: 4
   cols: 4
   dt: d
   data: [ 9.9997626054309008e-01, 6.7969741462319214e-03,
       1.1311466365553154e-03, -1.7202045697034301e-02,
       -1.1389141539550102e-03, 1.1390285466841288e-03,
       9.9999870274341840e-01, 2.9233421838517407e-02,
       6.7956769205029539e-03, -9.9997625159621928e-01,
       1.1467426768242417e-03, 3.3164872746169180e-02, 0., 0., 0., 1. ]
Hobj2base7: !!opencv-matrix
   rows: 4
   cols: 4
   dt: d
   data: [ 9.9998518436669093e-01, 5.3124201012318311e-03,
       1.1871140565508607e-03, -7.3586517563871534e-01,
       5.3099145204099753e-03, -9.9998368901916979e-01,
       2.1039257113298145e-03, 8.6401413189110460e-02,
       1.1982716307966075e-03, -2.0975910661717033e-03,
       -9.9999708212415217e-01, 2.8419494293890901e-04, 0., 0., 0., 1. ]
mean-rme7: 1.9427034193117423e-03
max-rme7: 5.4978960880217864e-03
Hcamera2end8: !!opencv-matrix
   rows: 4
   cols: 4
   dt: d
   data: [ 9.9997173972684639e-01, 7.5088636871575663e-03,
       -3.6974828181353565e-04, -1.6349658949023790e-02,
       3.6035348409701150e-04, 1.2524754447884590e-03,
       9.9999915072495271e-01, 2.9808709959264022e-02,
       7.5093204107107275e-03, -9.9997102371588131e-01,
       1.2497342042989690e-03, 3.3200038879142836e-02, 0., 0., 0., 1. ]
Hobj2base8: !!opencv-matrix
   rows: 4
   cols: 4
   dt: d
   data: [ 9.9998042227691986e-01, 6.2223769811457991e-03,
       6.6112599213255692e-04, -7.3601794011918742e-01,
       6.2219059814107658e-03, -9.9998039020413554e-01,
       7.1210472826039434e-04, 8.6686044405024115e-02,
       6.6554401165610285e-04, -7.0797732310630477e-04,
       -9.9999952790952817e-01, -2.9499018751610081e-04, 0., 0., 0., 1. ]
mean-rme8: 1.8888092932936398e-03
max-rme8: 5.4756958835839586e-03
Hcamera2end9: !!opencv-matrix
   rows: 4
   cols: 4
   dt: d
   data: [ 9.9997820466714427e-01, 6.5876654555419630e-03,
       -4.3915204752853140e-04, -1.6299792630269424e-02,
       4.2968722330265089e-04, 1.4380959105309010e-03,
       9.9999887362388662e-01, 2.9722298360531640e-02,
       6.5882895781166038e-03, -9.9997726701360456e-01,
       1.4352339310742535e-03, 3.3273171479897674e-02, 0., 0., 0., 1. ]
Hobj2base9: !!opencv-matrix
   rows: 4
   cols: 4
   dt: d
   data: [ 9.9998342645399341e-01, 5.6807440216185981e-03,
       9.3592985399993821e-04, -7.3583213672541503e-01,
       5.6802833200222487e-03, -9.9998374495931253e-01,
       4.9416449972260429e-04, 8.6684644740217934e-02,
       9.3872186244957627e-04, -4.8883996292614662e-04,
       -9.9999943991822082e-01, -4.1100704145212718e-04, 0., 0., 0., 1. ]
mean-rme9: 1.9422329704484364e-03
max-rme9: 5.2487073456071454e-03
Hcamera2end10: !!opencv-matrix
   rows: 4
   cols: 4
   dt: d
   data: [ 9.9996808628826561e-01, 7.9666517440851632e-03,
       -5.9905339690849522e-04, -1.6220034250792988e-02,
       5.9160339122607932e-04, 9.3747261824372874e-04,
       9.9999938557507007e-01, 2.9687854832837909e-02,
       7.9672084453321912e-03, -9.9996782628496528e-01,
       9.3272960182433362e-04, 3.3217633440903983e-02, 0., 0., 0., 1. ]
Hobj2base10: !!opencv-matrix
   rows: 4
   cols: 4
   dt: d
   data: [ 9.9997798304336050e-01, 6.5843414123551566e-03,
       8.2454635902406471e-04, -7.3580730378927439e-01,
       6.5839977690998223e-03, -9.9997823755749304e-01,
       4.1878966963709835e-04, 8.6612551604786051e-02,
       8.2728586904618981e-04, -4.1335163777476703e-04,
       -9.9999957236916615e-01, -3.7437839839443363e-04, 0., 0., 0., 1. ]
mean-rme10: 1.9200863534779256e-03
max-rme10: 5.4274357203531742e-03
Hcamera2end11: !!opencv-matrix
   rows: 4
   cols: 4
   dt: d
   data: [ 9.9997283529236647e-01, 7.2459245057886756e-03,
       -1.3510201338966339e-03, -1.5683771166835728e-02,
       1.3451903436437988e-03, 8.0937457615215536e-04,
       9.9999876768710816e-01, 2.8634194198328761e-02,
       7.2470090578907386e-03, -9.9997342039218828e-01,
       7.9960544205248674e-04, 3.3232407115894029e-02, 0., 0., 0., 1. ]
Hobj2base11: !!opencv-matrix
   rows: 4
   cols: 4
   dt: d
   data: [ 9.9998115906900731e-01, 5.9411419104398603e-03,
       1.5441307602301515e-03, -7.3558419503802785e-01,
       5.9408114896243253e-03, -9.9998232935572928e-01,
       2.1848371800981480e-04, 8.7225551567609028e-02,
       1.5454015172185964e-03, -2.0930621181130312e-04,
       -9.9999878396179098e-01, 4.7384670630144218e-04, 0., 0., 0., 1. ]
mean-rme11: 1.9665538347585993e-03
max-rme11: 5.5614362970459186e-03
Hcamera2end12: !!opencv-matrix
   rows: 4
   cols: 4
   dt: d
   data: [ 9.9997369882565901e-01, 7.2046109928126326e-03,
       -8.3380895437844315e-04, -1.5639284030027317e-02,
       8.2546897976478253e-04, 1.1604845690302845e-03,
       9.9999898593775016e-01, 2.8342254280963795e-02,
       7.2055713093136763e-03, -9.9997337307350709e-01,
       1.1545068640373968e-03, 3.3268276078808515e-02, 0., 0., 0., 1. ]
Hobj2base12: !!opencv-matrix
   rows: 4
   cols: 4
   dt: d
   data: [ 9.9998279057625228e-01, 5.7193559271017640e-03,
       1.3067207469037363e-03, -7.3568184603476849e-01,
       5.7185042366674904e-03, -9.9998343497592090e-01,
       6.5458616943559866e-04, 8.7410166500028877e-02,
       1.3104429123310594e-03, -6.4710241625751911e-04,
       -9.9999893199834777e-01, 9.1002820111242089e-04, 0., 0., 0., 1. ]
mean-rme12: 1.9256742898862774e-03
max-rme12: 5.5557119984764036e-03
Hcamera2end13: !!opencv-matrix
   rows: 4
   cols: 4
   dt: d
   data: [ 9.9998401855766816e-01, 5.6013530775024176e-03,
       -7.6646784553866280e-04, -1.5933652418974514e-02,
       7.6127170636935406e-04, 9.2973107608995686e-04,
       9.9999927803249700e-01, 2.8329664088152722e-02,
       5.6020616424823436e-03, -9.9998388009198791e-01,
       9.2545206603111829e-04, 3.3208426276929388e-02, 0., 0., 0., 1. ]
Hobj2base13: !!opencv-matrix
   rows: 4
   cols: 4
   dt: d
   data: [ 9.9998898996970509e-01, 4.4361818261204932e-03,
       1.5297810871674044e-03, -7.3543204618005986e-01,
       4.4348034419626299e-03, -9.9998975827497860e-01,
       9.0325167129637362e-04, 8.7746570051365408e-02,
       1.5337724082187839e-03, -8.9645744803728937e-04,
       -9.9999842195187694e-01, 8.1309703794438975e-04, 0., 0., 0., 1. ]
mean-rme13: 1.9684149152361849e-03
max-rme13: 6.8607754862526626e-03
Hcamera2end14: !!opencv-matrix
   rows: 4
   cols: 4
   dt: d
   data: [ 9.9998362235927774e-01, 5.6652821808860811e-03,
       -8.1215209675682782e-04, -1.5896696768726556e-02,
       8.0619501060949809e-04, 1.0537118416371616e-03,
       9.9999911987009260e-01, 2.8367566789233536e-02,
       5.6661329689833631e-03, -9.9998339699675309e-01,
       1.0491272620952730e-03, 3.3306663998939293e-02, 0., 0., 0., 1. ]
Hobj2base14: !!opencv-matrix
   rows: 4
   cols: 4
   dt: d
   data: [ 9.9998568747810945e-01, 5.1278394412942211e-03,
       1.5264670311496890e-03, -7.3553589468208425e-01,
       5.1269308593430525e-03, -9.9998667807735409e-01,
       5.9853803737712128e-04, 8.7643810044243237e-02,
       1.5295159026291556e-03, -5.9070337986058790e-04,
       -9.9999865582440717e-01, 8.5069814962158985e-04, 0., 0., 0., 1. ]
mean-rme14: 1.9532554923001899e-03
max-rme14: 6.7923548094823982e-03
Hcamera2end15: !!opencv-matrix
   rows: 4
   cols: 4
   dt: d
   data: [ 9.9998534983230991e-01, 5.3634845082802963e-03,
       7.3017441906648908e-04, -1.6789777064323778e-02,
       -7.3074678671824524e-04, 1.0475672068088748e-04,
       9.9999972751754440e-01, 2.9082028541035788e-02,
       5.3634065561472006e-03, -9.9998561092645677e-01,
       1.0867453504737057e-04, 3.3343781750064291e-02, 0., 0., 0., 1. ]
Hobj2base15: !!opencv-matrix
   rows: 4
   cols: 4
   dt: d
   data: [ 9.9998410538562776e-01, 5.0686397762903929e-03,
       2.4693859406704523e-03, -7.3524814773822600e-01,
       5.0642581583237242e-03, -9.9998559694974820e-01,
       1.7774088899917735e-03, 8.7257537246322944e-02,
       2.4783594193792018e-03, -1.7648750308667950e-03,
       -9.9999537146464568e-01, 1.2535052098927845e-04, 0., 0., 0., 1. ]
mean-rme15: 1.9607650029895289e-03
max-rme15: 6.9549726359237340e-03
Hcamera2end16: !!opencv-matrix
   rows: 4
   cols: 4
   dt: d
   data: [ 9.9998557686191769e-01, 5.3707629472905197e-03,
       -3.1200987345896339e-05, -1.6533201661032133e-02,
       3.2879236568204243e-05, -3.1239072666022771e-04,
       9.9999995066549363e-01, 2.9020583739221253e-02,
       5.3707529354274711e-03, -9.9998552855398748e-01,
       -3.1256280759128785e-04, 3.3302556333458536e-02, 0., 0., 0., 1. ]
Hobj2base16: !!opencv-matrix
   rows: 4
   cols: 4
   dt: d
   data: [ 9.9998383229134069e-01, 5.0112471597908576e-03,
       2.6874816887401671e-03, -7.3506815457848296e-01,
       5.0075713894960506e-03, -9.9998651983375808e-01,
       1.3727270480710122e-03, 8.7307662143918593e-02,
       2.6943245355610444e-03, -1.3592470978057007e-03,
       -9.9999544652094530e-01, -3.9257446439455723e-06, 0., 0., 0., 1. ]
mean-rme16: 1.9679853262577389e-03
max-rme16: 6.8329815120975190e-03
Hcamera2end17: !!opencv-matrix
   rows: 4
   cols: 4
   dt: d
   data: [ 9.9999335515324994e-01, 3.5756112544861893e-03,
       -7.1038968384590554e-04, -1.6121157938347973e-02,
       7.1311653874022861e-04, -7.6140908550459407e-04,
       9.9999945586035532e-01, 2.9197802273864405e-02,
       3.5750684116948222e-03, -9.9999331760785348e-01,
       -7.6395385357952428e-04, 3.3347108129472516e-02, 0., 0., 0., 1. ]
Hobj2base17: !!opencv-matrix
   rows: 4
   cols: 4
   dt: d
   data: [ 9.9999019298648628e-01, 3.1942340887128116e-03,
       3.0677026316945680e-03, -7.3482548530122771e-01,
       3.1924090640894462e-03, -9.9999472447121240e-01,
       5.9962831120072247e-04, 8.7778776973395090e-02,
       3.0696018011332174e-03, -5.8982906895041845e-04,
       -9.9999511481129355e-01, -2.7186546989503991e-04, 0., 0., 0., 1. ]
mean-rme17: 1.9342378004705591e-03
max-rme17: 6.7222891380320504e-03
Hcamera2end18: !!opencv-matrix
   rows: 4
   cols: 4
   dt: d
   data: [ 9.9998750802737724e-01, 4.9742576218525271e-03,
       -4.9045928220827319e-04, -1.6117447102569234e-02,
       4.9637538610215488e-04, -1.1881792752288511e-03,
       9.9999917092039925e-01, 2.9175975786851896e-02,
       4.9736707442425403e-03, -9.9998692241004905e-01,
       -1.1906335315734484e-03, 3.3289499518776890e-02, 0., 0., 0., 1. ]
Hobj2base18: !!opencv-matrix
   rows: 4
   cols: 4
   dt: d
   data: [ 9.9998614224691862e-01, 4.1485147349580274e-03,
       3.2411633126525632e-03, -7.3481709321920796e-01,
       4.1465517523437360e-03, -9.9999121566615901e-01,
       6.1212668873950602e-04, 8.7616370367365026e-02,
       3.2436742577798875e-03, -5.9867855462528727e-04,
       -9.9999456006585263e-01, -2.9201223016721056e-04, 0., 0., 0., 1. ]
mean-rme18: 1.9348352618097561e-03
max-rme18: 6.9175597371977371e-03
Hcamera2end19: !!opencv-matrix
   rows: 4
   cols: 4
   dt: d
   data: [ 9.9998736262240506e-01, 5.0269687465824432e-03,
       -6.4658390330536979e-05, -1.6259732263102390e-02,
       7.3636770527424605e-05, -1.7858780029516019e-03,
       9.9999840260741646e-01, 2.9196917944504304e-02,
       5.0268452445428515e-03, -9.9998577001124334e-01,
       -1.7862256038809754e-03, 3.3305978891664333e-02, 0., 0., 0., 1. ]
Hobj2base19: !!opencv-matrix
   rows: 4
   cols: 4
   dt: d
   data: [ 9.9998568691512368e-01, 4.0662764901369950e-03,
       3.4772633483956387e-03, -7.3466055732018642e-01,
       4.0638116932936201e-03, -9.9999148663621762e-01,
       7.1560436606318118e-04, 8.7574061659373592e-02,
       3.4801435903977491e-03, -7.0146318010128029e-04,
       -9.9999369825514250e-01, -3.0941123276966297e-04, 0., 0., 0., 1. ]
mean-rme19: 1.9356019614546673e-03
max-rme19: 7.0372600196003943e-03
Hcamera2end20: !!opencv-matrix
   rows: 4
   cols: 4
   dt: d
   data: [ 9.9998505675498173e-01, 5.4660196297196878e-03,
       -9.4319369139007382e-05, -1.5747285811856398e-02,
       1.0248374274652704e-04, -1.4933989252916557e-03,
       9.9999887962773870e-01, 2.8853028325749704e-02,
       5.4658726492984077e-03, -9.9998394606566443e-01,
       -1.4939367872150999e-03, 3.3295798427632257e-02, 0., 0., 0., 1. ]
Hobj2base20: !!opencv-matrix
   rows: 4
   cols: 4
   dt: d
   data: [ 9.9998421165108198e-01, 4.6982398854634715e-03,
       3.0826920934147336e-03, -7.3491434891955010e-01,
       4.6968128233748525e-03, -9.9998885946094873e-01,
       4.7000350325491445e-04, 8.7853813699275057e-02,
       3.0848659397683833e-03, -4.5551725492074571e-04,
       -9.9999513804126261e-01, 1.7774903855835149e-04, 0., 0., 0., 1. ]
mean-rme20: 1.9489789193764683e-03
max-rme20: 7.1358881379949002e-03
Hcamera2end21: !!opencv-matrix
   rows: 4
   cols: 4
   dt: d
   data: [ 9.9998816331661922e-01, 4.8480995885452956e-03,
       -4.1128704584647569e-04, -1.5820349732930762e-02,
       4.1946191694614216e-04, -1.6853049685212618e-03,
       9.9999849189829459e-01, 2.8786591409148680e-02,
       4.8473991330161836e-03, -9.9998682775201730e-01,
       -1.6873186132468909e-03, 3.3316503120017042e-02, 0., 0., 0., 1. ]
Hobj2base21: !!opencv-matrix
   rows: 4
   cols: 4
   dt: d
   data: [ 9.9998573305147531e-01, 4.1364382530939322e-03,
       3.3798775246795384e-03, -7.3484229362657705e-01,
       4.1354290551487496e-03, -9.9999140240377837e-01,
       3.0552422837913700e-04, 8.7757302335523563e-02,
       3.3811122479628173e-03, -2.9154262576229370e-04,
       -9.9999424152485195e-01, 2.1774082697628087e-04, 0., 0., 0., 1. ]
mean-rme21: 1.9093978589411404e-03
max-rme21: 7.0838093610978148e-03
Hcamera2end22: !!opencv-matrix
   rows: 4
   cols: 4
   dt: d
   data: [ 9.9999331469013608e-01, 3.6392565655686999e-03,
       3.5550904969051098e-04, -1.5963415840751047e-02,
       -3.5732328591494785e-04, 4.9788030418851381e-04,
       9.9999981221761824e-01, 2.9266762238259823e-02,
       3.6390788812266329e-03, -9.9999325394067162e-01,
       4.9917736681870384e-04, 3.3245765065171774e-02, 0., 0., 0., 1. ]
Hobj2base22: !!opencv-matrix
   rows: 4
   cols: 4
   dt: d
   data: [ 9.9999468653850954e-01, 2.8715085530803290e-03,
       1.5431569517296625e-03, -7.3542385901714791e-01,
       2.8699976513454281e-03, -9.9999540093247119e-01,
       9.8042204550746726e-04, 8.8091824600264240e-02,
       1.5459651449359372e-03, -9.7598797924556256e-04,
       -9.9999832871822081e-01, 1.1303051414553376e-04, 0., 0., 0., 1. ]
mean-rme22: 1.9895974666372610e-03
max-rme22: 7.1550683659321879e-03
Hcamera2end23: !!opencv-matrix
   rows: 4
   cols: 4
   dt: d
   data: [ 9.9999230401308170e-01, 3.8313436975121427e-03,
       8.4422750483770887e-04, -1.6233211818011403e-02,
       -8.4516337951182682e-04, 2.4265551523894313e-04,
       9.9999961340850663e-01, 2.9432471178152231e-02,
       3.8311373598870963e-03, -9.9999263093473456e-01,
       2.4589175915279426e-04, 3.3257778611698950e-02, 0., 0., 0., 1. ]
Hobj2base23: !!opencv-matrix
   rows: 4
   cols: 4
   dt: d
   data: [ 9.9999393568166206e-01, 3.0018064795750135e-03,
       1.7657173497422141e-03, -7.3535871462024283e-01,
       2.9991080329362513e-03, -9.9999433387425540e-01,
       1.5289115055831821e-03, 8.7978241459685261e-02,
       1.7702968414298368e-03, -1.5236066566895949e-03,
       -9.9999727233220481e-01, -2.2754694891973772e-05, 0., 0., 0., 1. ]
mean-rme23: 1.9470303487707926e-03
max-rme23: 7.2106048989802329e-03
Hcamera2end24: !!opencv-matrix
   rows: 4
   cols: 4
   dt: d
   data: [ 9.9999732577335387e-01, 1.9314890498403183e-03,
       1.2719261736124600e-03, -1.6304264389950703e-02,
       -1.2746316407267434e-03, 1.4001313776367263e-03,
       9.9999820747154611e-01, 2.9839587752694397e-02,
       1.9297047238455265e-03, -9.9999715448703919e-01,
       1.4025895704247171e-03, 3.3263480093705736e-02, 0., 0., 0., 1. ]
Hobj2base24: !!opencv-matrix
   rows: 4
   cols: 4
   dt: d
   data: [ 9.9999885709774050e-01, 1.2759666314213914e-03,
       8.1099467835845415e-04, -7.3554478664267997e-01,
       1.2743769060469658e-03, -9.9999727164406083e-01,
       1.9577200860896524e-03, 8.8322010639535445e-02,
       8.1349045117982066e-04, -1.9566843357179155e-03,
       -9.9999775480732755e-01, -2.3927347449317533e-04, 0., 0., 0., 1. ]
mean-rme24: 2.0138090557451937e-03
max-rme24: 7.2141042767407126e-03
