%YAML:1.0
---
Hcamera2end0: !!opencv-matrix
   rows: 4
   cols: 4
   dt: d
   data: [ 9.9996879664640703e-01, 3.6109073152708797e-03,
       7.0261712117799377e-03, -1.2337414928694642e-02,
       -6.9944819970286448e-03, -8.7149188576329806e-03,
       9.9993756175618198e-01, 2.5626708228602486e-02,
       3.6719143685500213e-03, -9.9995550477892048e-01,
       -8.6893904967286772e-03, 3.1057588903287338e-02, 0., 0., 0., 1. ]
Hobj2base0: !!opencv-matrix
   rows: 4
   cols: 4
   dt: d
   data: [ 9.9996057152135076e-01, 2.4098797048979982e-03,
       8.5468053974317448e-03, -7.3045490496975896e-01,
       2.3503539737892861e-03, -9.9997296177177786e-01,
       6.9678950606075051e-03, 9.4604471655359901e-02,
       8.5633660958492584e-03, -6.9475323090768207e-03,
       -9.9993919842954559e-01, 1.9394736091019327e-03, 0., 0., 0., 1. ]
mean-rme0: 6.7485856429618939e-04
max-rme0: 2.0030353186151761e-03
Hcamera2end1: !!opencv-matrix
   rows: 4
   cols: 4
   dt: d
   data: [ 9.9997741689395025e-01, 2.3898068695419610e-03,
       6.2812837246213190e-03, -1.2436464963139531e-02,
       -6.2573903620598576e-03, -9.8774810233430710e-03,
       9.9993163788055561e-01, 2.5613207281949647e-02,
       2.4516867580714760e-03, -9.9994836076257454e-01,
       -9.8623040046690313e-03, 3.0971657725608316e-02, 0., 0., 0., 1. ]
Hobj2base1: !!opencv-matrix
   rows: 4
   cols: 4
   dt: d
   data: [ 9.9995234071250960e-01, 1.7040315732471892e-03,
       9.6131462056180967e-03, -7.2998693815831062e-01,
       1.6389118762244002e-03, -9.9997568712406570e-01,
       6.7778409995223150e-03, 9.4485020905566125e-02,
       9.6244621374486968e-03, -6.7617628729652853e-03,
       -9.9993082175289261e-01, 1.7212998331573859e-03, 0., 0., 0., 1. ]
mean-rme1: 6.3430382841602210e-04
max-rme1: 1.9876541881225784e-03
Hcamera2end2: !!opencv-matrix
   rows: 4
   cols: 4
   dt: d
   data: [ 9.9998941445450340e-01, 4.1653689115048881e-03,
       1.9546561770544348e-03, -1.2616503586526729e-02,
       -1.9169576637188491e-03, -9.0353164170007272e-03,
       9.9995734325548136e-01, 2.6196632171930263e-02,
       4.1828521674735341e-03, -9.9995050515466821e-01,
       -9.0272359373904099e-03, 3.0530429331166287e-02, 0., 0., 0., 1. ]
Hobj2base2: !!opencv-matrix
   rows: 4
   cols: 4
   dt: d
   data: [ 9.9995642664501838e-01, 3.5342312082339358e-03,
       8.6402558464789853e-03, -7.2978345735749639e-01,
       3.4985993429591270e-03, -9.9998532828822984e-01,
       4.1355786679468020e-03, 9.3307175586026067e-02,
       8.6547451703279498e-03, -4.1051696734819591e-03,
       -9.9995412043152698e-01, 1.1398832520403898e-03, 0., 0., 0., 1. ]
mean-rme2: 1.1044413816833610e-03
max-rme2: 6.9286036282264207e-03
Hcamera2end3: !!opencv-matrix
   rows: 4
   cols: 4
   dt: d
   data: [ 9.9998757109292924e-01, 2.3525369749220612e-03,
       4.3958195419497581e-03, -1.2482914667135532e-02,
       -4.3842623530820496e-03, -4.8954629558155549e-03,
       9.9997840610988564e-01, 2.6153441051523313e-02,
       2.3740057462252008e-03, -9.9998524989733195e-01,
       -4.8850879712680761e-03, 3.0880922341741793e-02, 0., 0., 0., 1. ]
Hobj2base3: !!opencv-matrix
   rows: 4
   cols: 4
   dt: d
   data: [ 9.9998817256579065e-01, 1.6463414794713458e-03,
       4.5764930092359437e-03, -7.3105220965043227e-01,
       1.6189499948177405e-03, -9.9998079397521100e-01,
       5.9825313723056448e-03, 9.4142823050572477e-02,
       4.5862544025482279e-03, -5.9750515009758471e-03,
       -9.9997163211268925e-01, 2.1627610724917847e-03, 0., 0., 0., 1. ]
mean-rme3: 1.5192200781021835e-03
max-rme3: 7.9050141082299963e-03
Hcamera2end4: !!opencv-matrix
   rows: 4
   cols: 4
   dt: d
   data: [ 9.9998354126873834e-01, 3.9353233546820772e-03,
       4.1749756559189867e-03, -1.2260310863022950e-02,
       -4.1767932664488481e-03, 4.5376532380270174e-04,
       9.9999117420857309e-01, 2.6159965153173214e-02,
       3.9333941631585732e-03, -9.9999215363277993e-01,
       4.7019488749033833e-04, 3.0254426579194180e-02, 0., 0., 0., 1. ]
Hobj2base4: !!opencv-matrix
   rows: 4
   cols: 4
   dt: d
   data: [ 9.9999752353134397e-01, 2.1901227864845846e-03,
       3.9533954939217892e-04, -7.3192613927664496e-01,
       2.1876942319450673e-03, -9.9997935222704815e-01,
       6.0422771800904803e-03, 9.4142947241594929e-02,
       4.0856471544529609e-04, -6.0413973345285676e-03,
       -9.9998166712851289e-01, 3.2523357987759515e-03, 0., 0., 0., 1. ]
mean-rme4: 1.7643598385437532e-03
max-rme4: 7.7941251816426027e-03
Hcamera2end5: !!opencv-matrix
   rows: 4
   cols: 4
   dt: d
   data: [ 9.9998781514046176e-01, 2.8074367826979186e-03,
       4.0605257439056625e-03, -1.2238979527155025e-02,
       -4.0593295392983451e-03, -4.3165123464072863e-04,
       9.9999166772573811e-01, 2.6142707550586147e-02,
       2.8091661213153199e-03, -9.9999596597982476e-01,
       -4.2024966396936314e-04, 2.9914069795031754e-02, 0., 0., 0., 1. ]
Hobj2base5: !!opencv-matrix
   rows: 4
   cols: 4
   dt: d
   data: [ 9.9999911164096766e-01, 8.8249783950006093e-04,
       9.9895687533762059e-04, -7.3123583598673814e-01,
       8.7704335229397815e-04, -9.9998477757171145e-01,
       5.4475150126483485e-03, 9.4242675054998767e-02,
       1.0037490890175286e-03, -5.4466340448124399e-03,
       -9.9998466321506574e-01, 3.1507605465218632e-03, 0., 0., 0., 1. ]
mean-rme5: 1.7663662826351012e-03
max-rme5: 7.7706324527373749e-03
Hcamera2end6: !!opencv-matrix
   rows: 4
   cols: 4
   dt: d
   data: [ 9.9999301384013861e-01, 1.9254664191541624e-03,
       3.2038804573733997e-03, -1.2216249889296414e-02,
       -3.2028474460225878e-03, -5.3934352495099702e-04,
       9.9999472542448931e-01, 2.6166908861785226e-02,
       1.9271842553155430e-03, -9.9999800084181711e-01,
       -5.3317278180786687e-04, 2.9522939079209807e-02, 0., 0., 0., 1. ]
Hobj2base6: !!opencv-matrix
   rows: 4
   cols: 4
   dt: d
   data: [ 9.9999931617821969e-01, 7.9282351125010021e-04,
       8.5969411602331979e-04, -7.3079609521065692e-01,
       7.8866051170794886e-04, -9.9998801485287081e-01,
       4.8319939168269335e-03, 9.3969501917971751e-02,
       8.6351473084633095e-04, -4.8313126058027959e-03,
       -9.9998795630788218e-01, 3.1618530583726323e-03, 0., 0., 0., 1. ]
mean-rme6: 1.7353149464473614e-03
max-rme6: 7.6659827445962059e-03
Hcamera2end7: !!opencv-matrix
   rows: 4
   cols: 4
   dt: d
   data: [ 9.9999801953224876e-01, 1.9188976507760276e-03,
       5.2798047877726636e-04, -1.2258403059928799e-02,
       -5.2350366538894363e-04, -2.3327670632631303e-03,
       9.9999714206678658e-01, 2.6053609830340614e-02,
       1.9201238221656356e-03, -9.9999543800441137e-01,
       -2.3317578933395033e-03, 3.0677498561120911e-02, 0., 0., 0., 1. ]
Hobj2base7: !!opencv-matrix
   rows: 4
   cols: 4
   dt: d
   data: [ 9.9999591801795229e-01, 1.4099251903188922e-03,
       2.4851676785490398e-03, -7.3150016177578858e-01,
       1.4032580622752608e-03, -9.9999541759213484e-01,
       2.6824730271163681e-03, 9.2876936014333625e-02,
       2.4889383767904075e-03, -2.6789747457285980e-03,
       -9.9999331411768311e-01, 2.4201457132160265e-03, 0., 0., 0., 1. ]
mean-rme7: 1.9083179059202703e-03
max-rme7: 7.4196023084297513e-03
Hcamera2end8: !!opencv-matrix
   rows: 4
   cols: 4
   dt: d
   data: [ 9.9999940041177282e-01, 1.0872757606191830e-03,
       -1.3041286445944711e-04, -1.2379833086816396e-02,
       1.3408831746068793e-04, -3.3810366353399512e-03,
       9.9999427528941087e-01, 2.5980051967832846e-02,
       1.0868286056076655e-03, -9.9999369319145770e-01,
       -3.3811803990875244e-03, 3.1133413373383829e-02, 0., 0., 0., 1. ]
Hobj2base8: !!opencv-matrix
   rows: 4
   cols: 4
   dt: d
   data: [ 9.9999389921879078e-01, 7.0459909297068343e-04,
       3.4212666246789549e-03, -7.3161033298399969e-01,
       6.9907606213955552e-04, -9.9999845112720065e-01,
       1.6152510204844408e-03, 9.2777667800145514e-02,
       3.4223994299760938e-03, -1.6128494405918568e-03,
       -9.9999284292380008e-01, 2.0802615720881385e-03, 0., 0., 0., 1. ]
mean-rme8: 1.9531213781358793e-03
max-rme8: 7.8046141244380030e-03
Hcamera2end9: !!opencv-matrix
   rows: 4
   cols: 4
   dt: d
   data: [ 9.9999882170099130e-01, 1.4232152848480202e-03,
       5.7537368891251537e-04, -1.2327915005374075e-02,
       -5.7105254798261291e-04, -3.0347274601913998e-03,
       9.9999523215274866e-01, 2.6001753339960843e-02,
       1.4249546015085508e-03, -9.9999438242796901e-01,
       -3.0339111536603625e-03, 3.1071339886872905e-02, 0., 0., 0., 1. ]
Hobj2base9: !!opencv-matrix
   rows: 4
   cols: 4
   dt: d
   data: [ 9.9999539669398463e-01, 9.1843987506468017e-04,
       2.8918954054747703e-03, -7.3166261552811407e-01,
       9.1093057336326725e-04, -9.9999621310247799e-01,
       2.5969185959133982e-03, 9.2951725345678929e-02,
       2.8942695677540093e-03, -2.5942723255625885e-03,
       -9.9999244644885676e-01, 2.2692950400921823e-03, 0., 0., 0., 1. ]
mean-rme9: 1.9103128656948907e-03
max-rme9: 7.7203578997468436e-03
Hcamera2end10: !!opencv-matrix
   rows: 4
   cols: 4
   dt: d
   data: [ 9.9999752195701641e-01, 2.1806142615985648e-03,
       4.4833165011934817e-04, -1.2393250540903877e-02,
       -4.4223933308896915e-04, -2.7935338351645633e-03,
       9.9999600028854341e-01, 2.5695427248350625e-02,
       2.1818579694047034e-03, -9.9999372052536117e-01,
       -2.7925625592708503e-03, 3.0903289192452853e-02, 0., 0., 0., 1. ]
Hobj2base10: !!opencv-matrix
   rows: 4
   cols: 4
   dt: d
   data: [ 9.9999557110530046e-01, 1.4997869015032324e-03,
       2.5706826008102712e-03, -7.3172382844561490e-01,
       1.4922689096517666e-03, -9.9999461184174221e-01,
       2.9239392921486932e-03, 9.2966190042306343e-02,
       2.5750540354167431e-03, -2.9200901926076882e-03,
       -9.9999242105627051e-01, 2.6874862236125410e-03, 0., 0., 0., 1. ]
mean-rme10: 1.9372258086555196e-03
max-rme10: 7.8427559830942517e-03
Hcamera2end11: !!opencv-matrix
   rows: 4
   cols: 4
   dt: d
   data: [ 9.9998698151590215e-01, 5.1020751940996020e-03,
       7.5016187711276008e-05, -1.2225605794529561e-02,
       -6.3129469217266480e-05, -2.3299022714089457e-03,
       9.9999728378134878e-01, 2.5897700473752509e-02,
       5.1022361161339423e-03, -9.9998427006834423e-01,
       -2.3295498483142385e-03, 3.0783468136646643e-02, 0., 0., 0., 1. ]
Hobj2base11: !!opencv-matrix
   rows: 4
   cols: 4
   dt: d
   data: [ 9.9998917217813510e-01, 3.9866505687968234e-03,
       2.4004465689569277e-03, -7.3191685072237922e-01,
       3.9784550578424258e-03, -9.9998627415285979e-01,
       3.4093109617971099e-03, 9.2501774665186609e-02,
       2.4140053522793080e-03, -3.3997239775919864e-03,
       -9.9999130718973506e-01, 2.6035670194343883e-03, 0., 0., 0., 1. ]
mean-rme11: 1.9627134802642390e-03
max-rme11: 7.3914216509810560e-03
Hcamera2end12: !!opencv-matrix
   rows: 4
   cols: 4
   dt: d
   data: [ 9.9998494486675493e-01, 5.4754681212907559e-03,
       3.5956735908489884e-04, -1.2328056336329754e-02,
       -3.4450710380981272e-04, -2.7511912057978094e-03,
       9.9999615612351467e-01, 2.6101877763667243e-02,
       5.4764363128238045e-03, -9.9998122492164931e-01,
       -2.7492634485830614e-03, 3.0727232556064212e-02, 0., 0., 0., 1. ]
Hobj2base12: !!opencv-matrix
   rows: 4
   cols: 4
   dt: d
   data: [ 9.9998741463850471e-01, 4.2028043313479787e-03,
       2.7398905729267525e-03, -7.3172099520480061e-01,
       4.1910188417694496e-03, -9.9998200221229694e-01,
       4.2930889290987871e-03, 9.2679916095799383e-02,
       2.7578842737039709e-03, -4.2815519660071603e-03,
       -9.9998703110945120e-01, 2.4230465548840210e-03, 0., 0., 0., 1. ]
mean-rme12: 1.9561062067608792e-03
max-rme12: 7.3459746789192870e-03
Hcamera2end13: !!opencv-matrix
   rows: 4
   cols: 4
   dt: d
   data: [ 9.9998501240394633e-01, 5.4498884223809323e-03,
       5.2314784040316965e-04, -1.0980314355555489e-02,
       -5.0734337662076056e-04, -2.9009399493038490e-03,
       9.9999566356565195e-01, 2.6345260785777924e-02,
       5.4513824097672022e-03, -9.9998094145018279e-01,
       -2.8981315063933977e-03, 3.0912264159747155e-02, 0., 0., 0., 1. ]
Hobj2base13: !!opencv-matrix
   rows: 4
   cols: 4
   dt: d
   data: [ 9.9998720431257304e-01, 4.2737625852296941e-03,
       2.7066888423487412e-03, -7.3189180216503757e-01,
       4.2621719367771397e-03, -9.9998178489805767e-01,
       4.2736123451893359e-03, 9.4143854470910074e-02,
       2.7249039442801960e-03, -4.2620212881561365e-03,
       -9.9998720495466076e-01, 2.2734902441974409e-03, 0., 0., 0., 1. ]
mean-rme13: 1.8911632776651892e-03
max-rme13: 7.3325086691460872e-03
Hcamera2end14: !!opencv-matrix
   rows: 4
   cols: 4
   dt: d
   data: [ 9.9998104153642642e-01, 6.1441656666393427e-03,
       4.0718053085777965e-04, -1.1019046560608533e-02,
       -3.8960896794212321e-04, -2.8608037488164761e-03,
       9.9999583199469533e-01, 2.6775352665758704e-02,
       6.1453049213133744e-03, -9.9997703225132706e-01,
       -2.8583556903285512e-03, 3.0948978447450339e-02, 0., 0., 0., 1. ]
Hobj2base14: !!opencv-matrix
   rows: 4
   cols: 4
   dt: d
   data: [ 9.9998518982990392e-01, 4.9898104832798024e-03,
       2.1729961325043195e-03, -7.3230221368931636e-01,
       4.9805070865945582e-03, -9.9997849792832216e-01,
       4.2659383700818830e-03, 9.3856865128358530e-02,
       2.1942356325857829e-03, -4.2550525681719223e-03,
       -9.9998853986314806e-01, 2.0431093566953469e-03, 0., 0., 0., 1. ]
mean-rme14: 1.8687797158020996e-03
max-rme14: 7.3807643919382437e-03
Hcamera2end15: !!opencv-matrix
   rows: 4
   cols: 4
   dt: d
   data: [ 9.9997647957921854e-01, 6.5784597883177809e-03,
       -1.9401430788110329e-03, -1.0618908165764373e-02,
       1.9666550794310927e-03, -4.0260518376908916e-03,
       9.9998996153681419e-01, 2.6933834458442493e-02,
       6.5705826340835462e-03, -9.9997025694438224e-01,
       -4.0388947046152701e-03, 3.1241896457278668e-02, 0., 0., 0., 1. ]
Hobj2base15: !!opencv-matrix
   rows: 4
   cols: 4
   dt: d
   data: [ 9.9997753575794746e-01, 5.8249413723762723e-03,
       3.3163289148142043e-03, -7.3224361780728842e-01,
       5.8172147687274699e-03, -9.9998035425012599e-01,
       2.3347646832079199e-03, 9.3163129753492696e-02,
       3.3298636304438267e-03, -2.3154204369477253e-03,
       -9.9999177538437878e-01, 1.4589314869467890e-03, 0., 0., 0., 1. ]
mean-rme15: 1.9265356637992021e-03
max-rme15: 7.4048436956041241e-03
Hcamera2end16: !!opencv-matrix
   rows: 4
   cols: 4
   dt: d
   data: [ 9.9996056871018812e-01, 8.8448600835191460e-03,
       -7.9339454253544821e-04, -1.0545194692924243e-02,
       8.3670851261367744e-04, -4.8944537399153720e-03,
       9.9998767204473726e-01, 2.6946579465829134e-02,
       8.8408678115937892e-03, -9.9994890508100009e-01,
       -4.9016613150161259e-03, 3.1129973546929288e-02, 0., 0., 0., 1. ]
Hobj2base16: !!opencv-matrix
   rows: 4
   cols: 4
   dt: d
   data: [ 9.9996331595770693e-01, 7.5562813252420718e-03,
       4.0335284058625144e-03, -7.3209036394981863e-01,
       7.5400827412623770e-03, -9.9996350799495115e-01,
       4.0161960466315429e-03, 9.3167526681843957e-02,
       4.0637287215092377e-03, -3.9856355784064759e-03,
       -9.9998380027774103e-01, 1.4524898856542153e-03, 0., 0., 0., 1. ]
mean-rme16: 1.9909517614679251e-03
max-rme16: 7.6210341393606607e-03
Hcamera2end17: !!opencv-matrix
   rows: 4
   cols: 4
   dt: d
   data: [ 9.9995300397626652e-01, 9.6593028243403475e-03,
       -8.2928148928888747e-04, -1.0530951528858586e-02,
       8.7450211725995271e-04, -4.6782798691280547e-03,
       9.9998867440762196e-01, 2.6966237376657241e-02,
       9.6553138161167215e-03, -9.9994240412456448e-01,
       -4.6865070893473693e-03, 3.1105889578023689e-02, 0., 0., 0., 1. ]
Hobj2base17: !!opencv-matrix
   rows: 4
   cols: 4
   dt: d
   data: [ 9.9996124800080732e-01, 7.9535742769802509e-03,
       3.7740101866026625e-03, -7.3217518614171140e-01,
       7.9385428108063091e-03, -9.9996056364416197e-01,
       3.9812930676512504e-03, 9.3094999000474341e-02,
       3.8055268635259990e-03, -3.9511786431507432e-03,
       -9.9998495296310375e-01, 1.4787736482575885e-03, 0., 0., 0., 1. ]
mean-rme17: 1.9550839333839663e-03
max-rme17: 7.4902288178743670e-03
Hcamera2end18: !!opencv-matrix
   rows: 4
   cols: 4
   dt: d
   data: [ 9.9995955422630955e-01, 8.9812577916654618e-03,
       -4.7636120747945009e-04, -1.0546358207337372e-02,
       5.1972712828967770e-04, -4.8267753241344469e-03,
       9.9998821599240983e-01, 2.6812671101951322e-02,
       8.9788526679338374e-03, -9.9994801827317503e-01,
       -4.8312479047925017e-03, 3.1169665360452774e-02, 0., 0., 0., 1. ]
Hobj2base18: !!opencv-matrix
   rows: 4
   cols: 4
   dt: d
   data: [ 9.9996595282573209e-01, 7.2808060846964139e-03,
       3.8836905235538426e-03, -7.3217375615868319e-01,
       7.2645212116431573e-03, -9.9996483093488697e-01,
       4.1908978665895370e-03, 9.3285741220773613e-02,
       3.9140670524763482e-03, -4.1625420261717193e-03,
       -9.9998367652826659e-01, 1.6141649712795487e-03, 0., 0., 0., 1. ]
mean-rme18: 1.9656261951960588e-03
max-rme18: 7.7002453497962975e-03
Hcamera2end19: !!opencv-matrix
   rows: 4
   cols: 4
   dt: d
   data: [ 9.9996450422839511e-01, 8.4062116812907428e-03,
       -5.7086638472990305e-04, -1.0508676412345779e-02,
       6.1305196465435453e-04, -5.0166604834689377e-03,
       9.9998722856088640e-01, 2.7017526520562170e-02,
       8.4032404790364626e-03, -9.9995208321337237e-01,
       -5.0216358578207831e-03, 3.1369829400162530e-02, 0., 0., 0., 1. ]
Hobj2base19: !!opencv-matrix
   rows: 4
   cols: 4
   dt: d
   data: [ 9.9996776851571489e-01, 6.8360883523728043e-03,
       4.2106799617341213e-03, -7.3220748537910241e-01,
       6.8200759884970647e-03, -9.9996950194220280e-01,
       3.8054893213746734e-03, 9.3324728919041172e-02,
       4.2365662053982095e-03, -3.7766495075031458e-03,
       -9.9998389408294264e-01, 1.2953989258613619e-03, 0., 0., 0., 1. ]
mean-rme19: 1.9480380768474117e-03
max-rme19: 7.6287413036694174e-03
Hcamera2end20: !!opencv-matrix
   rows: 4
   cols: 4
   dt: d
   data: [ 9.9996390179266947e-01, 8.4783339290591762e-03,
       -5.5943307713343573e-04, -1.0516059919279289e-02,
       6.0116757069176782e-04, -4.9207387833845040e-03,
       9.9998771238819617e-01, 2.6975235075858760e-02,
       8.4754769265437541e-03, -9.9995195093745037e-01,
       -4.9256580529473126e-03, 3.1282853662485267e-02, 0., 0., 0., 1. ]
Hobj2base20: !!opencv-matrix
   rows: 4
   cols: 4
   dt: d
   data: [ 9.9996924875963200e-01, 6.8272861868903982e-03,
       3.8587171986822241e-03, -7.3216638730573547e-01,
       6.8126508087622698e-03, -9.9996959882458403e-01,
       3.7933119511083173e-03, 9.3308713691962447e-02,
       3.8844979154301546e-03, -3.7669072092163312e-03,
       -9.9998536043585262e-01, 1.4024048697883506e-03, 0., 0., 0., 1. ]
mean-rme20: 1.8868612710730979e-03
max-rme20: 7.6216387111947004e-03
Hcamera2end21: !!opencv-matrix
   rows: 4
   cols: 4
   dt: d
   data: [ 9.9996592619551106e-01, 8.2025422256066551e-03,
       -9.2991880876038772e-04, -1.0566119622264274e-02,
       9.6238249554728887e-04, -3.9547004251381246e-03,
       9.9999171704793621e-01, 2.7005585826504842e-02,
       8.1987967340342513e-03, -9.9995853846326277e-01,
       -3.9624596565059900e-03, 3.1229363954329108e-02, 0., 0., 0., 1. ]
Hobj2base21: !!opencv-matrix
   rows: 4
   cols: 4
   dt: d
   data: [ 9.9997299973715059e-01, 6.6702109598550116e-03,
       3.0835178669209097e-03, -7.3237769661865615e-01,
       6.6596882475538884e-03, -9.9997200870435554e-01,
       3.4103313945826269e-03, 9.3193594665834018e-02,
       3.1061791851055560e-03, -3.3897040470391143e-03,
       -9.9998943072281654e-01, 1.5108621869883649e-03, 0., 0., 0., 1. ]
mean-rme21: 1.9604213681810546e-03
max-rme21: 7.3420158547081171e-03
Hcamera2end22: !!opencv-matrix
   rows: 4
   cols: 4
   dt: d
   data: [ 9.9997840799483806e-01, 6.3934833597627840e-03,
       -1.5188530665365034e-03, -1.0581097622587656e-02,
       1.5357400771981219e-03, -2.6372046071758692e-03,
       9.9999534331629536e-01, 2.6884375598198170e-02,
       6.3894480610283124e-03, -9.9997608397520610e-01,
       -2.6469663932688903e-03, 3.1167753213091138e-02, 0., 0., 0., 1. ]
Hobj2base22: !!opencv-matrix
   rows: 4
   cols: 4
   dt: d
   data: [ 9.9998404661299323e-01, 5.3363325089769041e-03,
       1.8520461270221140e-03, -7.3261867564626904e-01,
       5.3320659778389760e-03, -9.9998313703004049e-01,
       2.3010275894569097e-03, 9.3096276909043721e-02,
       1.8642939443535820e-03, -2.2911156481299788e-03,
       -9.9999563758907262e-01, 1.7918533044324317e-03, 0., 0., 0., 1. ]
mean-rme22: 1.9743205826954933e-03
max-rme22: 7.4075335394849784e-03
Hcamera2end23: !!opencv-matrix
   rows: 4
   cols: 4
   dt: d
   data: [ 9.9997836444822119e-01, 6.2949447577643862e-03,
       -1.9090065367407170e-03, -1.0571126939799020e-02,
       1.9245051991809490e-03, -2.4569432242924627e-03,
       9.9999512984300643e-01, 2.6879044872751577e-02,
       6.2902237797195747e-03, -9.9997716828960137e-01,
       -2.4690047208848487e-03, 3.0991122362894630e-02, 0., 0., 0., 1. ]
Hobj2base23: !!opencv-matrix
   rows: 4
   cols: 4
   dt: d
   data: [ 9.9998376143486767e-01, 5.4584646377862419e-03,
       1.6376905604428959e-03, -7.3250964527294571e-01,
       5.4552917289530604e-03, -9.9998324632632252e-01,
       1.9356804542248014e-03, 9.2933689472280798e-02,
       1.6482289664191021e-03, -1.9267149417827012e-03,
       -9.9999678555023719e-01, 1.8348793313702435e-03, 0., 0., 0., 1. ]
mean-rme23: 1.9629623013222063e-03
max-rme23: 7.4950163166372930e-03
Hcamera2end24: !!opencv-matrix
   rows: 4
   cols: 4
   dt: d
   data: [ 9.9998046805405372e-01, 5.9601093271986656e-03,
       -1.8816501278071268e-03, -1.0541867687358836e-02,
       1.8978762306569650e-03, -2.7179656874052327e-03,
       9.9999450534907197e-01, 2.7074457004553940e-02,
       5.9549623179953395e-03, -9.9997854464949887e-01,
       -2.7292241500704861e-03, 3.1070033798284508e-02, 0., 0., 0., 1. ]
Hobj2base24: !!opencv-matrix
   rows: 4
   cols: 4
   dt: d
   data: [ 9.9998559365592310e-01, 5.0045131296644141e-03,
       1.9409608306346761e-03, -7.3241276650541431e-01,
       5.0013808284879386e-03, -9.9998618840377285e-01,
       1.6152991989359586e-03, 9.2982156963539925e-02,
       1.9490178089168026e-03, -1.6055684440927291e-03,
       -9.9999681173469313e-01, 1.5480056636361947e-03, 0., 0., 0., 1. ]
mean-rme24: 1.9448779927732686e-03
max-rme24: 7.4642038717533665e-03
