%YAML:1.0
---
Hcamera2end0: !!opencv-matrix
   rows: 4
   cols: 4
   dt: d
   data: [ 9.9986164395291688e-01, 3.4754420042439928e-04,
       -1.6630458947342934e-02, -1.1367624073225637e-02,
       1.6633044878259541e-02, -9.6818182816666987e-03,
       9.9981478495411280e-01, 2.7835404880192226e-02,
       1.8646674854047758e-04, -9.9995306970266840e-01,
       -9.6862594618436493e-03, 3.6891636531989964e-02, 0., 0., 0., 1. ]
Hobj2base0: !!opencv-matrix
   rows: 4
   cols: 4
   dt: d
   data: [ 9.9997108722022809e-01, 2.3331735175639323e-03,
       7.2374736567301584e-03, -7.3822829891560016e-01,
       2.4462492019067228e-03, -9.9987447095073478e-01,
       -1.5654335049140218e-02, 8.7426708948538878e-02,
       7.2000408635712184e-03, 1.5671587102955062e-02,
       -9.9985126932421187e-01, -3.3067667655372240e-04, 0., 0., 0., 1. ]
mean-rme0: 1.2334860988461231e-03
max-rme0: 4.5529085250081980e-03
Hcamera2end1: !!opencv-matrix
   rows: 4
   cols: 4
   dt: d
   data: [ 9.9986731299111997e-01, -4.8629727445814687e-03,
       -1.5546958159174845e-02, -1.1523440821250697e-02,
       1.5537977719856273e-02, -1.8790609091079435e-03,
       9.9987751268766767e-01, 2.7507501623460291e-02,
       -4.8915907734524856e-03, -9.9998641022075152e-01,
       -1.8032508199787856e-03, 3.7177753835199751e-02, 0., 0., 0., 1. ]
Hobj2base1: !!opencv-matrix
   rows: 4
   cols: 4
   dt: d
   data: [ 9.9999873613938817e-01, -1.5622226841761676e-03,
       -2.9526244495026789e-04, -7.4027203539029285e-01,
       -1.5665476580732222e-03, -9.9988226968650351e-01,
       -1.5264098237386590e-02, 8.8039857520201131e-02,
       -2.7138176309012143e-04, 1.5264541488385706e-02,
       -9.9988345327097372e-01, 1.5872971873987190e-03, 0., 0., 0., 1. ]
mean-rme1: 1.2721963280525688e-03
max-rme1: 4.9351021504694947e-03
Hcamera2end2: !!opencv-matrix
   rows: 4
   cols: 4
   dt: d
   data: [ 9.9986052369855016e-01, -5.2800636813049246e-03,
       -1.5844686073961708e-02, -1.2956706532694678e-02,
       1.5827378799514184e-02, -3.3036766019718389e-03,
       9.9986928135694120e-01, 2.8256586760729532e-02,
       -5.3317191971933775e-03, -9.9998060313609627e-01,
       -3.2196462494087363e-03, 3.7456816964169942e-02, 0., 0., 0., 1. ]
Hobj2base2: !!opencv-matrix
   rows: 4
   cols: 4
   dt: d
   data: [ 9.9999740415305149e-01, -2.0279899984937139e-03,
       1.0387221595126869e-03, -7.4029181312637915e-01,
       -2.0121320432535394e-03, -9.9988476536069326e-01,
       -1.5046837682116100e-02, 8.6497125267773978e-02,
       1.0691172990675852e-03, 1.5044708576687226e-02,
       -9.9988625039653556e-01, 6.2033471801441892e-04, 0., 0., 0., 1. ]
mean-rme2: 1.2016269577523114e-03
max-rme2: 4.7370492554544841e-03
Hcamera2end3: !!opencv-matrix
   rows: 4
   cols: 4
   dt: d
   data: [ 9.9992053116421664e-01, 2.8163324193885599e-05,
       -1.2606766559990604e-02, -1.4565925983340645e-02,
       1.2606773111315580e-02, -2.4600613210234989e-04,
       9.9992050121632292e-01, 2.5484829763042297e-02,
       2.5059743364125482e-05, -9.9999996934390445e-01,
       -2.4634163091952210e-04, 3.6875227121767655e-02, 0., 0., 0., 1. ]
Hobj2base3: !!opencv-matrix
   rows: 4
   cols: 4
   dt: d
   data: [ 9.9999730181316493e-01, 2.0173453322862266e-03,
       -1.1518177807999981e-03, -7.4014867365530757e-01,
       2.0042118580006598e-03, -9.9993423588360741e-01,
       -1.1291901642069255e-02, 8.4628576201214806e-02,
       -1.1745216975916622e-03, 1.1289562687554367e-02,
       -9.9993558106165303e-01, 4.1438314110328551e-03, 0., 0., 0., 1. ]
mean-rme3: 1.6256957751271755e-03
max-rme3: 5.8480791601282500e-03
Hcamera2end4: !!opencv-matrix
   rows: 4
   cols: 4
   dt: d
   data: [ 9.9995050255903628e-01, 6.1555781870482103e-04,
       -9.9304340540843118e-03, -1.5272890151554882e-02,
       9.9298441445241047e-03, 9.5409391430179014e-04,
       9.9995024271214017e-01, 2.5583646117288306e-02,
       6.2500175691461955e-04, -9.9999935539647955e-01,
       9.4793429589290490e-04, 3.7136033511447022e-02, 0., 0., 0., 1. ]
Hobj2base4: !!opencv-matrix
   rows: 4
   cols: 4
   dt: d
   data: [ 9.9999489801157726e-01, 2.5333908606474495e-03,
       -1.9457341962514174e-03, -7.4087572400133672e-01,
       2.5162367649035687e-03, -9.9995838855867869e-01,
       -8.7686774187612036e-03, 8.4616681541564751e-02,
       -1.9678677186797380e-03, 8.7637367531511936e-03,
       -9.9995966139378045e-01, 4.5118752361319901e-03, 0., 0., 0., 1. ]
mean-rme4: 1.5834583043144253e-03
max-rme4: 6.7590792810806044e-03
Hcamera2end5: !!opencv-matrix
   rows: 4
   cols: 4
   dt: d
   data: [ 9.9996105461570817e-01, 3.0658556087390671e-03,
       -8.2758553169489622e-03, -1.5546342144376345e-02,
       8.2748452230145438e-03, 3.4200420527608077e-04,
       9.9996570439673504e-01, 2.5585385858592505e-02,
       3.0685808406920932e-03, -9.9999524176993437e-01,
       3.1662140515242854e-04, 3.6435318665969094e-02, 0., 0., 0., 1. ]
Hobj2base5: !!opencv-matrix
   rows: 4
   cols: 4
   dt: d
   data: [ 9.9998582032599270e-01, 4.9623632047418077e-03,
       -1.9323815295221331e-03, -7.4031713224314788e-01,
       4.9490674226682092e-03, -9.9996445858976002e-01,
       -6.8255614372053162e-03, 8.4390265653370711e-02,
       -1.9661837648851455e-03, 6.8159011664932958e-03,
       -9.9997483848979440e-01, 4.7696571570444105e-03, 0., 0., 0., 1. ]
mean-rme5: 1.6335493103595956e-03
max-rme5: 6.3884677035359605e-03
Hcamera2end6: !!opencv-matrix
   rows: 4
   cols: 4
   dt: d
   data: [ 9.9995318189415161e-01, 5.4666640073989343e-03,
       -7.9843349373643745e-03, -1.5589745304749323e-02,
       7.9799320290393893e-03, 8.2674960271533759e-04,
       9.9996781806711466e-01, 2.5966378322204536e-02,
       5.4730891253221541e-03, -9.9998471591806071e-01,
       7.8308728866027799e-04, 3.6642813134966361e-02, 0., 0., 0., 1. ]
Hobj2base6: !!opencv-matrix
   rows: 4
   cols: 4
   dt: d
   data: [ 9.9997166516401992e-01, 7.1222078508893505e-03,
       -2.4378319109287384e-03, -7.4086629691270123e-01,
       7.1068619678316004e-03, -9.9995523456891666e-01,
       -6.2467088288429016e-03, 8.4107903936015804e-02,
       -2.4822131389953426e-03, 6.2292064944810760e-03,
       -9.9997751754946029e-01, 4.5173574615950769e-03, 0., 0., 0., 1. ]
mean-rme6: 1.5571036903604335e-03
max-rme6: 6.8770004790649208e-03
Hcamera2end7: !!opencv-matrix
   rows: 4
   cols: 4
   dt: d
   data: [ 9.9993525748478407e-01, 1.1045765769579547e-02,
       -2.7334771632620746e-03, -1.6994209083912706e-02,
       2.6837524257213412e-03, 4.5140190425356774e-03,
       9.9998621045742475e-01, 2.6339229370573911e-02,
       1.1057952421489492e-02, -9.9992880481094615e-01,
       4.4840826929111177e-03, 3.6225462940668265e-02, 0., 0., 0., 1. ]
Hobj2base7: !!opencv-matrix
   rows: 4
   cols: 4
   dt: d
   data: [ 9.9992259854721799e-01, 1.1132201778706776e-02,
       -5.5561675764129294e-03, -7.4226168461614606e-01,
       1.1133691258674991e-02, -9.9993799040084297e-01,
       2.3721737004425974e-04, 8.3761613291658113e-02,
       -5.5531822890599178e-03, -2.9905966345243520e-04,
       -9.9998453624532746e-01, 5.5575119390746065e-03, 0., 0., 0., 1. ]
mean-rme7: 1.7660633519893112e-03
max-rme7: 8.9838221764455550e-03
Hcamera2end8: !!opencv-matrix
   rows: 4
   cols: 4
   dt: d
   data: [ 9.9992890742023910e-01, 1.1690351258795445e-02,
       -2.3485725053380997e-03, -1.6985914320740019e-02,
       2.3141890987848140e-03, 2.9538371191305535e-03,
       9.9999295966276114e-01, 2.6355245510495142e-02,
       1.1697206255423380e-02, -9.9992730262440566e-01,
       2.9265734397855292e-03, 3.5929609656864619e-02, 0., 0., 0., 1. ]
