%YAML:1.0
---
Hcamera2end0: !!opencv-matrix
   rows: 4
   cols: 4
   dt: d
   data: [ 9.9983160196413812e-01, -1.0507319678497527e-02,
       1.5045396206122427e-02, -2.1347708184595058e-02,
       -1.5172415401329995e-02, -1.2115402120417507e-02,
       9.9981148965309974e-01, 2.9449206011622073e-02,
       -1.0323057914921760e-02, -9.9987139836312677e-01,
       -1.2272783329413617e-02, 3.4448552842282765e-02, 0., 0., 0., 1. ]
Hobj2base0: !!opencv-matrix
   rows: 4
   cols: 4
   dt: d
   data: [ 9.9985286594237444e-01, -1.0276781468938314e-02,
       1.3734417696426591e-02, -7.3223004408649250e-01,
       -1.0461309935824961e-02, -9.9985506259525114e-01,
       1.3431857543620701e-02, 8.9931802722322832e-02,
       1.3594390800872240e-02, -1.3573561260229258e-02,
       -9.9981545845894337e-01, -5.9783966298190827e-04, 0., 0., 0., 1. ]
mean-rme0: 1.5467913061524123e-03
max-rme0: 4.2662786706190725e-03
Hcamera2end1: !!opencv-matrix
   rows: 4
   cols: 4
   dt: d
   data: [ 9.9992296783985246e-01, -1.1686785830341970e-02,
       4.1806008296647757e-03, -2.1952326832497322e-02,
       -4.1913322891523582e-03, -8.9391417128048545e-04,
       9.9999081678338242e-01, 2.8907362503587469e-02,
       -1.1682941409730021e-02, -9.9993130761788329e-01,
       -9.4282851394789091e-04, 3.4853951912490570e-02, 0., 0., 0., 1. ]
Hobj2base1: !!opencv-matrix
   rows: 4
   cols: 4
   dt: d
   data: [ 9.9993224229607525e-01, -1.1067945279645608e-02,
       3.6071323831755723e-03, -7.3530824465985201e-01,
       -1.1083300125002631e-02, -9.9992948271519211e-01,
       4.2649801016236112e-03, 8.6891492544363610e-02,
       3.5596734516104207e-03, -4.3046700471579919e-03,
       -9.9998439914865811e-01, 8.4013245407448575e-04, 0., 0., 0., 1. ]
mean-rme1: 2.1587867626155928e-03
max-rme1: 4.9866388917204629e-03
Hcamera2end2: !!opencv-matrix
   rows: 4
   cols: 4
   dt: d
   data: [ 9.9994050957106717e-01, -9.9931955681195200e-03,
       4.3718830144280751e-03, -2.1904114405961194e-02,
       -4.3650705809886699e-03, 7.0341673275431393e-04,
       9.9999022563409246e-01, 2.8802023490088504e-02,
       -9.9961731466354439e-03, -9.9994981936457061e-01,
       6.5975388220673725e-04, 3.4859970201706038e-02, 0., 0., 0., 1. ]
Hobj2base2: !!opencv-matrix
   rows: 4
   cols: 4
   dt: d
   data: [ 9.9995444077955120e-01, -9.2622686535893464e-03,
       2.3079741427801011e-03, -7.3584353501547195e-01,
       -9.2718534281755124e-03, -9.9994828973196515e-01,
       4.1773910668435723e-03, 8.6730090057390269e-02,
       2.2691626784863495e-03, -4.1985999461309339e-03,
       -9.9998861126476424e-01, 1.1124675473206322e-03, 0., 0., 0., 1. ]
mean-rme2: 1.9820864934608985e-03
max-rme2: 4.9041303129331165e-03
Hcamera2end3: !!opencv-matrix
   rows: 4
   cols: 4
   dt: d
   data: [ 9.9991756021565392e-01, -1.0756678431058757e-02,
       7.0118928617750945e-03, -2.1785091215057287e-02,
       -6.9826966012911384e-03, 2.7494048959265660e-03,
       9.9997184096398062e-01, 2.8953758150345881e-02,
       -1.0775654065927245e-02, -9.9993836542151393e-01,
       2.6740676136581820e-03, 3.5037590565465335e-02, 0., 0., 0., 1. ]
Hobj2base3: !!opencv-matrix
   rows: 4
   cols: 4
   dt: d
   data: [ 9.9995008446086320e-01, -9.9736180308036427e-03,
       5.9626343865563686e-04, -7.3652613426412705e-01,
       -9.9771401040962809e-03, -9.9993082745292861e-01,
       6.2287225532045151e-03, 8.7688266186015593e-02,
       5.3409929402934569e-04, -6.2343606470265560e-03,
       -9.9998042355101480e-01, 1.7925437282486510e-03, 0., 0., 0., 1. ]
mean-rme3: 1.9751324630461562e-03
max-rme3: 5.4972537365724078e-03
Hcamera2end4: !!opencv-matrix
   rows: 4
   cols: 4
   dt: d
   data: [ 9.9994300355644217e-01, -9.6967322063983476e-03,
       4.4679998923958250e-03, -2.0112091701061697e-02,
       -4.4732792350732822e-03, -5.2282514288592985e-04,
       9.9998985816194907e-01, 3.0330876028781602e-02,
       -9.6942978810285324e-03, -9.9995284890758085e-01,
       -5.6617153453908386e-04, 3.5068023245775203e-02, 0., 0., 0., 1. ]
Hobj2base4: !!opencv-matrix
   rows: 4
   cols: 4
   dt: d
   data: [ 9.9996073069173563e-01, -8.1494434697247133e-03,
       3.4819025810383327e-03, -7.3576692273666799e-01,
       -8.1626790308722587e-03, -9.9995944894534272e-01,
       3.8040946315153735e-03, 8.8413892579479389e-02,
       3.4507601320634402e-03, -3.8323669005364031e-03,
       -9.9998670252081379e-01, -2.7842806672915833e-04, 0., 0., 0., 1. ]
mean-rme4: 1.9886650787751176e-03
max-rme4: 5.0361299973662038e-03
Hcamera2end5: !!opencv-matrix
   rows: 4
   cols: 4
   dt: d
   data: [ 9.9993702381822447e-01, -1.0430281832229894e-02,
       4.1421755698966504e-03, -1.9258945739506046e-02,
       -4.1682041151601592e-03, -2.4749779335302424e-03,
       9.9998825021031268e-01, 3.0595450896633840e-02,
       -1.0419907485479683e-02, -9.9994254020175022e-01,
       -2.5182976125253109e-03, 3.5102586483994190e-02, 0., 0., 0., 1. ]
Hobj2base5: !!opencv-matrix
   rows: 4
   cols: 4
   dt: d
   data: [ 9.9994267024666827e-01, -8.9364407923492473e-03,
       5.8988342854923619e-03, -7.3513300367677059e-01,
       -8.9566992761146939e-03, -9.9995405016876515e-01,
       3.4168829595872434e-03, 8.9319348824193096e-02,
       5.8680284627897232e-03, -3.4695211553047965e-03,
       -9.9997676406250169e-01, -9.4059134419977042e-04, 0., 0., 0., 1. ]
mean-rme5: 1.9096603029860294e-03
max-rme5: 5.2814947665149603e-03
Hcamera2end6: !!opencv-matrix
   rows: 4
   cols: 4
   dt: d
   data: [ 9.9995837096176221e-01, -9.0691515513985285e-03,
       1.0034110007536021e-03, -1.8557330524292925e-02,
       -1.0301809214109722e-03, -2.9475664194964502e-03,
       9.9999512527785450e-01, 2.9913964725634599e-02,
       -9.0661497212338460e-03, -9.9995453013741598e-01,
       -2.9567865820430139e-03, 3.5234331825960634e-02, 0., 0., 0., 1. ]
Hobj2base6: !!opencv-matrix
   rows: 4
   cols: 4
   dt: d
   data: [ 9.9995944731069031e-01, -7.0603615105966459e-03,
       5.5906197722936446e-03, -7.3524916913837401e-01,
       -7.0659189246393538e-03, -9.9997456082375535e-01,
       9.7493337602747954e-04, 8.8718887986431197e-02,
       5.5835941694484413e-03, -1.0143967059066965e-03,
       -9.9998389710808522e-01, -3.0083743048759753e-04, 0., 0., 0., 1. ]
mean-rme6: 1.8802911224372655e-03
max-rme6: 5.3983971557836075e-03
Hcamera2end7: !!opencv-matrix
   rows: 4
   cols: 4
   dt: d
   data: [ 9.9997480448278397e-01, -7.0900622710008895e-03,
       3.4844886457806182e-04, -1.8293402501417321e-02,
       -3.8436610409913266e-04, -5.0651248786344194e-03,
       9.9998709830310428e-01, 2.9217677727961449e-02,
       -7.0882058601535892e-03, -9.9996203704288567e-01,
       -5.0677224398061327e-03, 3.5162083548285678e-02, 0., 0., 0., 1. ]
Hobj2base7: !!opencv-matrix
   rows: 4
   cols: 4
   dt: d
   data: [ 9.9996360729634060e-01, -5.3397617866964087e-03,
       6.6536476425502391e-03, -7.3478176258731920e-01,
       -5.3434494675938084e-03, -9.9998557971047086e-01,
       5.3658074896454939e-04, 8.8518868772410456e-02,
       6.6506864816460124e-03, -5.7211465129350478e-04,
       -9.9997772027888110e-01, 8.0494932388998670e-05, 0., 0., 0., 1. ]
mean-rme7: 1.8740710364271145e-03
max-rme7: 5.9139266619590569e-03
Hcamera2end8: !!opencv-matrix
   rows: 4
   cols: 4
   dt: d
   data: [ 9.9997876518840412e-01, -6.5139974226507101e-03,
       -1.9237944844369310e-04, -1.8142932141177792e-02,
       1.5352448935875484e-04, -5.9648157641238875e-03,
       9.9998219854311976e-01, 3.0480384481124299e-02,
       -6.5150289719732423e-03, -9.9996099364449098e-01,
       -5.9636890442569257e-03, 3.5040298675017970e-02, 0., 0., 0., 1. ]
Hobj2base8: !!opencv-matrix
   rows: 4
   cols: 4
   dt: d
   data: [ 9.9996609489542165e-01, -4.5791512145758910e-03,
       6.8440071416287019e-03, -7.3465519593864159e-01,
       -4.5829961281705000e-03, -9.9998934884106472e-01,
       5.4621507862507202e-04, 8.8607933099580441e-02,
       6.8414330435801777e-03, -5.7756261737696465e-04,
       -9.9997643032990191e-01, -1.2614774151092831e-03, 0., 0., 0., 1. ]
mean-rme8: 1.9750229002517784e-03
max-rme8: 6.3246251552881994e-03
Hcamera2end9: !!opencv-matrix
   rows: 4
   cols: 4
   dt: d
   data: [ 9.9996079345270628e-01, -8.8266814246642268e-03,
       7.0799185139096363e-04, -1.7828000211195332e-02,
       -7.4380270556379750e-04, -4.0544917949512094e-03,
       9.9999150389081792e-01, 3.0416694903775382e-02,
       -8.8237358850627723e-03, -9.9995282428288179e-01,
       -4.0608981418517320e-03, 3.5137988125367531e-02, 0., 0., 0., 1. ]
Hobj2base9: !!opencv-matrix
   rows: 4
   cols: 4
   dt: d
   data: [ 9.9996232403849428e-01, -6.6954138243975692e-03,
       5.5246662572068844e-03, -7.3511921761003374e-01,
       -6.7022964144102344e-03, -9.9997678507918875e-01,
       1.2282204456849322e-03, 8.9645116667843777e-02,
       5.5163145583657690e-03, -1.2652021221451909e-03,
       -9.9998398464039573e-01, -7.3501823523989998e-04, 0., 0., 0., 1. ]
mean-rme9: 2.0153364947437581e-03
max-rme9: 5.9074483990275706e-03
Hcamera2end10: !!opencv-matrix
   rows: 4
   cols: 4
   dt: d
   data: [ 9.9994203243721980e-01, -9.8895404374255026e-03,
       4.2577876013968115e-03, -1.9218537261546997e-02,
       -4.2916360297297722e-03, -3.4039529823126635e-03,
       9.9998499736960189e-01, 3.1220001567660114e-02,
       -9.8748987595016820e-03, -9.9994530355116462e-01,
       -3.4461979715132429e-03, 3.5087594044876630e-02, 0., 0., 0., 1. ]
Hobj2base10: !!opencv-matrix
   rows: 4
   cols: 4
   dt: d
   data: [ 9.9995794000865623e-01, -7.8229229375954973e-03,
       4.7874931182413615e-03, -7.3517591452541642e-01,
       -7.8432480511375635e-03, -9.9996024571734710e-01,
       4.2415144596639363e-03, 8.9439116723133594e-02,
       4.7541217541300917e-03, -4.2788855576719595e-03,
       -9.9997954452315252e-01, -1.1593390013646433e-03, 0., 0., 0., 1. ]
mean-rme10: 2.1536681663982303e-03
max-rme10: 8.2482788391594897e-03
Hcamera2end11: !!opencv-matrix
   rows: 4
   cols: 4
   dt: d
   data: [ 9.9994746260469114e-01, -9.6114664719537078e-03,
       3.5625472205112439e-03, -2.0309624089426718e-02,
       -3.5762062736514398e-03, -1.4043083526638078e-03,
       9.9999261930613192e-01, 3.1514330777876035e-02,
       -9.6063926178435333e-03, -9.9995282270230557e-01,
       -1.4386071606566908e-03, 3.4949583614512655e-02, 0., 0., 0., 1. ]
Hobj2base11: !!opencv-matrix
   rows: 4
   cols: 4
   dt: d
   data: [ 9.9996438075118677e-01, -7.6260552817707383e-03,
       3.6166987343422105e-03, -7.3579952643139623e-01,
       -7.6406534483996463e-03, -9.9996264939442736e-01,
       4.0398305606156992e-03, 8.8069341691136158e-02,
       3.5857556772700681e-03, -4.0673206065421717e-03,
       -9.9998529952160098e-01, -1.3859549982079768e-03, 0., 0., 0., 1. ]
mean-rme11: 2.2138073402147183e-03
max-rme11: 8.4337956999297747e-03
Hcamera2end12: !!opencv-matrix
   rows: 4
   cols: 4
   dt: d
   data: [ 9.9996465929443379e-01, -7.1419249991660320e-03,
       4.4354334030987973e-03, -2.0716817852067373e-02,
       -4.4484717146457357e-03, -1.8107523381383217e-03,
       9.9998846607117131e-01, 3.1752049042269026e-02,
       -7.1338111533060739e-03, -9.9997285667325819e-01,
       -1.8424589962198201e-03, 3.4888620768156825e-02, 0., 0., 0., 1. ]
Hobj2base12: !!opencv-matrix
   rows: 4
   cols: 4
   dt: d
   data: [ 9.9997861120836695e-01, -5.5711995741438078e-03,
       3.4262021380606104e-03, -7.3603281357217343e-01,
       -5.5870498205230733e-03, -9.9997365443335329e-01,
       4.6341464702610857e-03, 8.7573586210482682e-02,
       3.4002941179821977e-03, -4.6531897135083638e-03,
       -9.9998339277480097e-01, -1.4032171395261127e-03, 0., 0., 0., 1. ]
mean-rme12: 2.2222077542055573e-03
max-rme12: 8.3925560726328674e-03
Hcamera2end13: !!opencv-matrix
   rows: 4
   cols: 4
   dt: d
   data: [ 9.9996934789898084e-01, -5.9552182748381722e-03,
       5.0831720201195349e-03, -2.0766112214761316e-02,
       -5.0936275391688249e-03, -1.7418407635567679e-03,
       9.9998551036964867e-01, 3.1806840114748040e-02,
       -5.9462779096938929e-03, -9.9998075049775514e-01,
       -1.7721210362842132e-03, 3.4865420560497212e-02, 0., 0., 0., 1. ]
Hobj2base13: !!opencv-matrix
   rows: 4
   cols: 4
   dt: d
   data: [ 9.9998362075987068e-01, -4.6069963101156601e-03,
       3.3961444282592373e-03, -7.3600049273894108e-01,
       -4.6227078185111592e-03, -9.9997858254187677e-01,
       4.6330367971731314e-03, 8.7538953461000699e-02,
       3.3747273080489571e-03, -4.6486602949522091e-03,
       -9.9998350045041184e-01, -1.5752140258701688e-03, 0., 0., 0., 1. ]
mean-rme13: 2.2245834030037849e-03
max-rme13: 8.3109768913973980e-03
Hcamera2end14: !!opencv-matrix
   rows: 4
   cols: 4
   dt: d
   data: [ 9.9996681037922763e-01, -6.1087744322273468e-03,
       5.3908269245102492e-03, -2.0906702200298263e-02,
       -5.4002833958173273e-03, -1.5325784585782376e-03,
       9.9998424394713015e-01, 3.1970611826036478e-02,
       -6.1004163168359941e-03, -9.9998016684242541e-01,
       -1.5655167060155684e-03, 3.4907441949391563e-02, 0., 0., 0., 1. ]
Hobj2base14: !!opencv-matrix
   rows: 4
   cols: 4
   dt: d
   data: [ 9.9998248907455245e-01, -4.8780368491756470e-03,
       3.3505672296825955e-03, -7.3604498065329038e-01,
       -4.8951423348625976e-03, -9.9997493090376799e-01,
       5.1161651190891368e-03, 8.7460413522945049e-02,
       3.3255263920128992e-03, -5.1324770337949823e-03,
       -9.9998129910199496e-01, -1.6309829630505451e-03, 0., 0., 0., 1. ]
mean-rme14: 2.1902254151823322e-03
max-rme14: 8.1534829671161824e-03
Hcamera2end15: !!opencv-matrix
   rows: 4
   cols: 4
   dt: d
   data: [ 9.9996718724114597e-01, -5.9915037471730348e-03,
       5.4521852388255600e-03, -2.0829585548905447e-02,
       -5.4610409802332725e-03, -1.4626850219106036e-03,
       9.9998401866426778e-01, 3.1934982979149165e-02,
       -5.9834331652545997e-03, -9.9998098103682664e-01,
       -1.4953568746760570e-03, 3.4929736682116352e-02, 0., 0., 0., 1. ]
Hobj2base15: !!opencv-matrix
   rows: 4
   cols: 4
   dt: d
   data: [ 9.9998392339031661e-01, -4.5925713248881036e-03,
       3.3258456872339946e-03, -7.3598325238307660e-01,
       -4.6093391404980590e-03, -9.9997661699814278e-01,
       5.0516779031581291e-03, 8.7500342970240549e-02,
       3.3025677278974985e-03, -5.0669266400056572e-03,
       -9.9998170948314202e-01, -1.6740785521999308e-03, 0., 0., 0., 1. ]
mean-rme15: 2.1673274233414397e-03
max-rme15: 8.1058087359680286e-03
Hcamera2end16: !!opencv-matrix
   rows: 4
   cols: 4
   dt: d
   data: [ 9.9996351463080746e-01, -6.2313410647904062e-03,
       5.8429269837252419e-03, -2.0953488875319729e-02,
       -5.8536490156636247e-03, -1.7038139620693116e-03,
       9.9998141573290433e-01, 3.2005724451617763e-02,
       -6.2212699993094717e-03, -9.9997913348555256e-01,
       -1.7402278812781447e-03, 3.4900966117526126e-02, 0., 0., 0., 1. ]
Hobj2base16: !!opencv-matrix
   rows: 4
   cols: 4
   dt: d
   data: [ 9.9998322053315347e-01, -4.7096387357983011e-03,
       3.3731224586147864e-03, -7.3587402550675951e-01,
       -4.7276846088892752e-03, -9.9997444833024574e-01,
       5.3620597589819465e-03, 8.7520316503494192e-02,
       3.3477829053591176e-03, -5.3779168456094843e-03,
       -9.9997993497870730e-01, -1.7822916547963600e-03, 0., 0., 0., 1. ]
mean-rme16: 2.1188952626991836e-03
max-rme16: 7.9537885516757778e-03
Hcamera2end17: !!opencv-matrix
   rows: 4
   cols: 4
   dt: d
   data: [ 9.9994219499164172e-01, -8.0462019094292899e-03,
       7.1319920169821086e-03, -2.2023204621764901e-02,
       -7.1367760490481970e-03, -5.6601417928914266e-04,
       9.9997437269940803e-01, 3.2412266838211336e-02,
       -8.0419588983861433e-03, -9.9996746860224495e-01,
       -6.2340540190786164e-04, 3.5090136717392972e-02, 0., 0., 0., 1. ]
Hobj2base17: !!opencv-matrix
   rows: 4
   cols: 4
   dt: d
   data: [ 9.9997386750911654e-01, -6.6280521595124056e-03,
       2.8867323101957067e-03, -7.3622765661219947e-01,
       -6.6480698361929564e-03, -9.9995353418055233e-01,
       6.9808772569329184e-03, 8.7393211897985337e-02,
       2.8403285572352814e-03, -6.9998860272182184e-03,
       -9.9997146665757075e-01, -1.5753401484965507e-03, 0., 0., 0., 1. ]
mean-rme17: 2.1742023683910439e-03
max-rme17: 8.0038335822257833e-03
Hcamera2end18: !!opencv-matrix
   rows: 4
   cols: 4
   dt: d
   data: [ 9.9994187386985545e-01, -8.1630795113796159e-03,
       7.0436506538123292e-03, -2.2012380897133456e-02,
       -7.0482744074590259e-03, -5.3779255162389461e-04,
       9.9997501599142369e-01, 3.2475410383185369e-02,
       -8.1590875420732342e-03, -9.9996653689614134e-01,
       -5.9529691623017023e-04, 3.5105400128433974e-02, 0., 0., 0., 1. ]
Hobj2base18: !!opencv-matrix
   rows: 4
   cols: 4
   dt: d
   data: [ 9.9997406730633720e-01, -6.6466907093123036e-03,
       2.7724028270928644e-03, -7.3627480337297391e-01,
       -6.6656029628487171e-03, -9.9995419165569488e-01,
       6.8690848988826872e-03, 8.7316750404660623e-02,
       2.7266191451307269e-03, -6.8873865015067421e-03,
       -9.9997256435125093e-01, -1.5842009034165230e-03, 0., 0., 0., 1. ]
mean-rme18: 2.1201993751508836e-03
max-rme18: 7.9787553571900593e-03
Hcamera2end19: !!opencv-matrix
   rows: 4
   cols: 4
   dt: d
   data: [ 9.9996547662755919e-01, -4.7030578225217999e-03,
       6.8503138713715116e-03, -2.1678460127019256e-02,
       -6.8470937768941491e-03, 7.0044137722891087e-04,
       9.9997631306380841e-01, 3.2288833357716540e-02,
       -4.7077446647737654e-03, -9.9998869525059897e-01,
       6.6821491768143115e-04, 3.4992354497896803e-02, 0., 0., 0., 1. ]
Hobj2base19: !!opencv-matrix
   rows: 4
   cols: 4
   dt: d
   data: [ 9.9999276540024207e-01, -3.5145256231543637e-03,
       1.4550796612961589e-03, -7.3692168475645303e-01,
       -3.5242855235375482e-03, -9.9997093956021499e-01,
       6.7601365821241518e-03, 8.7127162358458896e-02,
       1.4312787028073813e-03, -6.7652157914275700e-03,
       -9.9997609136247356e-01, -1.2377697989685221e-03, 0., 0., 0., 1. ]
mean-rme19: 2.2150384628058799e-03
max-rme19: 8.0625601165819349e-03
Hcamera2end20: !!opencv-matrix
   rows: 4
   cols: 4
   dt: d
   data: [ 9.9996194029258678e-01, -5.0553625477955978e-03,
       7.1106452446649156e-03, -2.0816637006502801e-02,
       -7.1039965860884187e-03, 1.3319122754441581e-03,
       9.9997387927995163e-01, 3.2599647636722039e-02,
       -5.0647012537734411e-03, -9.9998633456622843e-01,
       1.2959483049715947e-03, 3.5040249628723694e-02, 0., 0., 0., 1. ]
Hobj2base20: !!opencv-matrix
   rows: 4
   cols: 4
   dt: d
   data: [ 9.9999115771573699e-01, -4.0230400604544950e-03,
       1.2245974897554085e-03, -7.3713877465340572e-01,
       -4.0317748748173671e-03, -9.9996583702750819e-01,
       7.2159246970428447e-03, 8.8230590014211005e-02,
       1.1955256997356264e-03, -7.2207981931764137e-03,
       -9.9997321503716008e-01, -1.3544930542101464e-03, 0., 0., 0., 1. ]
mean-rme20: 2.2228171826807123e-03
max-rme20: 8.0657200585785016e-03
Hcamera2end21: !!opencv-matrix
   rows: 4
   cols: 4
   dt: d
   data: [ 9.9996788193294150e-01, -3.5325858210569459e-03,
       7.1941601291295454e-03, -2.0648441291771590e-02,
       -7.1894222122831572e-03, 1.3520757536759076e-03,
       9.9997324169170110e-01, 3.2372064264882615e-02,
       -3.5422183445151102e-03, -9.9999284633869889e-01,
       1.3266350766474311e-03, 3.5065369426392004e-02, 0., 0., 0., 1. ]
Hobj2base21: !!opencv-matrix
   rows: 4
   cols: 4
   dt: d
   data: [ 9.9999585261119905e-01, -2.6387426499501101e-03,
       1.1540353670563648e-03, -7.3722412727490860e-01,
       -2.6471112755556627e-03, -9.9996976889486322e-01,
       7.3112309667735772e-03, 8.8148511235870600e-02,
       1.1347080223161900e-03, -7.3142555042886694e-03,
       -9.9997260667686438e-01, -1.0987343272685110e-03, 0., 0., 0., 1. ]
mean-rme21: 2.2149586756984234e-03
max-rme21: 8.1369998299138657e-03
Hcamera2end22: !!opencv-matrix
   rows: 4
   cols: 4
   dt: d
   data: [ 9.9996775974733132e-01, -3.5113074875046486e-03,
       7.2215085426546484e-03, -1.9557682749677022e-02,
       -7.2169921065401094e-03, 1.2972287212295042e-03,
       9.9997311574990810e-01, 3.1425800112438111e-02,
       -3.5205810369281412e-03, -9.9999299393414409e-01,
       1.2718458198267557e-03, 3.4904926493835066e-02, 0., 0., 0., 1. ]
Hobj2base22: !!opencv-matrix
   rows: 4
   cols: 4
   dt: d
   data: [ 9.9999627889921938e-01, -2.5425812547216152e-03,
       9.8866995387716710e-04, -7.3708675861828177e-01,
       -2.5496294169187884e-03, -9.9997087065648316e-01,
       7.1942496725566326e-03, 8.9452918145360508e-02,
       9.7034919021122634e-04, -7.1967436440265901e-03,
       -9.9997363230405778e-01, -4.1475550182363304e-04, 0., 0., 0., 1. ]
mean-rme22: 2.2483020950404809e-03
max-rme22: 8.4118120039456956e-03
Hcamera2end23: !!opencv-matrix
   rows: 4
   cols: 4
   dt: d
   data: [ 9.9996698706553799e-01, -4.2693033860878304e-03,
       6.9135973029789601e-03, -1.8958649209271872e-02,
       -6.9106629101540872e-03, 7.0169358511018576e-04,
       9.9997587489111706e-01, 3.1400706420504465e-02,
       -4.2740516155563221e-03, -9.9999064029355311e-01,
       6.7216670358338781e-04, 3.4949379712729711e-02, 0., 0., 0., 1. ]
Hobj2base23: !!opencv-matrix
   rows: 4
   cols: 4
   dt: d
   data: [ 9.9999337166113889e-01, -3.3026543617107637e-03,
       1.5326799908582159e-03, -7.3686754780972186e-01,
       -3.3134561184105754e-03, -9.9996930907458381e-01,
       7.0994307836278843e-03, 9.0042497187918152e-02,
       1.5091859854477168e-03, -7.1044621940882036e-03,
       -9.9997362413945434e-01, -4.6083769949177995e-04, 0., 0., 0., 1. ]
mean-rme23: 2.2436562998079334e-03
max-rme23: 8.7598504771942975e-03
Hcamera2end24: !!opencv-matrix
   rows: 4
   cols: 4
   dt: d
   data: [ 9.9997037480135831e-01, -4.6511524844655792e-03,
       6.1332128772181860e-03, -1.8469471509969696e-02,
       -6.1310103592792740e-03, 4.8765299371689164e-04,
       9.9998108627440163e-01, 3.1818353118627851e-02,
       -4.6540553934644509e-03, -9.9998906442776869e-01,
       4.5912228283517820e-04, 3.4956276562071960e-02, 0., 0., 0., 1. ]
Hobj2base24: !!opencv-matrix
   rows: 4
   cols: 4
   dt: d
   data: [ 9.9999206121259232e-01, -3.5552057417008419e-03,
       1.7994510065963824e-03, -7.3678426125937624e-01,
       -3.5667769186460392e-03, -9.9997271754844563e-01,
       6.4685594368797568e-03, 9.0288154571134052e-02,
       1.7764048535109430e-03, -6.4749263246781166e-03,
       -9.9997745960340811e-01, -9.9727344088840946e-04, 0., 0., 0., 1. ]
mean-rme24: 2.2317810887374787e-03
max-rme24: 8.7340311736406884e-03
