%YAML:1.0
---
Hcamera2end0: !!opencv-matrix
   rows: 4
   cols: 4
   dt: d
   data: [ 9.9986164395291688e-01, 3.4754420042439928e-04,
       -1.6630458947342934e-02, -1.1367624073225637e-02,
       1.6633044878259541e-02, -9.6818182816666987e-03,
       9.9981478495411280e-01, 2.7835404880192226e-02,
       1.8646674854047758e-04, -9.9995306970266840e-01,
       -9.6862594618436493e-03, 3.6891636531989964e-02, 0., 0., 0., 1. ]
Hobj2base0: !!opencv-matrix
   rows: 4
   cols: 4
   dt: d
   data: [ 9.9997108722022809e-01, 2.3331735175639323e-03,
       7.2374736567301584e-03, -7.3822829891560016e-01,
       2.4462492019067228e-03, -9.9987447095073478e-01,
       -1.5654335049140218e-02, 8.7426708948538878e-02,
       7.2000408635712184e-03, 1.5671587102955062e-02,
       -9.9985126932421187e-01, -3.3067667655372240e-04, 0., 0., 0., 1. ]
mean-rme0: 1.2334860988461231e-03
max-rme0: 4.5529085250081980e-03
Hcamera2end1: !!opencv-matrix
   rows: 4
   cols: 4
   dt: d
   data: [ 9.9986731299111997e-01, -4.8629727445814687e-03,
       -1.5546958159174845e-02, -1.1523440821250697e-02,
       1.5537977719856273e-02, -1.8790609091079435e-03,
       9.9987751268766767e-01, 2.7507501623460291e-02,
       -4.8915907734524856e-03, -9.9998641022075152e-01,
       -1.8032508199787856e-03, 3.7177753835199751e-02, 0., 0., 0., 1. ]
Hobj2base1: !!opencv-matrix
   rows: 4
   cols: 4
   dt: d
   data: [ 9.9999873613938817e-01, -1.5622226841761676e-03,
       -2.9526244495026789e-04, -7.4027203539029285e-01,
       -1.5665476580732222e-03, -9.9988226968650351e-01,
       -1.5264098237386590e-02, 8.8039857520201131e-02,
       -2.7138176309012143e-04, 1.5264541488385706e-02,
       -9.9988345327097372e-01, 1.5872971873987190e-03, 0., 0., 0., 1. ]
mean-rme1: 1.2721963280525688e-03
max-rme1: 4.9351021504694947e-03
Hcamera2end2: !!opencv-matrix
   rows: 4
   cols: 4
   dt: d
   data: [ 9.9986052369855016e-01, -5.2800636813049246e-03,
       -1.5844686073961708e-02, -1.2956706532694678e-02,
       1.5827378799514184e-02, -3.3036766019718389e-03,
       9.9986928135694120e-01, 2.8256586760729532e-02,
       -5.3317191971933775e-03, -9.9998060313609627e-01,
       -3.2196462494087363e-03, 3.7456816964169942e-02, 0., 0., 0., 1. ]
Hobj2base2: !!opencv-matrix
   rows: 4
   cols: 4
   dt: d
   data: [ 9.9999740415305149e-01, -2.0279899984937139e-03,
       1.0387221595126869e-03, -7.4029181312637915e-01,
       -2.0121320432535394e-03, -9.9988476536069326e-01,
       -1.5046837682116100e-02, 8.6497125267773978e-02,
       1.0691172990675852e-03, 1.5044708576687226e-02,
       -9.9988625039653556e-01, 6.2033471801441892e-04, 0., 0., 0., 1. ]
mean-rme2: 1.2016269577523114e-03
max-rme2: 4.7370492554544841e-03
Hcamera2end3: !!opencv-matrix
   rows: 4
   cols: 4
   dt: d
   data: [ 9.9992053116421664e-01, 2.8163324193885599e-05,
       -1.2606766559990604e-02, -1.4565925983340645e-02,
       1.2606773111315580e-02, -2.4600613210234989e-04,
       9.9992050121632292e-01, 2.5484829763042297e-02,
       2.5059743364125482e-05, -9.9999996934390445e-01,
       -2.4634163091952210e-04, 3.6875227121767655e-02, 0., 0., 0., 1. ]
Hobj2base3: !!opencv-matrix
   rows: 4
   cols: 4
   dt: d
   data: [ 9.9999730181316493e-01, 2.0173453322862266e-03,
       -1.1518177807999981e-03, -7.4014867365530757e-01,
       2.0042118580006598e-03, -9.9993423588360741e-01,
       -1.1291901642069255e-02, 8.4628576201214806e-02,
       -1.1745216975916622e-03, 1.1289562687554367e-02,
       -9.9993558106165303e-01, 4.1438314110328551e-03, 0., 0., 0., 1. ]
mean-rme3: 1.6256957751271755e-03
max-rme3: 5.8480791601282500e-03
Hcamera2end4: !!opencv-matrix
   rows: 4
   cols: 4
   dt: d
   data: [ 9.9995050255903628e-01, 6.1555781870482103e-04,
       -9.9304340540843118e-03, -1.5272890151554882e-02,
       9.9298441445241047e-03, 9.5409391430179014e-04,
       9.9995024271214017e-01, 2.5583646117288306e-02,
       6.2500175691461955e-04, -9.9999935539647955e-01,
       9.4793429589290490e-04, 3.7136033511447022e-02, 0., 0., 0., 1. ]
Hobj2base4: !!opencv-matrix
   rows: 4
   cols: 4
   dt: d
   data: [ 9.9999489801157726e-01, 2.5333908606474495e-03,
       -1.9457341962514174e-03, -7.4087572400133672e-01,
       2.5162367649035687e-03, -9.9995838855867869e-01,
       -8.7686774187612036e-03, 8.4616681541564751e-02,
       -1.9678677186797380e-03, 8.7637367531511936e-03,
       -9.9995966139378045e-01, 4.5118752361319901e-03, 0., 0., 0., 1. ]
mean-rme4: 1.5834583043144253e-03
max-rme4: 6.7590792810806044e-03
Hcamera2end5: !!opencv-matrix
   rows: 4
   cols: 4
   dt: d
   data: [ 9.9996105461570817e-01, 3.0658556087390671e-03,
       -8.2758553169489622e-03, -1.5546342144376345e-02,
       8.2748452230145438e-03, 3.4200420527608077e-04,
       9.9996570439673504e-01, 2.5585385858592505e-02,
       3.0685808406920932e-03, -9.9999524176993437e-01,
       3.1662140515242854e-04, 3.6435318665969094e-02, 0., 0., 0., 1. ]
Hobj2base5: !!opencv-matrix
   rows: 4
   cols: 4
   dt: d
   data: [ 9.9998582032599270e-01, 4.9623632047418077e-03,
       -1.9323815295221331e-03, -7.4031713224314788e-01,
       4.9490674226682092e-03, -9.9996445858976002e-01,
       -6.8255614372053162e-03, 8.4390265653370711e-02,
       -1.9661837648851455e-03, 6.8159011664932958e-03,
       -9.9997483848979440e-01, 4.7696571570444105e-03, 0., 0., 0., 1. ]
mean-rme5: 1.6335493103595956e-03
max-rme5: 6.3884677035359605e-03
Hcamera2end6: !!opencv-matrix
   rows: 4
   cols: 4
   dt: d
   data: [ 9.9995318189415161e-01, 5.4666640073989343e-03,
       -7.9843349373643745e-03, -1.5589745304749323e-02,
       7.9799320290393893e-03, 8.2674960271533759e-04,
       9.9996781806711466e-01, 2.5966378322204536e-02,
       5.4730891253221541e-03, -9.9998471591806071e-01,
       7.8308728866027799e-04, 3.6642813134966361e-02, 0., 0., 0., 1. ]
Hobj2base6: !!opencv-matrix
   rows: 4
   cols: 4
   dt: d
   data: [ 9.9997166516401992e-01, 7.1222078508893505e-03,
       -2.4378319109287384e-03, -7.4086629691270123e-01,
       7.1068619678316004e-03, -9.9995523456891666e-01,
       -6.2467088288429016e-03, 8.4107903936015804e-02,
       -2.4822131389953426e-03, 6.2292064944810760e-03,
       -9.9997751754946029e-01, 4.5173574615950769e-03, 0., 0., 0., 1. ]
mean-rme6: 1.5571036903604335e-03
max-rme6: 6.8770004790649208e-03
Hcamera2end7: !!opencv-matrix
   rows: 4
   cols: 4
   dt: d
   data: [ 9.9993525748478407e-01, 1.1045765769579547e-02,
       -2.7334771632620746e-03, -1.6994209083912706e-02,
       2.6837524257213412e-03, 4.5140190425356774e-03,
       9.9998621045742475e-01, 2.6339229370573911e-02,
       1.1057952421489492e-02, -9.9992880481094615e-01,
       4.4840826929111177e-03, 3.6225462940668265e-02, 0., 0., 0., 1. ]
Hobj2base7: !!opencv-matrix
   rows: 4
   cols: 4
   dt: d
   data: [ 9.9992259854721799e-01, 1.1132201778706776e-02,
       -5.5561675764129294e-03, -7.4226168461614606e-01,
       1.1133691258674991e-02, -9.9993799040084297e-01,
       2.3721737004425974e-04, 8.3761613291658113e-02,
       -5.5531822890599178e-03, -2.9905966345243520e-04,
       -9.9998453624532746e-01, 5.5575119390746065e-03, 0., 0., 0., 1. ]
mean-rme7: 1.7660633519893112e-03
max-rme7: 8.9838221764455550e-03
Hcamera2end8: !!opencv-matrix
   rows: 4
   cols: 4
   dt: d
   data: [ 9.9992890742023910e-01, 1.1690351258795445e-02,
       -2.3485725053380997e-03, -1.6985914320740019e-02,
       2.3141890987848140e-03, 2.9538371191305535e-03,
       9.9999295966276114e-01, 2.6355245510495142e-02,
       1.1697206255423380e-02, -9.9992730262440566e-01,
       2.9265734397855292e-03, 3.5929609656864619e-02, 0., 0., 0., 1. ]
Hobj2base8: !!opencv-matrix
   rows: 4
   cols: 4
   dt: d
   data: [ 9.9993087036396033e-01, 1.1093002891369974e-02,
       -3.8986895265930967e-03, -7.4146196955060562e-01,
       1.1097303289861070e-02, -9.9993783640146039e-01,
       1.0831400918638961e-03, 8.3863439339972770e-02,
       -3.8864318938517306e-03, -1.1263301548931738e-03,
       -9.9999181348024857e-01, 5.3433846746047753e-03, 0., 0., 0., 1. ]
mean-rme8: 1.8092644924124566e-03
max-rme8: 8.4594468556313807e-03
Hcamera2end9: !!opencv-matrix
   rows: 4
   cols: 4
   dt: d
   data: [ 9.9994308787474762e-01, 1.0107998093285260e-02,
       -3.4131196962399698e-03, -1.6885728017571693e-02,
       3.3791113300695847e-03, 3.3796701632426984e-03,
       9.9998857965289101e-01, 2.6329665409552255e-02,
       1.0119417875239418e-02, -9.9994320148903137e-01,
       3.3453217681497227e-03, 3.5870429945145166e-02, 0., 0., 0., 1. ]
Hobj2base9: !!opencv-matrix
   rows: 4
   cols: 4
   dt: d
   data: [ 9.9994369929095739e-01, 9.7475324957336778e-03,
       -4.1933111689864706e-03, -7.4136171062943945e-01,
       9.7468879425370043e-03, -9.9995248280009097e-01,
       -1.7411883334184111e-04, 8.4067484634361908e-02,
       -4.1948091435674954e-03, 1.3323729625576628e-04,
       -9.9999119287325278e-01, 5.2960812557317771e-03, 0., 0., 0., 1. ]
mean-rme9: 1.8219617835051507e-03
max-rme9: 8.2517618678168425e-03
Hcamera2end10: !!opencv-matrix
   rows: 4
   cols: 4
   dt: d
   data: [ 9.9987379613041871e-01, 1.4240873019504316e-02,
       -7.0419704194451607e-03, -1.5757236220987934e-02,
       7.0196776358028125e-03, 1.6147894143371255e-03,
       9.9997405795402339e-01, 2.6566245327687664e-02,
       1.4251874881411091e-02, -9.9989728972069403e-01,
       1.5146192838151329e-03, 3.5905795867770686e-02, 0., 0., 0., 1. ]
Hobj2base10: !!opencv-matrix
   rows: 4
   cols: 4
   dt: d
   data: [ 9.9992485113956608e-01, 1.2109330366695993e-02,
       -1.9121170431933056e-03, -7.4106804013690863e-01,
       1.2103616848222276e-02, -9.9992233217232562e-01,
       -2.9718819373733938e-03, 8.3690216035872927e-02,
       -1.9479560334067717e-03, 2.9485150717726886e-03,
       -9.9999375584358741e-01, 4.2461546151120952e-03, 0., 0., 0., 1. ]
mean-rme10: 2.0386332785029635e-03
max-rme10: 1.5545730998472935e-02
Hcamera2end11: !!opencv-matrix
   rows: 4
   cols: 4
   dt: d
   data: [ 9.9986592832371080e-01, 1.4820073013744637e-02,
       -6.9635345358064213e-03, -1.5903705779229223e-02,
       6.8988599648111279e-03, 4.4106437967121881e-03,
       9.9996647541429318e-01, 2.6692515911813531e-02,
       1.4850289847340253e-02, -9.9988044868232406e-01,
       4.3078108459146947e-03, 3.5156707690270780e-02, 0., 0., 0., 1. ]
Hobj2base11: !!opencv-matrix
   rows: 4
   cols: 4
   dt: d
   data: [ 9.9990489446299835e-01, 1.3165423682815175e-02,
       -4.1077546411754954e-03, -7.4136684735405989e-01,
       1.3157006922011962e-02, -9.9991130158093267e-01,
       -2.0693331241468916e-03, 8.3410435147158624e-02,
       -4.1346339371531845e-03, 2.0150905628610115e-03,
       -9.9998942205016772e-01, 4.7390986055029392e-03, 0., 0., 0., 1. ]
mean-rme11: 2.1216678597245479e-03
max-rme11: 1.5601480962063123e-02
Hcamera2end12: !!opencv-matrix
   rows: 4
   cols: 4
   dt: d
   data: [ 9.9989064775077796e-01, 1.2892458236672129e-02,
       -7.2441052687862856e-03, -1.5778863352097338e-02,
       7.1902073390115347e-03, 4.2220318157116798e-03,
       9.9996523707865426e-01, 2.6488703753395442e-02,
       1.2922594900081675e-02, -9.9990797524970398e-01,
       4.1288706792050878e-03, 3.4812871126901936e-02, 0., 0., 0., 1. ]
Hobj2base12: !!opencv-matrix
   rows: 4
   cols: 4
   dt: d
   data: [ 9.9992429269724914e-01, 1.1632641421928340e-02,
       -4.0112999706919967e-03, -7.4080399586372159e-01,
       1.1621155048047118e-02, -9.9992833893637489e-01,
       -2.8750212679080280e-03, 8.3534739778314313e-02,
       -4.0444566081595697e-03, 2.8281876688988450e-03,
       -9.9998782178847256e-01, 4.8891976226112920e-03, 0., 0., 0., 1. ]
mean-rme12: 2.1728816128534080e-03
max-rme12: 1.5838941604144660e-02
Hcamera2end13: !!opencv-matrix
   rows: 4
   cols: 4
   dt: d
   data: [ 9.9994503916551047e-01, 6.9665616487932349e-03,
       -7.8349005787735019e-03, -1.6070942577390345e-02,
       7.7805937217448494e-03, 7.7885877357682931e-03,
       9.9993939829492662e-01, 2.6396124713623677e-02,
       7.0271622738376184e-03, -9.9994540096941098e-01,
       7.7339556826599987e-03, 3.3890931510018076e-02, 0., 0., 0., 1. ]
Hobj2base13: !!opencv-matrix
   rows: 4
   cols: 4
   dt: d
   data: [ 9.9995097883759565e-01, 6.6735252469340093e-03,
       -7.3146416530786669e-03, -7.4043879384589684e-01,
       6.6369186077271346e-03, -9.9996538754958975e-01,
       -5.0174708961565114e-03, 8.4046222335991447e-02,
       -7.3478726941084366e-03, 4.9686782526046774e-03,
       -9.9996065972781834e-01, 5.5502925824692960e-03, 0., 0., 0., 1. ]
mean-rme13: 2.3460216338685182e-03
max-rme13: 1.5932618142947760e-02
Hcamera2end14: !!opencv-matrix
   rows: 4
   cols: 4
   dt: d
   data: [ 9.9995373838815660e-01, 5.4120557145175595e-03,
       -7.9517756817659678e-03, -1.6099612076029897e-02,
       7.9068996403697418e-03, 8.2633583210874884e-03,
       9.9993459678487684e-01, 2.5777472620099710e-02,
       5.4774101204207466e-03, -9.9995121209097004e-01,
       8.2201834634295645e-03, 3.3395402450060792e-02, 0., 0., 0., 1. ]
Hobj2base14: !!opencv-matrix
   rows: 4
   cols: 4
   dt: d
   data: [ 9.9995031686304325e-01, 5.5001373719091333e-03,
       -8.3133804429697152e-03, -7.4014647886235851e-01,
       5.4554414662896901e-03, -9.9997059512687758e-01,
       -5.3895305923700983e-03, 8.4224217831955467e-02,
       -8.3427791477007143e-03, 5.3439096631899266e-03,
       -9.9995091912833622e-01, 6.3447538910092471e-03, 0., 0., 0., 1. ]
mean-rme14: 2.4191754984234093e-03
max-rme14: 1.6011268980413329e-02
Hcamera2end15: !!opencv-matrix
   rows: 4
   cols: 4
   dt: d
   data: [ 9.9995774150704275e-01, 5.6898895068785045e-03,
       -7.2208280365735752e-03, -1.6268604418757264e-02,
       7.1727636302882040e-03, 8.4229418016090740e-03,
       9.9993880088398934e-01, 2.5817981901087413e-02,
       5.7503619049819711e-03, -9.9994833826993590e-01,
       8.3817736282669753e-03, 3.3231179221868148e-02, 0., 0., 0., 1. ]
Hobj2base15: !!opencv-matrix
   rows: 4
   cols: 4
   dt: d
   data: [ 9.9994902269242825e-01, 5.6875871027326887e-03,
       -8.3428633817444302e-03, -7.4006308360712492e-01,
       5.6493951442665837e-03, -9.9997348827045429e-01,
       -4.5942453921520481e-03, 8.4212081256011762e-02,
       -8.3687723688460093e-03, 4.5468790580135256e-03,
       -9.9995464374133980e-01, 6.4330914101705635e-03, 0., 0., 0., 1. ]
mean-rme15: 2.3812908803891798e-03
max-rme15: 1.6359984904717829e-02
Hcamera2end16: !!opencv-matrix
   rows: 4
   cols: 4
   dt: d
   data: [ 9.9996438294811840e-01, 3.1452313533675762e-03,
       -7.8320083581825857e-03, -1.6111060709259214e-02,
       7.8096733092855135e-03, 7.0518238647921949e-03,
       9.9994463885906315e-01, 2.5803611907281192e-02,
       3.2002871732208270e-03, -9.9997018920561520e-01,
       7.0270094702639119e-03, 3.3597792540961305e-02, 0., 0., 0., 1. ]
Hobj2base16: !!opencv-matrix
   rows: 4
   cols: 4
   dt: d
   data: [ 9.9996756317822133e-01, 3.7105767811163276e-03,
       -7.1487209598127474e-03, -7.3966037788418726e-01,
       3.6697108328264841e-03, -9.9997690027457198e-01,
       -5.7212008933072624e-03, 8.4451848993883291e-02,
       -7.1697847815162235e-03, 5.6947815769864477e-03,
       -9.9995808094588479e-01, 6.0593480162395826e-03, 0., 0., 0., 1. ]
mean-rme16: 2.3996251969790341e-03
max-rme16: 1.6402466620449217e-02
Hcamera2end17: !!opencv-matrix
   rows: 4
   cols: 4
   dt: d
   data: [ 9.9996710048123161e-01, 2.1614948773234165e-03,
       -7.8183051266794232e-03, -1.6100294195871778e-02,
       7.8013120167488240e-03, 7.7614589860736105e-03,
       9.9993944780932853e-01, 2.5123352442472408e-02,
       2.2220454486548014e-03, -9.9996754332043347e-01,
       7.7443411418474106e-03, 3.4411006914725789e-02, 0., 0., 0., 1. ]
Hobj2base17: !!opencv-matrix
   rows: 4
   cols: 4
   dt: d
   data: [ 9.9996442027971288e-01, 3.2204951300520380e-03,
       -7.7965752593725044e-03, -7.4017523862271473e-01,
       3.1728821754802823e-03, -9.9997629034907809e-01,
       -6.1115921326424585e-03, 8.4485378530209793e-02,
       -7.8160727579947610e-03, 6.0866370692336160e-03,
       -9.9995092972396815e-01, 7.3159008766813033e-03, 0., 0., 0., 1. ]
mean-rme17: 2.4604450020485891e-03
max-rme17: 1.6629305862894291e-02
Hcamera2end18: !!opencv-matrix
   rows: 4
   cols: 4
   dt: d
   data: [ 9.9996692573753643e-01, 2.2851431176136978e-03,
       -7.8054821729518775e-03, -1.6094585386207717e-02,
       7.7879026621299561e-03, 7.6033523144974913e-03,
       9.9994076704858204e-01, 2.5057014216896129e-02,
       2.3443555927879114e-03, -9.9996848308059860e-01,
       7.5853043670583986e-03, 3.4343972754899123e-02, 0., 0., 0., 1. ]
Hobj2base18: !!opencv-matrix
   rows: 4
   cols: 4
   dt: d
   data: [ 9.9996496627577736e-01, 3.3383591033515478e-03,
       -7.6760393159828041e-03, -7.4008684856553775e-01,
       3.2916560862022749e-03, -9.9997604507560300e-01,
       -6.0888648503382662e-03, 8.4481594821635198e-02,
       -7.6961822544435255e-03, 6.0633846531938877e-03,
       -9.9995200092067105e-01, 7.3648880016141905e-03, 0., 0., 0., 1. ]
mean-rme18: 2.3975374220848817e-03
max-rme18: 1.6623634672947887e-02
Hcamera2end19: !!opencv-matrix
   rows: 4
   cols: 4
   dt: d
   data: [ 9.9996824569147891e-01, 1.7325256028882467e-03,
       -7.7785579474187790e-03, -1.6163128661034497e-02,
       7.7657308993558521e-03, 7.2912731593628433e-03,
       9.9994326377015708e-01, 2.5077610106482129e-02,
       1.7891428966979937e-03, -9.9997191745106040e-01,
       7.2775873024171212e-03, 3.4656769076642439e-02, 0., 0., 0., 1. ]
Hobj2base19: !!opencv-matrix
   rows: 4
   cols: 4
   dt: d
   data: [ 9.9996749132041107e-01, 2.9133539061227723e-03,
       -7.5185551391999117e-03, -7.4022422534611299e-01,
       2.8664481407827745e-03, -9.9997641067165222e-01,
       -6.2419208017239543e-03, 8.4606210084664332e-02,
       -7.5365627058834456e-03, 6.2201663367204597e-03,
       -9.9995225373680885e-01, 7.2650460505174121e-03, 0., 0., 0., 1. ]
mean-rme19: 2.3724483009885094e-03
max-rme19: 1.6583168961126861e-02
Hcamera2end20: !!opencv-matrix
   rows: 4
   cols: 4
   dt: d
   data: [ 9.9997907986802637e-01, -2.6097996680035694e-04,
       -6.4631041885628016e-03, -1.6691131765535140e-02,
       6.4648847926403810e-03, 7.5228428605242925e-03,
       9.9995080483987497e-01, 2.5444859220842015e-02,
       -2.1234621064734633e-04, -9.9997166896105261e-01,
       7.5243726870773964e-03, 3.4319856111041019e-02, 0., 0., 0., 1. ]
Hobj2base20: !!opencv-matrix
   rows: 4
   cols: 4
   dt: d
   data: [ 9.9997083495771777e-01, 8.8969986896800701e-04,
       -7.5853587988950468e-03, -7.3963335894358673e-01,
       8.4575340566362756e-04, -9.9998285216963989e-01,
       -5.7948311320743960e-03, 8.4994635846027150e-02,
       -7.5903843869480391e-03, 5.7882467825420636e-03,
       -9.9995444009416912e-01, 7.0286850643316431e-03, 0., 0., 0., 1. ]
mean-rme20: 2.4435145076784851e-03
max-rme20: 1.7137573100178990e-02
Hcamera2end21: !!opencv-matrix
   rows: 4
   cols: 4
   dt: d
   data: [ 9.9998209474889710e-01, 3.6127228100657320e-04,
       -5.9732456794320309e-03, -1.6779435593680822e-02,
       5.9704807905229373e-03, 7.2230891981192036e-03,
       9.9995608920670431e-01, 2.5499080945485836e-02,
       4.0440170359893734e-04, -9.9997384789042121e-01,
       7.2208028976794569e-03, 3.4636326545160391e-02, 0., 0., 0., 1. ]
Hobj2base21: !!opencv-matrix
   rows: 4
   cols: 4
   dt: d
   data: [ 9.9997183795870459e-01, 1.5977397442105640e-03,
       -7.3328382772233913e-03, -7.3991123103448453e-01,
       1.5599154321238181e-03, -9.9998546509606556e-01,
       -5.1610328859180822e-03, 8.4939456408978389e-02,
       -7.3409776824864756e-03, 5.1494489331069130e-03,
       -9.9995979580298644e-01, 6.9627133789305056e-03, 0., 0., 0., 1. ]
mean-rme21: 2.4349939220861651e-03
max-rme21: 1.7350435900524618e-02
Hcamera2end22: !!opencv-matrix
   rows: 4
   cols: 4
   dt: d
   data: [ 9.9998689151049702e-01, -2.5381999280401756e-04,
       -5.1139400255286478e-03, -1.7123767939254585e-02,
       5.1157352480300025e-03, 7.6639879824429435e-03,
       9.9995754536934056e-01, 2.5561735495911425e-02,
       -2.1461604207138408e-04, -9.9997059899959861e-01,
       7.6651859950207513e-03, 3.4279095147047911e-02, 0., 0., 0., 1. ]
Hobj2base22: !!opencv-matrix
   rows: 4
   cols: 4
   dt: d
   data: [ 9.9997040855405928e-01, 6.0280549865794739e-04,
       -7.6693312458426801e-03, -7.3959535869949622e-01,
       5.6725259981568320e-04, -9.9998908791558794e-01,
       -4.6370544787328926e-03, 8.5171550019581641e-02,
       -7.6720427993900971e-03, 4.6325668134979099e-03,
       -9.9995983873553795e-01, 7.0681590942015537e-03, 0., 0., 0., 1. ]
mean-rme22: 2.4203340612432914e-03
max-rme22: 1.7572550917850625e-02
Hcamera2end23: !!opencv-matrix
   rows: 4
   cols: 4
   dt: d
   data: [ 9.9998735700405039e-01, -3.2706805569849857e-04,
       -5.0178539776257747e-03, -1.7179500531584346e-02,
       5.0202092813601551e-03, 7.6494004978524544e-03,
       9.9995814120931836e-01, 2.5637481484724202e-02,
       -2.8867079031061381e-04, -9.9997068941970024e-01,
       7.6509457366017442e-03, 3.4156600942614988e-02, 0., 0., 0., 1. ]
Hobj2base23: !!opencv-matrix
   rows: 4
   cols: 4
   dt: d
   data: [ 9.9997060012264916e-01, 5.4489666866931600e-04,
       -7.6486585732044388e-03, -7.3944137732391124e-01,
       5.1036116457052569e-04, -9.9998967049532728e-01,
       -4.5164625680598688e-03, 8.5206500330364143e-02,
       -7.6510405717574717e-03, 4.5124262063174856e-03,
       -9.9996054901576081e-01, 7.0138573148120298e-03, 0., 0., 0., 1. ]
mean-rme23: 2.3836532777363395e-03
max-rme23: 1.7571803098103564e-02
Hcamera2end24: !!opencv-matrix
   rows: 4
   cols: 4
   dt: d
   data: [ 9.9998795804853580e-01, 1.0381266550129810e-03,
       -4.7964623388548466e-03, -1.7233422083124728e-02,
       4.7884053090576969e-03, 7.6292323677862317e-03,
       9.9995943217116268e-01, 2.5908525553893551e-02,
       1.0746778661949868e-03, -9.9997035811394230e-01,
       7.6241695257539543e-03, 3.4401518687423763e-02, 0., 0., 0., 1. ]
Hobj2base24: !!opencv-matrix
   rows: 4
   cols: 4
   dt: d
   data: [ 9.9997187118180308e-01, 1.7172474364363784e-03,
       -7.3012263631205016e-03, -7.3975269942204303e-01,
       1.6907139147997465e-03, -9.9999195050041467e-01,
       -3.6387389072924992e-03, 8.5117475280870172e-02,
       -7.3074162069623246e-03, 3.6262922688600793e-03,
       -9.9996672528277641e-01, 6.7533027905745746e-03, 0., 0., 0., 1. ]
mean-rme24: 2.4280417942852688e-03
max-rme24: 1.7458434282849201e-02
