%YAML:1.0
---
Hcamera2end0: !!opencv-matrix
   rows: 4
   cols: 4
   dt: d
   data: [ 9.9970166435681063e-01, 1.0383973787928194e-02,
       -2.2107812433487722e-02, -1.9123787805065628e-02,
       2.2257600569853389e-02, -1.4537946896535647e-02,
       9.9964656119896012e-01, 2.8794287544520188e-02,
       1.0058901485525950e-02, -9.9984039785778067e-01,
       -1.4764732049697082e-02, 3.1512954365790102e-02, 0., 0., 0., 1. ]
Hobj2base0: !!opencv-matrix
   rows: 4
   cols: 4
   dt: d
   data: [ 9.9988472360807656e-01, 9.5386963205501534e-03,
       1.1813245434877533e-02, -7.3066492824990803e-01,
       9.7846334497520889e-03, -9.9973287451219361e-01,
       -2.0938972463817502e-02, 7.7814566362918600e-02,
       1.1610359316331448e-02, 2.1052146971053520e-02,
       -9.9971096156061789e-01, -2.7295649823451304e-03, 0., 0., 0., 1. ]
mean-rme0: 1.3417573136601856e-03
max-rme0: 3.9536973024498767e-03
Hcamera2end1: !!opencv-matrix
   rows: 4
   cols: 4
   dt: d
   data: [ 9.9980375890094531e-01, 1.5076959090099077e-02,
       -1.2850252609809102e-02, -1.9307712701743789e-02,
       1.3088200395236069e-02, -1.5791143750135905e-02,
       9.9978964727060304e-01, 3.0394497600685865e-02,
       1.4870867424416411e-02, -9.9976163413268571e-01,
       -1.5985375140653124e-02, 3.1293119083867421e-02, 0., 0., 0., 1. ]
Hobj2base1: !!opencv-matrix
   rows: 4
   cols: 4
   dt: d
   data: [ 9.9983320751516125e-01, 1.3296354176439779e-02,
       1.2520547733991501e-02, -7.3046080857361662e-01,
       1.3447985615523520e-02, -9.9983629316818790e-01,
       -1.2105310676804527e-02, 7.8942441093868027e-02,
       1.2357541536614789e-02, 1.2271667747782190e-02,
       -9.9984833716812216e-01, -3.7354703935536604e-03, 0., 0., 0., 1. ]
mean-rme1: 1.5770126149921701e-03
max-rme1: 4.8207291174333367e-03
Hcamera2end2: !!opencv-matrix
   rows: 4
   cols: 4
   dt: d
   data: [ 9.9983026158744848e-01, 1.6194309500283589e-02,
       -8.7859179249231180e-03, -2.1562056632491739e-02,
       8.9692972201003904e-03, -1.1286054999826600e-02,
       9.9989608293558119e-01, 2.9724904860703259e-02,
       1.6093468282255385e-02, -9.9980516567096722e-01,
       -1.1429390897949254e-02, 3.1242676732556453e-02, 0., 0., 0., 1. ]
Hobj2base2: !!opencv-matrix
   rows: 4
   cols: 4
   dt: d
   data: [ 9.9984684974634808e-01, 1.5138126153473387e-02,
       8.7814684913797465e-03, -7.3180492404941344e-01,
       1.5207000515320838e-02, -9.9985370743349633e-01,
       -7.8301255941181872e-03, 7.7464947871271991e-02,
       8.6616503987751690e-03, 7.9624662042710060e-03,
       -9.9993078507680511e-01, -2.0894066566393768e-03, 0., 0., 0., 1. ]
mean-rme2: 1.7403369762988888e-03
max-rme2: 6.0960812486502841e-03
Hcamera2end3: !!opencv-matrix
   rows: 4
   cols: 4
   dt: d
   data: [ 9.9985881344953065e-01, 1.5155250795573246e-02,
       -7.2575161467180287e-03, -1.9035350774531418e-02,
       7.3756784190342466e-03, -7.7555038782979313e-03,
       9.9994272412346330e-01, 3.0407657838201058e-02,
       1.5098097070677115e-02, -9.9985507476479651e-01,
       -7.8661891616862434e-03, 3.1356683017668259e-02, 0., 0., 0., 1. ]
Hobj2base3: !!opencv-matrix
   rows: 4
   cols: 4
   dt: d
   data: [ 9.9987847805568664e-01, 1.4761673440734834e-02,
       5.0121969507327252e-03, -7.3301035667645265e-01,
       1.4792635063689177e-02, -9.9987137669616222e-01,
       -6.1974197529224518e-03, 8.0689821310819893e-02,
       4.9200679788336359e-03, 6.2708102307838754e-03,
       -9.9996823443054095e-01, -1.7125685372346834e-03, 0., 0., 0., 1. ]
mean-rme3: 1.9657222368309035e-03
max-rme3: 6.3118897237570970e-03
Hcamera2end4: !!opencv-matrix
   rows: 4
   cols: 4
   dt: d
   data: [ 9.9985773273103795e-01, 1.4278801354050628e-02,
       -8.9794281465977888e-03, -1.8682716190475877e-02,
       9.0884295516630974e-03, -7.5873140625497548e-03,
       9.9992991410078380e-01, 2.9597548090004738e-02,
       1.4209670869967663e-02, -9.9986926570287582e-01,
       -7.7160065162877878e-03, 3.1338962149370507e-02, 0., 0., 0., 1. ]
Hobj2base4: !!opencv-matrix
   rows: 4
   cols: 4
   dt: d
   data: [ 9.9989018892515813e-01, 1.3934016623031646e-02,
       5.0451235822884894e-03, -7.3288821905376544e-01,
       1.3973059652366367e-02, -9.9987204186397349e-01,
       -7.7880358704891838e-03, 8.0942245654660488e-02,
       4.9359593963987135e-03, 7.8576764706682154e-03,
       -9.9995694568582283e-01, -1.2494527344209694e-03, 0., 0., 0., 1. ]
mean-rme4: 1.8959741950569679e-03
max-rme4: 5.9299698351658880e-03
Hcamera2end5: !!opencv-matrix
   rows: 4
   cols: 4
   dt: d
   data: [ 9.9988046867664526e-01, 1.5121650170021596e-02,
       -3.2224300004371825e-03, -1.8551676773688023e-02,
       3.3471377624017893e-03, -8.2289187909703188e-03,
       9.9996054000361989e-01, 3.0581538805698298e-02,
       1.5094536354977442e-02, -9.9985179931411194e-01,
       -8.2785494237314072e-03, 3.0934230484156333e-02, 0., 0., 0., 1. ]
Hobj2base5: !!opencv-matrix
   rows: 4
   cols: 4
   dt: d
   data: [ 9.9987439404597134e-01, 1.4775658543932936e-02,
       5.7337636675054600e-03, -7.3236330098388824e-01,
       1.4788848051731083e-02, -9.9988807410637959e-01,
       -2.2647810354623535e-03, 8.2947112005341384e-02,
       5.6996582796263982e-03, 2.3492923251230030e-03,
       -9.9998099717998001e-01, -2.5279273232259969e-03, 0., 0., 0., 1. ]
mean-rme5: 1.9854290260453325e-03
max-rme5: 6.7474083467647383e-03
Hcamera2end6: !!opencv-matrix
   rows: 4
   cols: 4
   dt: d
   data: [ 9.9988504440570958e-01, 1.4075431130036203e-02,
       -5.6373941050573695e-03, -1.6617626158550676e-02,
       5.7332575149574259e-03, -6.7796540224451807e-03,
       9.9996058224792184e-01, 2.8761937779702162e-02,
       1.4036656726561066e-02, -9.9987795181704020e-01,
       -6.8595727345905910e-03, 3.0758273859126956e-02, 0., 0., 0., 1. ]
Hobj2base6: !!opencv-matrix
   rows: 4
   cols: 4
   dt: d
   data: [ 9.9989916014183255e-01, 1.3173439432549909e-02,
       5.3037761241297044e-03, -7.3244145541530992e-01,
       1.3197100273931997e-02, -9.9990300730771375e-01,
       -4.4511258520273265e-03, 8.4568959615906339e-02,
       5.2446250597858006e-03, 4.5206714664683479e-03,
       -9.9997602843141942e-01, -1.2713984857044742e-03, 0., 0., 0., 1. ]
mean-rme6: 2.0089819133534592e-03
max-rme6: 6.6400416510124655e-03
Hcamera2end7: !!opencv-matrix
   rows: 4
   cols: 4
   dt: d
   data: [ 9.9993135353825979e-01, 1.0857613509656996e-02,
       -4.4045930593625011e-03, -1.6866544197842857e-02,
       4.4586960583680238e-03, -4.9637953032466431e-03,
       9.9997774013507235e-01, 2.9185488137027760e-02,
       1.0835508322306059e-02, -9.9992873394310566e-01,
       -5.0118653548210101e-03, 3.0865949744190376e-02, 0., 0., 0., 1. ]
Hobj2base7: !!opencv-matrix
   rows: 4
   cols: 4
   dt: d
   data: [ 9.9994524374809080e-01, 9.6546510357643639e-03,
       4.0369814154763732e-03, -7.3257866398474747e-01,
       9.6681851074948179e-03, -9.9994766201120244e-01,
       -3.3465557005444564e-03, 8.4968718443879876e-02,
       4.0044603005277698e-03, 3.3854027392978309e-03,
       -9.9998625157848742e-01, -1.2908565166912522e-03, 0., 0., 0., 1. ]
mean-rme7: 2.0719659580824734e-03
max-rme7: 7.4055770829642292e-03
Hcamera2end8: !!opencv-matrix
   rows: 4
   cols: 4
   dt: d
   data: [ 9.9992853108016932e-01, 1.1170037687449579e-02,
       -4.2618059453424289e-03, -1.6483098958463636e-02,
       4.3033244456212438e-03, -3.6955569372842945e-03,
       9.9998391199940773e-01, 2.9277922665901804e-02,
       1.1154108237349976e-02, -9.9993078416307613e-01,
       -3.7433611160606617e-03, 3.0942607863493701e-02, 0., 0., 0., 1. ]
Hobj2base8: !!opencv-matrix
   rows: 4
   cols: 4
   dt: d
   data: [ 9.9994256171147355e-01, 1.0330749507079398e-02,
       2.8546265110934469e-03, -7.3300526327186533e-01,
       1.0338601239271631e-02, -9.9994277487670558e-01,
       -2.7495992961088750e-03, 8.5325857239588423e-02,
       2.8260577331664476e-03, 2.7789542090164211e-03,
       -9.9999214537474868e-01, -1.0506563565311489e-03, 0., 0., 0., 1. ]
mean-rme8: 2.0588889122793957e-03
max-rme8: 7.5310544035397525e-03
Hcamera2end9: !!opencv-matrix
   rows: 4
   cols: 4
   dt: d
   data: [ 9.9997693551327771e-01, 5.1055769637767118e-03,
       -4.4790094151483115e-03, -1.5915805094134400e-02,
       4.4787514431721565e-03, 6.1959804630973281e-05,
       9.9998996842293020e-01, 2.9290070286492970e-02,
       5.1058032653362164e-03, -9.9998696453746316e-01,
       3.9091765365206754e-05, 3.0908949641120037e-02, 0., 0., 0., 1. ]
Hobj2base9: !!opencv-matrix
   rows: 4
   cols: 4
   dt: d
   data: [ 9.9999000375638303e-01, 4.4545876224373138e-03,
       3.8605235795208194e-04, -7.3346510382380004e-01,
       4.4557952238599161e-03, -9.9998499815768604e-01,
       -3.1858042148657714e-03, 8.6802635106239423e-02,
       3.7185512243243337e-04, 3.1874925390434463e-03,
       -9.9999485079428352e-01, -8.1744918440580512e-04, 0., 0., 0., 1. ]
mean-rme9: 2.0994557225240979e-03
max-rme9: 8.0593243539740234e-03
Hcamera2end10: !!opencv-matrix
   rows: 4
   cols: 4
   dt: d
   data: [ 9.9997707448047379e-01, 5.1299397470523471e-03,
       -4.4197547063714931e-03, -1.5887485080295242e-02,
       4.4193853105520195e-03, 8.3341314708107461e-05,
       9.9999023099613438e-01, 2.9403716153735389e-02,
       5.1302579808190441e-03, -9.9998683829959334e-01,
       6.0668223702986523e-05, 3.0918854789152874e-02, 0., 0., 0., 1. ]
Hobj2base10: !!opencv-matrix
   rows: 4
   cols: 4
   dt: d
   data: [ 9.9999109681541953e-01, 4.2152047537913255e-03,
       1.9580290576945393e-04, -7.3350342571393989e-01,
       4.2158133733614786e-03, -9.9998593072311781e-01,
       -3.2195144696711966e-03, 8.6720505705728590e-02,
       1.8222923826670038e-04, 3.2203112742482994e-03,
       -9.9999479818037118e-01, -8.3174899064478863e-04, 0., 0., 0., 1. ]
mean-rme10: 2.0461645013987798e-03
max-rme10: 8.1377923791659396e-03
Hcamera2end11: !!opencv-matrix
   rows: 4
   cols: 4
   dt: d
   data: [ 9.9996713180239083e-01, 5.9674572672100464e-03,
       -5.4886035258454070e-03, -1.5071286386515944e-02,
       5.4911645173053979e-03, -4.1285989968242731e-04,
       9.9998483821453343e-01, 2.8028041622767293e-02,
       5.9651007656021035e-03, -9.9998210934019560e-01,
       -4.4561461932590696e-04, 3.0784335353733865e-02, 0., 0., 0., 1. ]
Hobj2base11: !!opencv-matrix
   rows: 4
   cols: 4
   dt: d
   data: [ 9.9998771152523125e-01, 4.9049427502248343e-03,
       7.1995496243587532e-04, -7.3331353447863956e-01,
       4.9077706455290127e-03, -9.9998003600915353e-01,
       -3.9801219105475962e-03, 8.7312086510746345e-02,
       7.0041831915144406e-04, 3.9836063747506678e-03,
       -9.9999182011375942e-01, 1.8609952763685417e-04, 0., 0., 0., 1. ]
mean-rme11: 2.0963605240051650e-03
max-rme11: 8.0708572626554814e-03
Hcamera2end12: !!opencv-matrix
   rows: 4
   cols: 4
   dt: d
   data: [ 9.9996612301242815e-01, 6.4174087617581577e-03,
       -5.1545797382493560e-03, -1.5757628813081688e-02,
       5.1620114400052833e-03, -1.1420288018575420e-03,
       9.9998602460639863e-01, 2.8315969839570469e-02,
       6.4114323974222591e-03, -9.9997875609184816e-01,
       -1.1751168508054022e-03, 3.0906348508332605e-02, 0., 0., 0., 1. ]
Hobj2base12: !!opencv-matrix
   rows: 4
   cols: 4
   dt: d
   data: [ 9.9998452202052479e-01, 5.3959893720440686e-03,
       1.3561040075522304e-03, -7.3321526630832934e-01,
       5.4009619775638356e-03, -9.9997860535306726e-01,
       -3.6903178522651649e-03, 8.6627016344970428e-02,
       1.3361620782754982e-03, 3.6975849997836025e-03,
       -9.9999227123816792e-01, -2.2650480887389152e-05, 0., 0., 0., 1. ]
mean-rme12: 2.0619446388950857e-03
max-rme12: 8.0403395866434774e-03
Hcamera2end13: !!opencv-matrix
   rows: 4
   cols: 4
   dt: d
   data: [ 9.9996567336298114e-01, 6.5714721725250724e-03,
       -5.0465680621012924e-03, -1.5731829844667627e-02,
       5.0547730289280633e-03, -1.2325638570647168e-03,
       9.9998646493638310e-01, 2.8341607896764924e-02,
       6.5651630098355982e-03, -9.9997764802010647e-01,
       -1.2657388475907361e-03, 3.0884835825881859e-02, 0., 0., 0., 1. ]
Hobj2base13: !!opencv-matrix
   rows: 4
   cols: 4
   dt: d
   data: [ 9.9998401885160593e-01, 5.4775914972246221e-03,
       1.3992972452712916e-03, -7.3323976805304669e-01,
       5.4824186727096260e-03, -9.9997895263786973e-01,
       -3.4694908511296134e-03, 8.6590717089313540e-02,
       1.3802633401695963e-03, 3.4771069380276163e-03,
       -9.9999300227574262e-01, -4.3880275828730263e-06, 0., 0., 0., 1. ]
mean-rme13: 2.0029621676121772e-03
max-rme13: 8.1078272643944765e-03
Hcamera2end14: !!opencv-matrix
   rows: 4
   cols: 4
   dt: d
   data: [ 9.9997330527838391e-01, 4.9351877098390753e-03,
       -5.3881956991765467e-03, -1.5624480021649805e-02,
       5.3983654383999227e-03, -2.0496611778932916e-03,
       9.9998332813084911e-01, 2.8336021166219735e-02,
       4.9240614554918478e-03, -9.9998572130372165e-01,
       -2.0762484095235845e-03, 3.0984327603318769e-02, 0., 0., 0., 1. ]
Hobj2base14: !!opencv-matrix
   rows: 4
   cols: 4
   dt: d
   data: [ 9.9999136544434286e-01, 3.7197998794032076e-03,
       1.8525996912282260e-03, -7.3288791022370503e-01,
       3.7271410760800717e-03, -9.9998515345035610e-01,
       -3.9750846868027295e-03, 8.6697012086401265e-02,
       1.8377856669763533e-03, 3.9819552641194699e-03,
       -9.9999038324181777e-01, -1.0622104420573985e-05, 0., 0., 0., 1. ]
mean-rme14: 2.0222033521773721e-03
max-rme14: 8.0996443661469075e-03
Hcamera2end15: !!opencv-matrix
   rows: 4
   cols: 4
   dt: d
   data: [ 9.9997364461259697e-01, 5.7432460355403073e-03,
       -4.4413066967871791e-03, -1.5257220308204141e-02,
       4.4529352557167376e-03, -2.0135366168667623e-03,
       9.9998805844765026e-01, 2.7411676578081908e-02,
       5.7342347186063996e-03, -9.9998148022614297e-01,
       -2.0390578520830260e-03, 3.1019474411185452e-02, 0., 0., 0., 1. ]
Hobj2base15: !!opencv-matrix
   rows: 4
   cols: 4
   dt: d
   data: [ 9.9998672894535312e-01, 4.8311154513613862e-03,
       1.7894850288484624e-03, -7.3300568113288045e-01,
       4.8372570693717108e-03, -9.9998237050652294e-01,
       -3.4437799290884760e-03, 8.7020672946600763e-02,
       1.7728161827073113e-03, 3.4523904256031769e-03,
       -9.9999246903320804e-01, 1.1110224632757339e-03, 0., 0., 0., 1. ]
mean-rme15: 2.0567282810137841e-03
max-rme15: 8.9738883315594598e-03
Hcamera2end16: !!opencv-matrix
   rows: 4
   cols: 4
   dt: d
   data: [ 9.9997801227803196e-01, 5.2832994445064958e-03,
       -4.0077060091480397e-03, -1.5379806916830182e-02,
       4.0146730322320606e-03, -1.3087426362670129e-03,
       9.9999108475683740e-01, 2.7432129637067544e-02,
       5.2780072868794520e-03, -9.9998518686013127e-01,
       -1.3299245797988579e-03, 3.0972270698853780e-02, 0., 0., 0., 1. ]
Hobj2base16: !!opencv-matrix
   rows: 4
   cols: 4
   dt: d
   data: [ 9.9999078362040061e-01, 4.1403683514533241e-03,
       1.1357923100209950e-03, -7.3313995555190170e-01,
       4.1438116834249380e-03, -9.9998677452673679e-01,
       -3.0462429887570005e-03, 8.7117764594536629e-02,
       1.1231647205686797e-03, 3.0509214228694732e-03,
       -9.9999471517577687e-01, 1.2031229367798642e-03, 0., 0., 0., 1. ]
mean-rme16: 2.0311256497041017e-03
max-rme16: 9.1933123882294993e-03
Hcamera2end17: !!opencv-matrix
   rows: 4
   cols: 4
   dt: d
   data: [ 9.9997730617183167e-01, 5.3862961765052866e-03,
       -4.0465979323203735e-03, -1.5392494243534338e-02,
       4.0523146180921517e-03, -1.0508487856579762e-03,
       9.9999123719313954e-01, 2.7410937778246894e-02,
       5.3819966149089736e-03, -9.9998494165178753e-01,
       -1.0726519046095895e-03, 3.1037208492865856e-02, 0., 0., 0., 1. ]
Hobj2base17: !!opencv-matrix
   rows: 4
   cols: 4
   dt: d
   data: [ 9.9999007977529175e-01, 4.3149614145811307e-03,
       1.1051963609372045e-03, -7.3315532427224350e-01,
       4.3181971520606446e-03, -9.9998634795873564e-01,
       -2.9422898406568673e-03, 8.7113426084721987e-02,
       1.0924854056179312e-03, 2.9470331082587582e-03,
       -9.9999506072355038e-01, 1.2339718676495877e-03, 0., 0., 0., 1. ]
mean-rme17: 2.0394341231292691e-03
max-rme17: 9.1894311520243355e-03
Hcamera2end18: !!opencv-matrix
   rows: 4
   cols: 4
   dt: d
   data: [ 9.9998549328796404e-01, 3.1566398448284795e-03,
       -4.3644975102797891e-03, -1.5466204468713161e-02,
       4.3678178215571985e-03, -1.0457220104034270e-03,
       9.9998991426561623e-01, 2.7355750755376843e-02,
       3.1520439566866077e-03, -9.9999447102989858e-01,
       -1.0594944681858731e-03, 3.1007978360326607e-02, 0., 0., 0., 1. ]
Hobj2base18: !!opencv-matrix
   rows: 4
   cols: 4
   dt: d
   data: [ 9.9999654240189484e-01, 2.4429414219746095e-03,
       9.7325303193715972e-04, -7.3306924166887122e-01,
       2.4459206071173589e-03, -9.9999229097451403e-01,
       -3.0717200274479567e-03, 8.7349131682348646e-02,
       9.6574149701297038e-04, 3.0740899063213651e-03,
       -9.9999480864382972e-01, 1.3037174172319994e-03, 0., 0., 0., 1. ]
mean-rme18: 2.0726294072156300e-03
max-rme18: 9.1610269723311488e-03
Hcamera2end19: !!opencv-matrix
   rows: 4
   cols: 4
   dt: d
   data: [ 9.9998590336447868e-01, 2.5851238666539213e-03,
       -4.6379097578024180e-03, -1.5464085376176044e-02,
       4.6398133800152393e-03, -7.3086540224598373e-04,
       9.9998896892293887e-01, 2.7331953065537075e-02,
       2.5817056621726189e-03, -9.9999639147866826e-01,
       -7.4284959180825894e-04, 3.1029618346915318e-02, 0., 0., 0., 1. ]
Hobj2base19: !!opencv-matrix
   rows: 4
   cols: 4
   dt: d
   data: [ 9.9999775239461031e-01, 2.0449457608372247e-03,
       5.5982368902554721e-04, -7.3312670010597958e-01,
       2.0467830541923801e-03, -9.9999245617498445e-01,
       -3.3012531333463046e-03, 8.7389622047850141e-02,
       5.5306858221311071e-04, 3.3023915510720027e-03,
       -9.9999439414688052e-01, 1.3760298489923484e-03, 0., 0., 0., 1. ]
mean-rme19: 2.0500482314751343e-03
max-rme19: 9.1239463169570240e-03
Hcamera2end20: !!opencv-matrix
   rows: 4
   cols: 4
   dt: d
   data: [ 9.9998365433043213e-01, 3.1938450254850028e-03,
       -4.7424071849756543e-03, -1.5512780588532895e-02,
       4.7441562212892268e-03, -5.4027389089172928e-04,
       9.9998860047796057e-01, 2.7442302132132737e-02,
       3.1912464183962244e-03, -9.9999475371527602e-01,
       -5.5541715950080395e-04, 3.1013318102132106e-02, 0., 0., 0., 1. ]
Hobj2base20: !!opencv-matrix
   rows: 4
   cols: 4
   dt: d
   data: [ 9.9999702891725162e-01, 2.3922803465817812e-03,
       4.6813610508528376e-04, -7.3321488955424730e-01,
       2.3938603221490599e-03, -9.9999134075642004e-01,
       -3.4040923806039841e-03, 8.7243809561791272e-02,
       4.5998850808065355e-04, 3.4052029192111668e-03,
       -9.9999409648440007e-01, 1.2551829136096644e-03, 0., 0., 0., 1. ]
mean-rme20: 2.0006728695961752e-03
max-rme20: 9.0136208476471191e-03
Hcamera2end21: !!opencv-matrix
   rows: 4
   cols: 4
   dt: d
   data: [ 9.9998329848901102e-01, 3.2416246216573925e-03,
       -4.7848315382740033e-03, -1.5476821087678979e-02,
       4.7867520362323019e-03, -5.8494999469327347e-04,
       9.9998837235162241e-01, 2.7428612424399101e-02,
       3.2387880420031985e-03, -9.9999457483694154e-01,
       -6.0045707840283846e-04, 3.0993820019848101e-02, 0., 0., 0., 1. ]
Hobj2base21: !!opencv-matrix
   rows: 4
   cols: 4
   dt: d
   data: [ 9.9999691937572055e-01, 2.4190232409700076e-03,
       5.5638622218653953e-04, -7.3318596853382445e-01,
       2.4209450770726281e-03, -9.9999101496614151e-01,
       -3.4798005575206103e-03, 8.7235273522806106e-02,
       5.4796350461491208e-04, 3.4811368180480791e-03,
       -9.9999379069194827e-01, 1.2167051468113829e-03, 0., 0., 0., 1. ]
mean-rme21: 1.9434383251497756e-03
max-rme21: 9.0194948950198112e-03
Hcamera2end22: !!opencv-matrix
   rows: 4
   cols: 4
   dt: d
   data: [ 9.9998614322481016e-01, 2.0901317587887049e-03,
       -4.8316361204432806e-03, -1.5508881190295483e-02,
       4.8312618555075224e-03, 1.8407482094173755e-04,
       9.9998831244437225e-01, 2.8530389080591537e-02,
       2.0909967128112305e-03, -9.9999779873042272e-01,
       1.7397429641907713e-04, 3.1057849228857858e-02, 0., 0., 0., 1. ]
Hobj2base22: !!opencv-matrix
   rows: 4
   cols: 4
   dt: d
   data: [ 9.9999952063858588e-01, 9.6475378093615108e-04,
       1.6725053225959688e-04, -7.3335632464292022e-01,
       9.6528426968725978e-04, -9.9999440993790056e-01,
       -3.2012996155434620e-03, 8.7681976136778819e-02,
       1.6416113141073040e-04, 3.2014595252718384e-03,
       -9.9999486184081499e-01, 2.5988326827680396e-04, 0., 0., 0., 1. ]
mean-rme22: 2.0396427106522596e-03
max-rme22: 9.3752460245401237e-03
Hcamera2end23: !!opencv-matrix
   rows: 4
   cols: 4
   dt: d
   data: [ 9.9998342691264730e-01, 1.5319881207093624e-03,
       -5.5496767866464129e-03, -1.5905177667504836e-02,
       5.5486824284591875e-03, 6.5255292626476002e-04,
       9.9998439302720454e-01, 2.8198119494421525e-02,
       1.5355856688393892e-03, -9.9999861359257713e-01,
       6.4404159588205001e-04, 3.1116024005869089e-02, 0., 0., 0., 1. ]
Hobj2base23: !!opencv-matrix
   rows: 4
   cols: 4
   dt: d
   data: [ 9.9999992742515798e-01, 3.0763603277300308e-04,
       -2.2474374318770304e-04, -7.3354065771714649e-01,
       3.0679722614228029e-04, -9.9999302318465055e-01,
       -3.7228292312845384e-03, 8.7149275855424035e-02,
       -2.2588745160750958e-04, 3.7227600103437925e-03,
       -9.9999304499219632e-01, 7.3873538718442235e-04, 0., 0., 0., 1. ]
mean-rme23: 2.0420064379025006e-03
max-rme23: 9.5151881800727700e-03
Hcamera2end24: !!opencv-matrix
   rows: 4
   cols: 4
   dt: d
   data: [ 9.9998451619630657e-01, 1.4143480207817224e-03,
       -5.3820987834529545e-03, -1.5862715752590746e-02,
       5.3801643523647049e-03, 1.3679831907466022e-03,
       9.9998459110804860e-01, 2.8111871887104886e-02,
       1.4216888479125899e-03, -9.9999806411895908e-01,
       1.3603525843601805e-03, 3.1135097418631786e-02, 0., 0., 0., 1. ]
Hobj2base24: !!opencv-matrix
   rows: 4
   cols: 4
   dt: d
   data: [ 9.9999943006266534e-01, 3.6625705529975445e-04,
       -1.0028609643910127e-03, -7.3375139712244808e-01,
       3.6268358757675817e-04, -9.9999359335196014e-01,
       -3.5611396561203651e-03, 8.7238082926736071e-02,
       -1.0041588319377424e-03, 3.5607739052815153e-03,
       -9.9999315625369967e-01, 1.0036796329238799e-03, 0., 0., 0., 1. ]
mean-rme24: 2.0430169216157416e-03
max-rme24: 9.6556390135604520e-03
