%YAML:1.0
---
Hcamera2end0: !!opencv-matrix
   rows: 4
   cols: 4
   dt: d
   data: [ 9.9999219806442530e-01, 4.0517037862784940e-04,
       -3.9293316535389733e-03, -1.3146488511138733e-02,
       3.9272032526897127e-03, 5.1264989519649307e-03,
       9.9997914782414721e-01, 2.1153084088223851e-02,
       4.2530564454765457e-04, -9.9998677733531049e-01,
       5.1248677689216260e-03, 3.4774014875141181e-02, 0., 0., 0., 1. ]
Hobj2base0: !!opencv-matrix
   rows: 4
   cols: 4
   dt: d
   data: [ 9.9997110372658660e-01, -2.7628496462685013e-03,
       -7.0822576671832286e-03, -7.3830104101394589e-01,
       -2.7807702898988798e-03, -9.9999295399576882e-01,
       -2.5217603794388285e-03, 9.2659745051473452e-02,
       -7.0752405207934310e-03, 2.5413816416677329e-03,
       -9.9997174077617035e-01, 1.0121654441762828e-02, 0., 0., 0., 1. ]
mean-rme0: 1.4732122071513362e-03
max-rme0: 4.2422962780197804e-03
Hcamera2end1: !!opencv-matrix
   rows: 4
   cols: 4
   dt: d
   data: [ 9.9998545215579571e-01, -5.0693834912798634e-03,
       -1.8430485037215453e-03, -1.3253668506362535e-02,
       1.8890020473264549e-03, 9.0751168142227945e-03,
       9.9995703604008579e-01, 2.2402374945382449e-02,
       -5.0524398100252029e-03, -9.9994597034331134e-01,
       9.0845608666310085e-03, 3.4467537008343645e-02, 0., 0., 0., 1. ]
Hobj2base1: !!opencv-matrix
   rows: 4
   cols: 4
   dt: d
   data: [ 9.9992175507652226e-01, -7.1081927387645783e-03,
       -1.0293557241113846e-02, -7.3828810391635957e-01,
       -7.1310851442080315e-03, -9.9997217764898916e-01,
       -2.1889615356161960e-03, 9.3536655441524424e-02,
       -1.0277711289658233e-02, 2.2621944936115079e-03,
       -9.9994462403011064e-01, 9.7127692131400711e-03, 0., 0., 0., 1. ]
mean-rme1: 1.6742388029228848e-03
max-rme1: 4.1667539469425752e-03
Hcamera2end2: !!opencv-matrix
   rows: 4
   cols: 4
   dt: d
   data: [ 9.9999135129777517e-01, -3.9791083117859793e-03,
       1.2099697073067919e-03, -1.3090657808754741e-02,
       -1.1929266065716262e-03, 4.2827335057614713e-03,
       9.9999011751108313e-01, 2.2528465933095605e-02,
       -3.9842509660986281e-03, -9.9998291229938607e-01,
       4.2779496814990825e-03, 3.4323351314058975e-02, 0., 0., 0., 1. ]
Hobj2base2: !!opencv-matrix
   rows: 4
   cols: 4
   dt: d
   data: [ 9.9995904129042668e-01, -6.5257502334112394e-03,
       -6.2713894331300583e-03, -7.3693317913500789e-01,
       -6.5246488143542022e-03, -9.9997869503031356e-01,
       1.9606968361599462e-04, 9.4319019681024574e-02,
       -6.2725353231519142e-03, -1.5514303922554173e-04,
       -9.9998031542188737e-01, 8.9817677722827602e-03, 0., 0., 0., 1. ]
mean-rme2: 1.8093589721724414e-03
max-rme2: 4.3321383395382440e-03
Hcamera2end3: !!opencv-matrix
   rows: 4
   cols: 4
   dt: d
   data: [ 9.9998825181852846e-01, -4.8472524455311448e-03,
       -1.9200328064239002e-05, -1.3098658557552654e-02,
       3.6638620932581255e-05, 3.5974991782956600e-03,
       9.9999352830769550e-01, 2.2630472255480458e-02,
       -4.8471520024403608e-03, -9.9998178090572809e-01,
       3.5976345108673646e-03, 3.3771836418663319e-02, 0., 0., 0., 1. ]
Hobj2base3: !!opencv-matrix
   rows: 4
   cols: 4
   dt: d
   data: [ 9.9995966322567453e-01, -6.6695668598018469e-03,
       -6.0157127173905891e-03, -7.3615463166653117e-01,
       -6.6730259387164275e-03, -9.9997758103265055e-01,
       -5.5511882494550791e-04, 9.3903842775253210e-02,
       -6.0118754492054869e-03, 5.9523944024575599e-04,
       -9.9998175135528933e-01, 8.7729129629347414e-03, 0., 0., 0., 1. ]
mean-rme3: 1.7612929702121283e-03
max-rme3: 4.1867941182837931e-03
Hcamera2end4: !!opencv-matrix
   rows: 4
   cols: 4
   dt: d
   data: [ 9.9992980494356054e-01, -1.1543276585634782e-02,
       2.6716944436995784e-03, -1.3641501063407842e-02,
       -2.6050148965240565e-03, 5.7876629030747528e-03,
       9.9997985822490920e-01, 2.4049623846222695e-02,
       -1.1558506950374133e-02, -9.9991662438614759e-01,
       5.7571862302904231e-03, 3.2623215271551764e-02, 0., 0., 0., 1. ]
Hobj2base4: !!opencv-matrix
   rows: 4
   cols: 4
   dt: d
   data: [ 9.9988673040664988e-01, -1.3055720055636166e-02,
       -7.4882928981347546e-03, -7.3457781996493576e-01,
       -1.3056984125288003e-02, -9.9991474675580427e-01,
       -1.1994093605311725e-04, 9.5660297127762667e-02,
       -7.4860885815873791e-03, 2.1770187188851684e-04,
       -9.9997195514856507e-01, 7.9582827832854475e-03, 0., 0., 0., 1. ]
mean-rme4: 1.9136306128131957e-03
max-rme4: 5.2033040687141929e-03
Hcamera2end5: !!opencv-matrix
   rows: 4
   cols: 4
   dt: d
   data: [ 9.9992960139848464e-01, -1.1758337742753935e-02,
       1.5917727836970092e-03, -1.3770586031235217e-02,
       -1.5320778926576498e-03, 5.0840780579575195e-03,
       9.9998590234444373e-01, 2.3969375760308474e-02,
       -1.1766264674841372e-02, -9.9991794345527563e-01,
       5.0657054566621840e-03, 3.2296182762153625e-02, 0., 0., 0., 1. ]
Hobj2base5: !!opencv-matrix
   rows: 4
   cols: 4
   dt: d
   data: [ 9.9988886372559094e-01, -1.2845481001969576e-02,
       -7.5666250980692181e-03, -7.3409773972135206e-01,
       -1.2855846161611131e-02, -9.9991648521113485e-01,
       -1.3228085571570986e-03, 9.5353983696101499e-02,
       -7.5490010607815287e-03, 1.4199369133656632e-03,
       -9.9997049774588143e-01, 7.9108751576076729e-03, 0., 0., 0., 1. ]
mean-rme5: 1.9463732879682998e-03
max-rme5: 5.3328556544451899e-03
Hcamera2end6: !!opencv-matrix
   rows: 4
   cols: 4
   dt: d
   data: [ 9.9995247029672674e-01, -9.6717781853311591e-03,
       1.2303878281567865e-03, -1.3790523152488323e-02,
       -1.1901510707981013e-03, 4.1648786166700313e-03,
       9.9999061861926331e-01, 2.3468487812970788e-02,
       -9.6768118666533016e-03, -9.9994455370927549e-01,
       4.1531697840614390e-03, 3.2157530414590747e-02, 0., 0., 0., 1. ]
Hobj2base6: !!opencv-matrix
   rows: 4
   cols: 4
   dt: d
   data: [ 9.9991506194697644e-01, -1.1191210274624414e-02,
       -6.6802473130510263e-03, -7.3401597500037041e-01,
       -1.1194017850400237e-02, -9.9993727165598001e-01,
       -3.8303728324715812e-04, 9.5118451021876105e-02,
       -6.6755416214195930e-03, 4.5778355647346504e-04,
       -9.9997761353856141e-01, 8.3162595991947332e-03, 0., 0., 0., 1. ]
mean-rme6: 1.9932626119336322e-03
max-rme6: 6.2701298333175948e-03
Hcamera2end7: !!opencv-matrix
   rows: 4
   cols: 4
   dt: d
   data: [ 9.9995198041965339e-01, -9.7397146918781589e-03,
       1.0838876943099407e-03, -1.3728145634914592e-02,
       -1.0445022077284908e-03, 4.0479801229369450e-03,
       9.9999126139784944e-01, 2.3535258482742332e-02,
       -9.7440171362284701e-03, -9.9994437436021655e-01,
       4.0376125871318669e-03, 3.2402017053197084e-02, 0., 0., 0., 1. ]
Hobj2base7: !!opencv-matrix
   rows: 4
   cols: 4
   dt: d
   data: [ 9.9991745769327078e-01, -1.1150364423056652e-02,
       -6.3833512717981758e-03, -7.3421576030958624e-01,
       -1.1155341105256535e-02, -9.9993750004404158e-01,
       -7.4456060706916893e-04, 9.5031766034880436e-02,
       -6.3746501905209479e-03, 8.1570761015074356e-04,
       -9.9997934901478991e-01, 8.1374213400833457e-03, 0., 0., 0., 1. ]
mean-rme7: 1.8940606460454393e-03
max-rme7: 6.2716155457084866e-03
Hcamera2end8: !!opencv-matrix
   rows: 4
   cols: 4
   dt: d
   data: [ 9.9995654825070091e-01, -9.1586505142003914e-03,
       1.7380251155907937e-03, -1.3607626828006522e-02,
       -1.6955450213398020e-03, 4.6439733236556258e-03,
       9.9998777924475146e-01, 2.3807708716679393e-02,
       -9.1666099308466975e-03, -9.9994727492629731e-01,
       4.6282426306094582e-03, 3.1818422257904495e-02, 0., 0., 0., 1. ]
