%YAML:1.0
---
Hcamera2end0: !!opencv-matrix
   rows: 4
   cols: 4
   dt: d
   data: [ 9.9988416237738431e-01, 1.2826225629746307e-02,
       -8.1944958948913030e-03, -9.5069522085488353e-03,
       8.1172706583199222e-03, 6.0614096189635092e-03,
       9.9994868329854358e-01, 2.8458602691088190e-02,
       1.2875237626394705e-02, -9.9989936856141992e-01,
       5.9565935347222210e-03, 3.1012522728512251e-02, 0., 0., 0., 1. ]
Hobj2base0: !!opencv-matrix
   rows: 4
   cols: 4
   dt: d
   data: [ 9.9992104463748910e-01, 1.1694256104664246e-02,
       -4.5987895397605538e-03, -7.3705780413782451e-01,
       1.1656111087302842e-02, -9.9989814896111406e-01,
       -8.2357014551445781e-03, 8.8381074345885033e-02,
       -4.6946315502863272e-03, 8.1814472006080819e-03,
       -9.9995551118852810e-01, 2.4289446756641428e-04, 0., 0., 0., 1. ]
mean-rme0: 1.3504140539188580e-03
max-rme0: 2.9999600064180565e-03
Hcamera2end1: !!opencv-matrix
   rows: 4
   cols: 4
   dt: d
   data: [ 9.9986121892790958e-01, 1.2621818706548495e-02,
       -1.0873480424132378e-02, -9.3529992449498302e-03,
       1.0793100961973166e-02, 6.4190400017425375e-03,
       9.9992114933982679e-01, 2.7671709538334043e-02,
       1.2690620773611569e-02, -9.9989973778274122e-01,
       6.2819205968658309e-03, 3.0992099860632821e-02, 0., 0., 0., 1. ]
Hobj2base1: !!opencv-matrix
   rows: 4
   cols: 4
   dt: d
   data: [ 9.9992594996160844e-01, 1.1386257950890316e-02,
       -4.2950812856825124e-03, -7.3708895919714223e-01,
       1.1340952041203693e-02, -9.9988130048874257e-01,
       -1.0429177328067835e-02, 8.7971632947702369e-02,
       -4.4133207649060474e-03, 1.0379694736212301e-02,
       -9.9993639024540415e-01, 7.3173229155705705e-04, 0., 0., 0., 1. ]
mean-rme1: 1.2201815441978427e-03
max-rme1: 3.6726224123063700e-03
Hcamera2end2: !!opencv-matrix
   rows: 4
   cols: 4
   dt: d
   data: [ 9.9987636507677136e-01, 1.3453011793076347e-02,
       -8.1407023381552795e-03, -8.3631062242003444e-03,
       8.0833553852906765e-03, 4.3116517748726935e-03,
       9.9995803363175573e-01, 2.7295149584715728e-02,
       1.3487547092714462e-02, -9.9990020808712088e-01,
       4.2023732288105631e-03, 3.1084430917608454e-02, 0., 0., 0., 1. ]
Hobj2base2: !!opencv-matrix
   rows: 4
   cols: 4
   dt: d
   data: [ 9.9993068101684590e-01, 1.1474382412495219e-02,
       -2.6403994846443788e-03, -7.3671302325738897e-01,
       1.1453470729112179e-02, -9.9990395927043418e-01,
       -7.8032200768019273e-03, 8.9658622941253999e-02,
       -2.7296830299616145e-03, 7.7724374273103383e-03,
       -9.9996606844782199e-01, 1.3640693400447795e-03, 0., 0., 0., 1. ]
mean-rme2: 1.2413406385065712e-03
max-rme2: 3.9554891721032548e-03
Hcamera2end3: !!opencv-matrix
   rows: 4
   cols: 4
   dt: d
   data: [ 9.9993005531192114e-01, 1.1414850643406606e-02,
       -3.0960731075235122e-03, -9.7798668107288659e-03,
       3.0482772249576197e-03, 4.2021901455139288e-03,
       9.9998652471117855e-01, 2.7295454677513802e-02,
       1.1427707112899558e-02, -9.9992601865476494e-01,
       4.1671005953923812e-03, 3.1046257794439185e-02, 0., 0., 0., 1. ]
Hobj2base3: !!opencv-matrix
   rows: 4
   cols: 4
   dt: d
   data: [ 9.9994906774780923e-01, 9.4802010339819724e-03,
       -3.4623256118436752e-03, -7.3647382413494356e-01,
       9.4689504189261215e-03, -9.9994988209708935e-01,
       -3.2515030339922641e-03, 9.0054081770073777e-02,
       -3.4929769897696665e-03, 3.2185528380670120e-03,
       -9.9998871995106864e-01, 1.8154459157181575e-03, 0., 0., 0., 1. ]
mean-rme3: 1.3274128485275625e-03
max-rme3: 3.6733259576873234e-03
Hcamera2end4: !!opencv-matrix
   rows: 4
   cols: 4
   dt: d
   data: [ 9.9989089344496862e-01, 1.2512244805227328e-02,
       -7.8514288990308382e-03, -9.5976666452638956e-03,
       7.7818936764085913e-03, 5.5964046229409758e-03,
       9.9995406013781718e-01, 2.8427491124774374e-02,
       1.2555609767412606e-02, -9.9990605758002604e-01,
       5.4984250597845952e-03, 3.0857162451128760e-02, 0., 0., 0., 1. ]
Hobj2base4: !!opencv-matrix
   rows: 4
   cols: 4
   dt: d
   data: [ 9.9993252438099900e-01, 1.0535037791639626e-02,
       -4.8948609552860655e-03, -7.3684623490400103e-01,
       1.0499413169706793e-02, -9.9991861446710040e-01,
       -7.2475351179298883e-03, 8.8638859433638986e-02,
       -4.9708156407823776e-03, 7.1956529184337608e-03,
       -9.9996175605417159e-01, 2.5478375064392209e-04, 0., 0., 0., 1. ]
mean-rme4: 1.4972175946698625e-03
max-rme4: 3.8386774768755516e-03
Hcamera2end5: !!opencv-matrix
   rows: 4
   cols: 4
   dt: d
   data: [ 9.9987079569523185e-01, 1.3530466236984166e-02,
       -8.6786173549514272e-03, -8.9462906475833836e-03,
       8.6546506652468748e-03, 1.8288623436680806e-03,
       9.9996087537682710e-01, 2.8890116748742919e-02,
       1.3545808859066867e-02, -9.9990678652859322e-01,
       1.7115245881613728e-03, 3.0755055943800135e-02, 0., 0., 0., 1. ]
Hobj2base5: !!opencv-matrix
   rows: 4
   cols: 4
   dt: d
   data: [ 9.9992947268785892e-01, 1.1572550382964274e-02,
       -2.6694058916089543e-03, -7.3583993960578020e-01,
       1.1551214186174498e-02, -9.9990227687082345e-01,
       -7.8743989845789630e-03, 8.8934168872047303e-02,
       -2.7602719078967867e-03, 7.8430087451800429e-03,
       -9.9996543345898581e-01, -7.8215388616643575e-04, 0., 0., 0., 1. ]
mean-rme5: 1.6321381627937806e-03
max-rme5: 4.9179020321327149e-03
Hcamera2end6: !!opencv-matrix
   rows: 4
   cols: 4
   dt: d
   data: [ 9.9990208904810907e-01, 1.1094401642400649e-02,
       -8.5279874193440151e-03, -8.7888135723983313e-03,
       8.4972351633100952e-03, 2.8160630062514791e-03,
       9.9995993258916349e-01, 2.9405538821916870e-02,
       1.1117972468341449e-02, -9.9993448987488276e-01,
       2.7215155430903026e-03, 3.0902798399238901e-02, 0., 0., 0., 1. ]
Hobj2base6: !!opencv-matrix
   rows: 4
   cols: 4
   dt: d
   data: [ 9.9994900376798901e-01, 9.1730681410352195e-03,
       -4.2242968984444480e-03, -7.3591362219029788e-01,
       9.1406663994064562e-03, -9.9992913758106972e-01,
       -7.6267971097343798e-03, 8.9747612880343108e-02,
       -4.2939586841333876e-03, 7.5877952830987428e-03,
       -9.9996199291851151e-01, -9.2461946833390562e-04, 0., 0., 0., 1. ]
mean-rme6: 1.6505788957770881e-03
max-rme6: 5.2966487777329208e-03
Hcamera2end7: !!opencv-matrix
   rows: 4
   cols: 4
   dt: d
   data: [ 9.9989974232587275e-01, 8.4638100252852622e-03,
       -1.1352057809453793e-02, -7.9925438344691600e-03,
       1.1324731679990707e-02, 3.2695521895469426e-03,
       9.9993052782723646e-01, 2.8836247804010524e-02,
       8.5003381714797103e-03, -9.9995883612693548e-01,
       3.1733740143221612e-03, 3.0959176013312169e-02, 0., 0., 0., 1. ]
Hobj2base7: !!opencv-matrix
   rows: 4
   cols: 4
   dt: d
   data: [ 9.9996671041309559e-01, 7.1722620815507770e-03,
       -3.8905940736337118e-03, -7.3589690237389072e-01,
       7.1330779147122016e-03, -9.9992462088125200e-01,
       -9.9935856901827349e-03, 9.0277468989093043e-02,
       -3.9619774197854609e-03, 9.9655010971816688e-03,
       -9.9994249410793956e-01, -5.4724817431381573e-04, 0., 0., 0., 1. ]
mean-rme7: 1.6736180785936043e-03
max-rme7: 5.4499666214365139e-03
Hcamera2end8: !!opencv-matrix
   rows: 4
   cols: 4
   dt: d
   data: [ 9.9988216043576950e-01, 1.0395172924864615e-02,
       -1.1296265850286941e-02, -6.9997944691924515e-03,
       1.1265443698794743e-02, 3.0188397162094205e-03,
       9.9993198587955823e-01, 2.7722844454951347e-02,
       1.0428567522314997e-02, -9.9994141177702500e-01,
       2.9013777421285081e-03, 3.0878420303285619e-02, 0., 0., 0., 1. ]
Hobj2base8: !!opencv-matrix
   rows: 4
   cols: 4
   dt: d
   data: [ 9.9995043619413260e-01, 8.9996038481887329e-03,
       -4.2582021722325615e-03, -7.3611209037068492e-01,
       8.9533510071664150e-03, -9.9990203352212559e-01,
       -1.0759222279530571e-02, 9.0634107423649260e-02,
       -4.3546137493940531e-03, 1.0720563832818747e-02,
       -9.9993305118402787e-01, 6.5336544154501977e-04, 0., 0., 0., 1. ]
mean-rme8: 1.8897052318592531e-03
max-rme8: 5.9450786973919700e-03
Hcamera2end9: !!opencv-matrix
   rows: 4
   cols: 4
   dt: d
   data: [ 9.9990781611998159e-01, 1.0571886108851854e-02,
       -8.5202398012369975e-03, -8.3288451072087710e-03,
       8.4783537150517202e-03, 4.0005384850052561e-03,
       9.9995605563950263e-01, 2.7243335521849037e-02,
       1.0605507081303872e-02, -9.9993611341721778e-01,
       3.9105375099793838e-03, 3.0877625145183055e-02, 0., 0., 0., 1. ]
Hobj2base9: !!opencv-matrix
   rows: 4
   cols: 4
   dt: d
   data: [ 9.9994668330068248e-01, 8.8145017373178255e-03,
       -5.3791370206952857e-03, -7.3643296474237863e-01,
       8.7707047851936348e-03, -9.9992863262584075e-01,
       -8.1119906673930691e-03, 9.0265798252896712e-02,
       -5.4502562816417166e-03, 8.0643793400181647e-03,
       -9.9995262912416272e-01, 1.6064516951630359e-03, 0., 0., 0., 1. ]
mean-rme9: 1.8936025114139167e-03
max-rme9: 6.5382308791068489e-03
Hcamera2end10: !!opencv-matrix
   rows: 4
   cols: 4
   dt: d
   data: [ 9.9993084223748541e-01, 6.4585051491720565e-03,
       -9.8284512244362233e-03, -9.9809299648984575e-03,
       9.7825072456762356e-03, 7.1072143011692290e-03,
       9.9992689235606902e-01, 2.6889273362189631e-02,
       6.5278858921779415e-03, -9.9995388654483242e-01,
       7.0435424087124110e-03, 3.1280874185527226e-02, 0., 0., 0., 1. ]
Hobj2base10: !!opencv-matrix
   rows: 4
   cols: 4
   dt: d
   data: [ 9.9996249406108506e-01, 5.2323161619371485e-03,
       -6.9016910040971225e-03, -7.3734537099240827e-01,
       5.1711598652485809e-03, -9.9994747276848495e-01,
       -8.8493394989631775e-03, 8.9031973681834742e-02,
       -6.9476310194587993e-03, 8.8133178486537560e-03,
       -9.9993702594299205e-01, 2.8887882912004351e-03, 0., 0., 0., 1. ]
mean-rme10: 2.0676672233952637e-03
max-rme10: 7.4594076964331624e-03
Hcamera2end11: !!opencv-matrix
   rows: 4
   cols: 4
   dt: d
   data: [ 9.9995064854806626e-01, 6.1488657889016670e-03,
       -7.8033273551592246e-03, -1.0659645422356355e-02,
       7.7513644439011530e-03, 8.4298068165833406e-03,
       9.9993442520311926e-01, 2.7276936902360341e-02,
       6.2142431204070666e-03, -9.9994556342160190e-01,
       8.3817286937311053e-03, 3.1239402258928343e-02, 0., 0., 0., 1. ]
Hobj2base11: !!opencv-matrix
   rows: 4
   cols: 4
   dt: d
   data: [ 9.9995313161280397e-01, 5.1000630710187848e-03,
       -8.2294552929116065e-03, -7.3773607472465330e-01,
       5.0373757042684996e-03, -9.9995827729451991e-01,
       -7.6202700863835194e-03, 8.8970284875481476e-02,
       -8.2679757958309136e-03, 7.5784580784626953e-03,
       -9.9993710179660389e-01, 2.8189485784080315e-03, 0., 0., 0., 1. ]
mean-rme11: 2.1249346190093488e-03
max-rme11: 7.8537258108832830e-03
Hcamera2end12: !!opencv-matrix
   rows: 4
   cols: 4
   dt: d
   data: [ 9.9994680569090888e-01, 7.1342718845498129e-03,
       -7.4490236423999023e-03, -1.0266332078053003e-02,
       7.4016234577929958e-03, 6.6475278689761552e-03,
       9.9995051194717655e-01, 2.7266949595076171e-02,
       7.1834364155854485e-03, -9.9995245513869735e-01,
       6.5943690641889763e-03, 3.1137984875091188e-02, 0., 0., 0., 1. ]
Hobj2base12: !!opencv-matrix
   rows: 4
   cols: 4
   dt: d
   data: [ 9.9995897174510029e-01, 6.3899643840361637e-03,
       -6.4205281443632228e-03, -7.3720864118741336e-01,
       6.3436929858339975e-03, -9.9995394696500273e-01,
       -7.2014934849524235e-03, 8.9241730490227697e-02,
       -6.4662497464366038e-03, 7.1604681608873171e-03,
       -9.9995345657182133e-01, 2.3663867607165464e-03, 0., 0., 0., 1. ]
mean-rme12: 2.1229872181539431e-03
max-rme12: 8.2327218929005852e-03
Hcamera2end13: !!opencv-matrix
   rows: 4
   cols: 4
   dt: d
   data: [ 9.9994907820207368e-01, 5.9750304355035942e-03,
       -8.1326511125115238e-03, -1.0117810865685186e-02,
       8.0905124401310750e-03, 7.0431045381879054e-03,
       9.9994246748846538e-01, 2.7167964426285399e-02,
       6.0319657889541731e-03, -9.9995734593519514e-01,
       6.9944048325731867e-03, 3.1170356257775512e-02, 0., 0., 0., 1. ]
Hobj2base13: !!opencv-matrix
   rows: 4
   cols: 4
   dt: d
   data: [ 9.9996087674101486e-01, 5.3752319073884303e-03,
       -7.0250885604830676e-03, -7.3722430377243853e-01,
       5.3202048643041589e-03, -9.9995520567096752e-01,
       -7.8282866410675275e-03, 8.9468807630391944e-02,
       -7.0668527324878562e-03, 7.7906054626502097e-03,
       -9.9994468149942284e-01, 2.4960492595767023e-03, 0., 0., 0., 1. ]
mean-rme13: 2.0985406510209206e-03
max-rme13: 8.1461685417785201e-03
Hcamera2end14: !!opencv-matrix
   rows: 4
   cols: 4
   dt: d
   data: [ 9.9994187561869241e-01, 6.3918002112237932e-03,
       -8.6827572942796676e-03, -1.0102578512131538e-02,
       8.6393483313118597e-03, 6.7879214569931401e-03,
       9.9993964106975164e-01, 2.7390756182950390e-02,
       6.4503522835443871e-03, -9.9995653356151104e-01,
       6.7323059247691441e-03, 3.1145347725366264e-02, 0., 0., 0., 1. ]
Hobj2base14: !!opencv-matrix
   rows: 4
   cols: 4
   dt: d
   data: [ 9.9996099883550194e-01, 5.4757617411656931e-03,
       -6.9294185368745011e-03, -7.3713802784223237e-01,
       5.4192916935189113e-03, -9.9995216821875865e-01,
       -8.1420238358555462e-03, 8.9269728859981259e-02,
       -6.9736708730589545e-03, 8.1041537471267765e-03,
       -9.9994284366987540e-01, 2.1560970140760555e-03, 0., 0., 0., 1. ]
mean-rme14: 2.0692797252586815e-03
max-rme14: 8.1108303541875815e-03
Hcamera2end15: !!opencv-matrix
   rows: 4
   cols: 4
   dt: d
   data: [ 9.9992196399993893e-01, 8.3076762955760011e-03,
       -9.3299745483426504e-03, -9.6908660156280815e-03,
       9.2790422725936052e-03, 6.1483321274170555e-03,
       9.9993804677417608e-01, 2.7232579108986962e-02,
       8.3645253904939473e-03, -9.9994658883693321e-01,
       6.0707650566371729e-03, 3.1082649901307359e-02, 0., 0., 0., 1. ]
Hobj2base15: !!opencv-matrix
   rows: 4
   cols: 4
   dt: d
   data: [ 9.9995185971740275e-01, 7.2474402344917194e-03,
       -6.6145943001115152e-03, -7.3706523447564498e-01,
       7.1897999040317880e-03, -9.9993633519762604e-01,
       -8.6966849362049431e-03, 8.9120123704884535e-02,
       -6.6772018875859689e-03, 8.6487086658703048e-03,
       -9.9994030562497294e-01, 2.1142566477220662e-03, 0., 0., 0., 1. ]
mean-rme15: 2.0422754412054594e-03
max-rme15: 8.2861480866779358e-03
Hcamera2end16: !!opencv-matrix
   rows: 4
   cols: 4
   dt: d
   data: [ 9.9993424371840733e-01, 7.4873392815947718e-03,
       -8.6860802309819771e-03, -9.6652186093899809e-03,
       8.6413949903471066e-03, 5.9799396139634808e-03,
       9.9994478178289126e-01, 2.7600440797675398e-02,
       7.5388680793320676e-03, -9.9995408898243698e-01,
       5.9148453392112721e-03, 3.1033486756193569e-02, 0., 0., 0., 1. ]
Hobj2base16: !!opencv-matrix
   rows: 4
   cols: 4
   dt: d
   data: [ 9.9995971883632739e-01, 6.5359671719752016e-03,
       -6.1515719860836104e-03, -7.3691523181111540e-01,
       6.4863158776021414e-03, -9.9994650517137273e-01,
       -8.0569536360631175e-03, 8.9459140579704624e-02,
       -6.2039028932658613e-03, 8.0167280535494538e-03,
       -9.9994862051017730e-01, 1.6381030519624059e-03, 0., 0., 0., 1. ]
mean-rme16: 2.0248735146019929e-03
max-rme16: 8.5174892227330989e-03
Hcamera2end17: !!opencv-matrix
   rows: 4
   cols: 4
   dt: d
   data: [ 9.9994409306042153e-01, 5.5897831205497569e-03,
       -8.9758051581035492e-03, -9.7679270015857238e-03,
       8.9375468050394806e-03, 6.8321126950782185e-03,
       9.9993671924438776e-01, 2.7616899683954071e-02,
       5.6507531072194092e-03, -9.9996103752135612e-01,
       6.7817717842967307e-03, 3.1138678719152896e-02, 0., 0., 0., 1. ]
Hobj2base17: !!opencv-matrix
   rows: 4
   cols: 4
   dt: d
   data: [ 9.9996765567420132e-01, 4.5703369374003981e-03,
       -6.6181285663366356e-03, -7.3703222259396550e-01,
       4.5167863107864470e-03, -9.9995712311063745e-01,
       -8.0839706654942441e-03, 8.9752808567570910e-02,
       -6.6547912713036785e-03, 8.0538165224018372e-03,
       -9.9994542340697734e-01, 1.8207283812359109e-03, 0., 0., 0., 1. ]
mean-rme17: 2.0786715941524861e-03
max-rme17: 8.1914519001990982e-03
Hcamera2end18: !!opencv-matrix
   rows: 4
   cols: 4
   dt: d
   data: [ 9.9994513609327618e-01, 5.2058902499482057e-03,
       -9.0897475270146407e-03, -9.5430871123407760e-03,
       9.0553609609979706e-03, 6.5912326674515409e-03,
       9.9993727607774940e-01, 2.7313959513259860e-02,
       5.2654763569318676e-03, -9.9996472655720647e-01,
       6.5437298313406611e-03, 3.1131606111965433e-02, 0., 0., 0., 1. ]
Hobj2base18: !!opencv-matrix
   rows: 4
   cols: 4
   dt: d
   data: [ 9.9997180752820547e-01, 4.2587843771434136e-03,
       -6.1844081691472177e-03, -7.3685338013524382e-01,
       4.2095689352544315e-03, -9.9995954312344026e-01,
       -7.9493173128311126e-03, 9.0071687077592291e-02,
       -6.2180123956901631e-03, 7.9230595094152076e-03,
       -9.9994927943864109e-01, 1.9883092625460528e-03, 0., 0., 0., 1. ]
mean-rme18: 2.0287325659912817e-03
max-rme18: 8.2294967154233900e-03
Hcamera2end19: !!opencv-matrix
   rows: 4
   cols: 4
   dt: d
   data: [ 9.9994550266886695e-01, 5.1141430319711001e-03,
       -9.1014962152174694e-03, -9.7676154165592544e-03,
       9.0684267138295901e-03, 6.4526884460689438e-03,
       9.9993806130617624e-01, 2.7365420327876609e-02,
       5.1725553881015462e-03, -9.9996610360195060e-01,
       6.4059595604805120e-03, 3.1186710470160008e-02, 0., 0., 0., 1. ]
Hobj2base19: !!opencv-matrix
   rows: 4
   cols: 4
   dt: d
   data: [ 9.9997390131537900e-01, 4.3170584621641927e-03,
       -5.7930729612964424e-03, -7.3683951881466514e-01,
       4.2726827434683926e-03, -9.9996160420736979e-01,
       -7.6507707584266898e-03, 8.9829445606915678e-02,
       -5.8258793563130710e-03, 7.6258191205001739e-03,
       -9.9995395194602210e-01, 1.9703953168239475e-03, 0., 0., 0., 1. ]
mean-rme19: 1.9830983838782946e-03
max-rme19: 7.9723981908256247e-03
Hcamera2end20: !!opencv-matrix
   rows: 4
   cols: 4
   dt: d
   data: [ 9.9993257375353406e-01, 7.0017225127860733e-03,
       -9.2641150946606507e-03, -9.6185805954217204e-03,
       9.2155443964718094e-03, 6.9376808862121608e-03,
       9.9993346894950830e-01, 2.7381042858537593e-02,
       7.0655281550519415e-03, -9.9995142105293033e-01,
       6.8726884197624072e-03, 3.1220638107738317e-02, 0., 0., 0., 1. ]
Hobj2base20: !!opencv-matrix
   rows: 4
   cols: 4
   dt: d
   data: [ 9.9996346119163815e-01, 6.1622650633266262e-03,
       -5.9247591451822160e-03, -7.3713393494329871e-01,
       6.1164194188292930e-03, -9.9995145413264175e-01,
       -7.7252049493292049e-03, 8.9625084505840266e-02,
       -5.9720762831769114e-03, 7.6886843676585263e-03,
       -9.9995260809578523e-01, 2.0122013771101889e-03, 0., 0., 0., 1. ]
mean-rme20: 1.9959356847473373e-03
max-rme20: 8.0176423067881419e-03
Hcamera2end21: !!opencv-matrix
   rows: 4
   cols: 4
   dt: d
   data: [ 9.9993298028033917e-01, 3.9604210648852703e-03,
       -1.0878879200895938e-02, -9.0677640890031042e-03,
       1.0842961362503348e-02, 8.9804296463330546e-03,
       9.9990088612434913e-01, 2.7368207261181762e-02,
       4.0577255414989237e-03, -9.9995183231411511e-01,
       8.9368850878699391e-03, 3.1120494908310713e-02, 0., 0., 0., 1. ]
Hobj2base21: !!opencv-matrix
   rows: 4
   cols: 4
   dt: d
   data: [ 9.9996747669861741e-01, 3.2464733724080152e-03,
       -7.3828148860843913e-03, -7.3743582501792415e-01,
       3.1792815675434111e-03, -9.9995358816873758e-01,
       -9.0947059974922969e-03, 9.0086964437750564e-02,
       -7.4119979569763957e-03, 9.0709381603442402e-03,
       -9.9993138782977331e-01, 2.0128336523151050e-03, 0., 0., 0., 1. ]
mean-rme21: 2.1354771774162143e-03
max-rme21: 8.2600683532866315e-03
Hcamera2end22: !!opencv-matrix
   rows: 4
   cols: 4
   dt: d
   data: [ 9.9993370718510821e-01, 3.3285922473577736e-03,
       -1.1022781350322277e-02, -9.1641844133015325e-03,
       1.0991815005427175e-02, 9.1823745183766681e-03,
       9.9989742673990856e-01, 2.7398357263436184e-02,
       3.4294661293922837e-03, -9.9995230109833488e-01,
       9.1451785227110172e-03, 3.1193305345123084e-02, 0., 0., 0., 1. ]
Hobj2base22: !!opencv-matrix
   rows: 4
   cols: 4
   dt: d
   data: [ 9.9996750246544375e-01, 2.7109913443712332e-03,
       -7.5924000785995947e-03, -7.3752220794901358e-01,
       2.6423716939087630e-03, -9.9995570649396281e-01,
       -9.0334335659870597e-03, 9.0252967847677709e-02,
       -7.6165533447882187e-03, 9.0130780586110647e-03,
       -9.9993037384562689e-01, 2.1229556789867199e-03, 0., 0., 0., 1. ]
mean-rme22: 2.1635320579276064e-03
max-rme22: 8.1600961482823919e-03
Hcamera2end23: !!opencv-matrix
   rows: 4
   cols: 4
   dt: d
   data: [ 9.9993706389003656e-01, 4.3169947327479832e-03,
       -1.0355279593057397e-02, -9.5451453793272880e-03,
       1.0313050811421210e-02, 9.6920974523549974e-03,
       9.9989984709966584e-01, 2.7073254136980425e-02,
       4.4169267521670663e-03, -9.9994371181754604e-01,
       9.6469660834124227e-03, 3.1169422710106053e-02, 0., 0., 0., 1. ]
Hobj2base23: !!opencv-matrix
   rows: 4
   cols: 4
   dt: d
   data: [ 9.9996296340934909e-01, 3.5132932862547610e-03,
       -7.8567537747862102e-03, -7.3771971151770566e-01,
       3.4451150949384767e-03, -9.9995644189192112e-01,
       -8.6744164547757734e-03, 8.9943812940257412e-02,
       -7.8868873185488821e-03, 8.6470277629376695e-03,
       -9.9993151061424745e-01, 2.5179448675282101e-03, 0., 0., 0., 1. ]
mean-rme23: 2.1839616141269527e-03
max-rme23: 8.0626153823242230e-03
Hcamera2end24: !!opencv-matrix
   rows: 4
   cols: 4
   dt: d
   data: [ 9.9993817695865195e-01, 4.1309614953208510e-03,
       -1.0323633940224439e-02, -9.5077113753280727e-03,
       1.0283244253602263e-02, 9.6819281623857778e-03,
       9.9990025260256810e-01, 2.7124835303751507e-02,
       4.2305021248468227e-03, -9.9994459617729958e-01,
       9.6388499100820146e-03, 3.1195914647234358e-02, 0., 0., 0., 1. ]
Hobj2base24: !!opencv-matrix
   rows: 4
   cols: 4
   dt: d
   data: [ 9.9996433342364266e-01, 3.2082399701906903e-03,
       -7.8127509178127531e-03, -7.3769272310674683e-01,
       3.1393030090192176e-03, -9.9995617537887327e-01,
       -8.8199828953546191e-03, 8.9900737955486185e-02,
       -7.8407051486250948e-03, 8.7951417242962040e-03,
       -9.9993058200298202e-01, 2.4851585292367268e-03, 0., 0., 0., 1. ]
mean-rme24: 2.1825559691851736e-03
max-rme24: 8.0140182506892033e-03
