%YAML:1.0
---
Hcamera2end0: !!opencv-matrix
   rows: 4
   cols: 4
   dt: d
   data: [ 9.9989841845922511e-01, -5.8483721133000093e-03,
       1.2998050098565592e-02, -1.2850570976509788e-02,
       -1.2893598743043525e-02, 1.7556527579951187e-02,
       9.9976273357771628e-01, 2.4735046546481825e-02,
       -6.0751851160135550e-03, -9.9982876778124308e-01,
       1.7479337597500089e-02, 3.4623485471887476e-02, 0., 0., 0., 1. ]
Hobj2base0: !!opencv-matrix
   rows: 4
   cols: 4
   dt: d
   data: [ 9.9987790093544149e-01, -5.4694616563758262e-03,
       -1.4637903201100286e-02, -7.4001803252601295e-01,
       -5.2527374345517569e-03, -9.9987662638517394e-01,
       1.4803403596712655e-02, 9.7131099740817337e-02,
       -1.4717063918424967e-02, -1.4724707052873449e-02,
       -9.9978327203040784e-01, 9.2421432505475163e-03, 0., 0., 0., 1. ]
mean-rme0: 7.8395272261814705e-04
max-rme0: 2.3241930254682130e-03
Hcamera2end1: !!opencv-matrix
   rows: 4
   cols: 4
   dt: d
   data: [ 9.9985938311775868e-01, -1.6637375026586083e-02,
       2.1004151017610852e-03, -1.4826257090008758e-02,
       -2.0249957486436470e-03, 4.5486782405793624e-03,
       9.9998760438241530e-01, 2.7610425374134183e-02,
       -1.6646722908517202e-02, -9.9985124257485858e-01,
       4.5143480059294250e-03, 3.4130413241416274e-02, 0., 0., 0., 1. ]
Hobj2base1: !!opencv-matrix
   rows: 4
   cols: 4
   dt: d
   data: [ 9.9986683056301062e-01, -1.6169430687450293e-02,
       -2.2069551702420323e-03, -7.3529627921998786e-01,
       -1.6157968542705580e-02, -9.9985636168440006e-01,
       5.1162536885832133e-03, 9.4490467638725609e-02,
       -2.2893650763157339e-03, -5.0799124477440777e-03,
       -9.9998447652804567e-01, 2.2639302713612125e-03, 0., 0., 0., 1. ]
mean-rme1: 1.6758606465370374e-03
max-rme1: 3.7006472703995097e-03
Hcamera2end2: !!opencv-matrix
   rows: 4
   cols: 4
   dt: d
   data: [ 9.9988416213226583e-01, -1.5197303822833828e-02,
       -8.3921008881406717e-04, -1.4246387527633445e-02,
       8.3303041874284358e-04, -4.1295507908101214e-04,
       9.9999956776411847e-01, 2.7641428568351039e-02,
       -1.5197643810082408e-02, -9.9988442903398522e-01,
       -4.0024742687783110e-04, 3.3877083963860424e-02, 0., 0., 0., 1. ]
Hobj2base2: !!opencv-matrix
   rows: 4
   cols: 4
   dt: d
   data: [ 9.9988732057674401e-01, -1.4841232458138700e-02,
       2.2547658377241918e-03, -7.3398599778969176e-01,
       -1.4847817907614313e-02, -9.9988546461756589e-01,
       2.9325671171388421e-03, 9.4152233895786835e-02,
       2.2109846769721173e-03, -2.9657150297502616e-03,
       -9.9999315801715372e-01, 9.9018262309186200e-04, 0., 0., 0., 1. ]
mean-rme2: 1.7594702533721988e-03
max-rme2: 5.2661521563601710e-03
Hcamera2end3: !!opencv-matrix
   rows: 4
   cols: 4
   dt: d
   data: [ 9.9992033608134478e-01, -1.2594765867004037e-02,
       -8.3268464971703645e-04, -1.5008165334779803e-02,
       8.2067360447025256e-04, -9.5879195410164542e-04,
       9.9999920360609496e-01, 2.7988885443210453e-02,
       -1.2595554207951713e-02, -9.9992022311319650e-01,
       -9.4837938107583675e-04, 3.3775309286407512e-02, 0., 0., 0., 1. ]
Hobj2base3: !!opencv-matrix
   rows: 4
   cols: 4
   dt: d
   data: [ 9.9992102108435177e-01, -1.2512689363802055e-02,
       1.1765196608257945e-03, -7.3426051700067341e-01,
       -1.2515848646078433e-02, -9.9991798128457576e-01,
       2.7173951583328191e-03, 9.2911588367188491e-02,
       1.1424212426996243e-03, -2.7319056834138574e-03,
       -9.9999561577290952e-01, 8.8599578969858787e-04, 0., 0., 0., 1. ]
mean-rme3: 1.7379678968030693e-03
max-rme3: 6.1731151504500481e-03
Hcamera2end4: !!opencv-matrix
   rows: 4
   cols: 4
   dt: d
   data: [ 9.9992841800413679e-01, -1.1894566469087374e-02,
       -1.2954367050477698e-03, -1.4899405786069974e-02,
       1.2627696403654208e-03, -2.7534851890491652e-03,
       9.9999541185554897e-01, 2.8037725476514005e-02,
       -1.1898078860878930e-02, -9.9992546602625643e-01,
       -2.7382679916612140e-03, 3.3654976746908552e-02, 0., 0., 0., 1. ]
Hobj2base4: !!opencv-matrix
   rows: 4
   cols: 4
   dt: d
   data: [ 9.9992132446008397e-01, -1.2280120307163068e-02,
       2.5580334699004926e-03, -7.3381339601249196e-01,
       -1.2285708046571697e-02, -9.9992215091503089e-01,
       2.1802493554745148e-03, 9.2874611341060898e-02,
       2.5310606049506993e-03, -2.2115050755638771e-03,
       -9.9999435147280402e-01, 4.7911372439156109e-04, 0., 0., 0., 1. ]
mean-rme4: 1.6610906759943215e-03
max-rme4: 7.0709031375008058e-03
Hcamera2end5: !!opencv-matrix
   rows: 4
   cols: 4
   dt: d
   data: [ 9.9993190066143778e-01, -1.1598380934978170e-02,
       1.2929034347388766e-03, -1.4206242120833140e-02,
       -1.3461215751833545e-03, -4.5817785257642463e-03,
       9.9998859756611491e-01, 2.8860004162628562e-02,
       -1.1592324888013213e-02, -9.9992223940925906e-01,
       -4.5970793404908061e-03, 3.3491712881866857e-02, 0., 0., 0., 1. ]
Hobj2base5: !!opencv-matrix
   rows: 4
   cols: 4
   dt: d
   data: [ 9.9992340400030488e-01, -1.1801626870492981e-02,
       3.7293076639965928e-03, -7.3320002773114379e-01,
       -1.1817207010761244e-02, -9.9992142201199941e-01,
       4.1837088768291114e-03, 9.4244553091517858e-02,
       3.6796400514046142e-03, -4.2274584221375236e-03,
       -9.9998429429885638e-01, -5.9764997653084415e-04, 0., 0., 0., 1. ]
mean-rme5: 1.7515133859375644e-03
max-rme5: 7.8914479493273904e-03
Hcamera2end6: !!opencv-matrix
   rows: 4
   cols: 4
   dt: d
   data: [ 9.9992770014802912e-01, -1.1922058017585387e-02,
       1.5681228582144630e-03, -1.4371533318798433e-02,
       -1.6272236080975295e-03, -4.9491776570147472e-03,
       9.9998642879983535e-01, 2.9191507964363834e-02,
       -1.1914135302336329e-02, -9.9991668161559544e-01,
       -4.9682196864659911e-03, 3.3471943254473495e-02, 0., 0., 0., 1. ]
Hobj2base6: !!opencv-matrix
   rows: 4
   cols: 4
   dt: d
   data: [ 9.9991443889847953e-01, -1.2632714928110278e-02,
       3.3954964120130569e-03, -7.3303711675751348e-01,
       -1.2647628770651584e-02, -9.9991030277415582e-01,
       4.4072545395889519e-03, 9.4223416249815437e-02,
       3.3395162551902871e-03, -4.4498224281470837e-03,
       -9.9998452323600495e-01, -8.6272190159443485e-04, 0., 0., 0., 1. ]
mean-rme6: 1.6821803451467973e-03
max-rme6: 7.9563060526214313e-03
Hcamera2end7: !!opencv-matrix
   rows: 4
   cols: 4
   dt: d
   data: [ 9.9998339874793674e-01, -5.5298403758520416e-03,
       -1.6195968456972280e-03, -1.2894309505978011e-02,
       1.6070224175138269e-03, -2.2776090711615904e-03,
       9.9999611498038776e-01, 3.0726258318791225e-02,
       -5.5335077007811120e-03, -9.9998211652125901e-01,
       -2.2686846825499263e-03, 3.3454565225479606e-02, 0., 0., 0., 1. ]
Hobj2base7: !!opencv-matrix
   rows: 4
   cols: 4
   dt: d
   data: [ 9.9997915519596781e-01, -6.0943755743338808e-03,
       2.1325477526744465e-03, -7.3444405279667013e-01,
       -6.0974475046760923e-03, -9.9998037792809091e-01,
       1.4369734585301772e-03, 9.3673368995051867e-02,
       2.1237484517224615e-03, -1.4499466030731822e-03,
       -9.9999669366821520e-01, -2.2765897592284022e-03, 0., 0., 0., 1. ]
mean-rme7: 1.7871065995185107e-03
max-rme7: 8.0780537666305663e-03
Hcamera2end8: !!opencv-matrix
   rows: 4
   cols: 4
   dt: d
   data: [ 9.9998248470573026e-01, -5.6313448431110358e-03,
       -1.8216028689040007e-03, -1.3269384484888538e-02,
       1.8116197651723872e-03, -1.7773673219392272e-03,
       9.9999677949442878e-01, 2.9826325421479470e-02,
       -5.6345643647463372e-03, -9.9998256430832877e-01,
       -1.7671343352052560e-03, 3.3594648728775191e-02, 0., 0., 0., 1. ]
Hobj2base8: !!opencv-matrix
   rows: 4
   cols: 4
   dt: d
   data: [ 9.9998019594540644e-01, -5.7872967985983228e-03,
       2.4728349624578341e-03, -7.3435496648057963e-01,
       -5.7900670866590379e-03, -9.9998261624191698e-01,
       1.1146017689726113e-03, 9.2868455522910412e-02,
       2.4663414440437795e-03, -1.1288975756651952e-03,
       -9.9999632136830674e-01, -1.6120129314345446e-03, 0., 0., 0., 1. ]
mean-rme8: 1.9513286575150713e-03
max-rme8: 7.5103334350964390e-03
Hcamera2end9: !!opencv-matrix
   rows: 4
   cols: 4
   dt: d
   data: [ 9.9999052576118930e-01, -8.9695144676416299e-04,
       -4.2595617101163644e-03, -1.2423225235302539e-02,
       4.2595272012392283e-03, -4.0380306968623714e-05,
       9.9999092735757023e-01, 3.0046524960468293e-02,
       -8.9711531145381541e-04, -9.9999959692368545e-01,
       -3.6559335310215602e-05, 3.3604352025936056e-02, 0., 0., 0., 1. ]
Hobj2base9: !!opencv-matrix
   rows: 4
   cols: 4
   dt: d
   data: [ 9.9999849450269673e-01, -1.4114747891901859e-03,
       1.0093221782223494e-03, -7.3530033529094518e-01,
       -1.4106398718636965e-03, -9.9999866271823934e-01,
       -8.2743995875689345e-04, 9.2172659309643301e-02,
       1.0104887391155636e-03, 8.2601492294011010e-04,
       -9.9999914830556524e-01, -1.6723769341149904e-03, 0., 0., 0., 1. ]
mean-rme9: 2.0297685125097338e-03
max-rme9: 7.6461447613315747e-03
Hcamera2end10: !!opencv-matrix
   rows: 4
   cols: 4
   dt: d
   data: [ 9.9998728137183002e-01, -3.6951173904171269e-04,
       -5.0299657703772628e-03, -1.2305953920665883e-02,
       5.0295856148283285e-03, -1.0226294837147876e-03,
       9.9998682866199895e-01, 2.9996916931542154e-02,
       -3.7465066337656573e-04, -9.9999940884483218e-01,
       -1.0207579863432681e-03, 3.3452701709557817e-02, 0., 0., 0., 1. ]
Hobj2base10: !!opencv-matrix
   rows: 4
   cols: 4
   dt: d
   data: [ 9.9999847485253057e-01, -7.4489201583528689e-04,
       1.5796925326007495e-03, -7.3501750854939507e-01,
       -7.4251022338069680e-04, -9.9999858759602822e-01,
       -1.5078078515792723e-03, 9.2077470139836595e-02,
       1.5808134554667972e-03, 1.5066326140946887e-03,
       -9.9999761554065003e-01, -2.0148728576188726e-03, 0., 0., 0., 1. ]
mean-rme10: 2.0998831379693854e-03
max-rme10: 8.2056020638368032e-03
Hcamera2end11: !!opencv-matrix
   rows: 4
   cols: 4
   dt: d
   data: [ 9.9998708235583900e-01, -6.9819933767805743e-05,
       -5.0823465676078563e-03, -1.2232037188814555e-02,
       5.0822694701157358e-03, -1.0632765244329434e-03,
       9.9998651989917620e-01, 2.9969749539849950e-02,
       -7.5222932382429299e-05, -9.9999943228394339e-01,
       -1.0629079456871970e-03, 3.3385010711935122e-02, 0., 0., 0., 1. ]
Hobj2base11: !!opencv-matrix
   rows: 4
   cols: 4
   dt: d
   data: [ 9.9999912229066723e-01, -3.2372825811013430e-04,
       1.2847637565408109e-03, -7.3508306604800244e-01,
       -3.2170493501573142e-04, -9.9999870832651094e-01,
       -1.5747543439935622e-03, 9.1952424712008443e-02,
       1.2852718895262597e-03, 1.5743396469761689e-03,
       -9.9999793476328991e-01, -1.9903800463882239e-03, 0., 0., 0., 1. ]
mean-rme11: 2.0515315641487560e-03
max-rme11: 8.3924126474351768e-03
Hcamera2end12: !!opencv-matrix
   rows: 4
   cols: 4
   dt: d
   data: [ 9.9998754564786174e-01, -2.3280999099942858e-03,
       -4.4145781196718399e-03, -1.2551647077914469e-02,
       4.4105079703428418e-03, -1.7505167057874083e-03,
       9.9998874149197614e-01, 2.9873548655089583e-02,
       -2.3358014918102585e-03, -9.9999575781203776e-01,
       -1.7402268010271449e-03, 3.3290755981895404e-02, 0., 0., 0., 1. ]
Hobj2base12: !!opencv-matrix
   rows: 4
   cols: 4
   dt: d
   data: [ 9.9999649905984600e-01, -2.1875081882603595e-03,
       1.4888505558814185e-03, -7.3472207119147326e-01,
       -2.1854297781127570e-03, -9.9999663728164512e-01,
       -1.3961812515823995e-03, 9.2246068511236665e-02,
       1.4918997072164582e-03, 1.3929225852954104e-03,
       -9.9999791699879825e-01, -2.0439814139608012e-03, 0., 0., 0., 1. ]
mean-rme12: 2.0580771036354476e-03
max-rme12: 8.4135622711473679e-03
Hcamera2end13: !!opencv-matrix
   rows: 4
   cols: 4
   dt: d
   data: [ 9.9999082892488189e-01, -2.1587539859115410e-03,
       -3.6988981272795068e-03, -1.2772326490660615e-02,
       3.6966208567071343e-03, -1.0579388731553063e-03,
       9.9999260785246924e-01, 2.9709727768790696e-02,
       -2.1626512362002844e-03, -9.9999711026910920e-01,
       -1.0499490757096552e-03, 3.3214661076454356e-02, 0., 0., 0., 1. ]
Hobj2base13: !!opencv-matrix
   rows: 4
   cols: 4
   dt: d
   data: [ 9.9999743050929202e-01, -2.0664223904702235e-03,
       9.3213374455700972e-04, -7.3479076859856851e-01,
       -2.0655032250203246e-03, -9.9999738077170774e-01,
       -9.8597472156768617e-04, 9.2123283239860201e-02,
       9.3416874332701884e-04, 9.8404686285926790e-04,
       -9.9999907948984168e-01, -1.9853844877404147e-03, 0., 0., 0., 1. ]
mean-rme13: 2.1706026020481771e-03
max-rme13: 8.1175791806032405e-03
Hcamera2end14: !!opencv-matrix
   rows: 4
   cols: 4
   dt: d
   data: [ 9.9998527254548908e-01, -4.1500056670816616e-03,
       -3.4974483680428920e-03, -1.2792552447610281e-02,
       3.4870572775451418e-03, -2.5084732868121407e-03,
       9.9999077395409630e-01, 2.9517401889202353e-02,
       -4.1587406347421158e-03, -9.9998824243824624e-01,
       -2.4939650359225851e-03, 3.3238734332425864e-02, 0., 0., 0., 1. ]
Hobj2base14: !!opencv-matrix
   rows: 4
   cols: 4
   dt: d
   data: [ 9.9998981998873915e-01, -4.0157313933744032e-03,
       2.0576249088274105e-03, -7.3420600598110686e-01,
       -4.0142273929251087e-03, -9.9999167317318061e-01,
       -7.3454934522235529e-04, 9.2496082580450861e-02,
       2.0605575282067272e-03, 7.2628209322836933e-04,
       -9.9999761330564896e-01, -1.9603367197261940e-03, 0., 0., 0., 1. ]
mean-rme14: 2.1597284611038045e-03
max-rme14: 8.3159396628691429e-03
Hcamera2end15: !!opencv-matrix
   rows: 4
   cols: 4
   dt: d
   data: [ 9.9999182718086155e-01, -2.2155748093316639e-03,
       -3.3818337845285132e-03, -1.1814495900691195e-02,
       3.3736459659781948e-03, -3.6889455344406574e-03,
       9.9998750501880784e-01, 2.9839117431199633e-02,
       -2.2280225264037484e-03, -9.9999074141169331e-01,
       -3.6814408203380555e-03, 3.3142917898628318e-02, 0., 0., 0., 1. ]
Hobj2base15: !!opencv-matrix
   rows: 4
   cols: 4
   dt: d
   data: [ 9.9999212774496427e-01, -2.3964433664979403e-03,
       3.1625159746943954e-03, -7.3391901491316069e-01,
       -2.3940319664867244e-03, -9.9999684087681251e-01,
       -7.6605961866981181e-04, 9.3112257755885650e-02,
       3.1643418024083505e-03, 7.5848242371517785e-04,
       -9.9999470580867156e-01, -2.6835261481925558e-03, 0., 0., 0., 1. ]
mean-rme15: 2.1770223739712292e-03
max-rme15: 9.0686098915975233e-03
Hcamera2end16: !!opencv-matrix
   rows: 4
   cols: 4
   dt: d
   data: [ 9.9999007334112100e-01, -3.8552121885816618e-03,
       -2.2339557292820693e-03, -1.2460394327157159e-02,
       2.2223368726115491e-03, -3.0154614659791967e-03,
       9.9999298408087434e-01, 3.0351660804356254e-02,
       -3.8619215481430886e-03, -9.9998802209382887e-01,
       -3.0068639523235241e-03, 3.3175859753585932e-02, 0., 0., 0., 1. ]
Hobj2base16: !!opencv-matrix
   rows: 4
   cols: 4
   dt: d
   data: [ 9.9998914448399523e-01, -3.9672645105406929e-03,
       2.4437116177535773e-03, -7.3399566101793567e-01,
       -3.9671124751574204e-03, -9.9999212872986676e-01,
       -6.7059068835105296e-05, 9.3159162232697670e-02,
       2.4439584237032062e-03, 5.7363862029832952e-05,
       -9.9999701188384083e-01, -2.9128647863111371e-03, 0., 0., 0., 1. ]
mean-rme16: 2.1780224841910375e-03
max-rme16: 8.5394094182720259e-03
Hcamera2end17: !!opencv-matrix
   rows: 4
   cols: 4
   dt: d
   data: [ 9.9998682674654538e-01, -4.6905252681795151e-03,
       -2.0845397773100963e-03, -1.2579981066531718e-02,
       2.0670565838578877e-03, -3.7291081132757586e-03,
       9.9999091047356981e-01, 3.0192771395956424e-02,
       -4.6982561077221303e-03, -9.9998204620152475e-01,
       -3.7193634076519988e-03, 3.3179298877847853e-02, 0., 0., 0., 1. ]
Hobj2base17: !!opencv-matrix
   rows: 4
   cols: 4
   dt: d
   data: [ 9.9998370948197102e-01, -4.8350942865889243e-03,
       3.0335843348901037e-03, -7.3369837400014359e-01,
       -4.8357219090188128e-03, -9.9998828791000860e-01,
       1.9959065168696332e-04, 9.3224958617472625e-02,
       3.0325837656577487e-03, -2.1425697048293795e-04,
       -9.9999537875414957e-01, -2.8544243140986385e-03, 0., 0., 0., 1. ]
mean-rme17: 2.1295960277986671e-03
max-rme17: 8.6453991441208244e-03
Hcamera2end18: !!opencv-matrix
   rows: 4
   cols: 4
   dt: d
   data: [ 9.9999142987491130e-01, -3.7970593613985892e-03,
       -1.6500051322129656e-03, -1.2682829384585219e-02,
       1.6353833883054525e-03, -3.8506956097328349e-03,
       9.9999124879395540e-01, 3.0133247698257024e-02,
       -3.8033798000684030e-03, -9.9998537713484958e-01,
       -3.8444529609855671e-03, 3.3192741020911000e-02, 0., 0., 0., 1. ]
Hobj2base18: !!opencv-matrix
   rows: 4
   cols: 4
   dt: d
   data: [ 9.9998681610303974e-01, -3.9596364942567049e-03,
       3.2693881596881258e-03, -7.3363410275460827e-01,
       -3.9612062012030951e-03, -9.9999204215408044e-01,
       4.7378681069768999e-04, 9.3122819393308534e-02,
       3.2674861188547659e-03, -4.8673128499349323e-04,
       -9.9999454329867121e-01, -2.8965006398386970e-03, 0., 0., 0., 1. ]
mean-rme18: 2.1296244387575729e-03
max-rme18: 8.7203985998398625e-03
Hcamera2end19: !!opencv-matrix
   rows: 4
   cols: 4
   dt: d
   data: [ 9.9999414178673174e-01, -2.4920159628524807e-03,
       -2.3465397202705749e-03, -1.2298638849539327e-02,
       2.3359298548307279e-03, -4.2519534828304728e-03,
       9.9998823209240462e-01, 3.0134296862721812e-02,
       -2.5019640147751088e-03, -9.9998785530026335e-01,
       -4.2461073994939369e-03, 3.3328083950240901e-02, 0., 0., 0., 1. ]
Hobj2base19: !!opencv-matrix
   rows: 4
   cols: 4
   dt: d
   data: [ 9.9999026158773718e-01, -2.5186889191147633e-03,
       3.6239392679441582e-03, -7.3358071398498947e-01,
       -2.5169563235668789e-03, -9.9999671601900864e-01,
       -4.8257855619923706e-04, 9.2771931781921918e-02,
       3.6251428322585911e-03, 4.7345255979363318e-04,
       -9.9999331706872874e-01, -2.9712062737331335e-03, 0., 0., 0., 1. ]
mean-rme19: 2.1754382634257934e-03
max-rme19: 8.8983428265979603e-03
Hcamera2end20: !!opencv-matrix
   rows: 4
   cols: 4
   dt: d
   data: [ 9.9999639446214272e-01, -1.8172914773961200e-03,
       -1.9769963077470492e-03, -1.2267736769359858e-02,
       1.9690519600290583e-03, -4.3629753385205916e-03,
       9.9998854357466227e-01, 3.0175181176228937e-02,
       -1.8258962438670388e-03, -9.9998883088656632e-01,
       -4.3593812663023090e-03, 3.3292287992288484e-02, 0., 0., 0., 1. ]
Hobj2base20: !!opencv-matrix
   rows: 4
   cols: 4
   dt: d
   data: [ 9.9999322775615895e-01, -1.6758661966328118e-03,
       3.2765705104327854e-03, -7.3375628800960702e-01,
       -1.6742598392943489e-03, -9.9999847693231159e-01,
       -4.9293716449890423e-04, 9.2631743102677938e-02,
       3.2773916167251594e-03, 4.8744799579199407e-04,
       -9.9999451053425426e-01, -2.8419468388827720e-03, 0., 0., 0., 1. ]
mean-rme20: 2.2282895644193568e-03
max-rme20: 9.2409487885537489e-03
Hcamera2end21: !!opencv-matrix
   rows: 4
   cols: 4
   dt: d
   data: [ 9.9999660594296380e-01, -2.1838204741529942e-03,
       -1.4209259971925876e-03, -1.2376186714160900e-02,
       1.4086211190687038e-03, -5.6258118813463653e-03,
       9.9998318287220156e-01, 3.0171014756776256e-02,
       -2.1917776109225107e-03, -9.9998179041861179e-01,
       -5.6227166113798077e-03, 3.3391538922858753e-02, 0., 0., 0., 1. ]
Hobj2base21: !!opencv-matrix
   rows: 4
   cols: 4
   dt: d
   data: [ 9.9998939366622019e-01, -1.8255976509256350e-03,
       4.2284451376743241e-03, -7.3336295042966526e-01,
       -1.8255070328083234e-03, -9.9999833344085465e-01,
       -2.5290049717185667e-05, 9.2698939855101706e-02,
       4.2284842601757640e-03, 1.7570725145808420e-05,
       -9.9999105976610170e-01, -2.8466968268947529e-03, 0., 0., 0., 1. ]
mean-rme21: 2.2479850527442600e-03
max-rme21: 9.5608361589438751e-03
Hcamera2end22: !!opencv-matrix
   rows: 4
   cols: 4
   dt: d
   data: [ 9.9999639686653308e-01, -2.1202704493340431e-03,
       -1.6464225377844045e-03, -1.2219227500844320e-02,
       1.6343729733943406e-03, -5.6722798934392138e-03,
       9.9998257688111458e-01, 3.0231124492815439e-02,
       -2.1295724770671143e-03, -9.9998166467892413e-01,
       -5.6687941427389088e-03, 3.3483199356882355e-02, 0., 0., 0., 1. ]
Hobj2base22: !!opencv-matrix
   rows: 4
   cols: 4
   dt: d
   data: [ 9.9998961259380048e-01, -1.7556647209039512e-03,
       4.2062270372235913e-03, -7.3338963398205581e-01,
       -1.7541578933580795e-03, -9.9999839597803675e-01,
       -3.6189976389867468e-04, 9.2644573329996774e-02,
       4.2068556649910204e-03, 3.5451761834022158e-04,
       -9.9999108830162697e-01, -2.7784360263022772e-03, 0., 0., 0., 1. ]
mean-rme22: 2.2668285253905390e-03
max-rme22: 9.5296627505478959e-03
Hcamera2end23: !!opencv-matrix
   rows: 4
   cols: 4
   dt: d
   data: [ 9.9999456685224652e-01, -2.0853849094458377e-03,
       -2.5529269020570155e-03, -1.2461201524058675e-02,
       2.5415945323660409e-03, -5.4188798009882078e-03,
       9.9998208785904541e-01, 3.0116419259526354e-02,
       -2.0991815597603512e-03, -9.9998314331366711e-01,
       -5.4135501565300004e-03, 3.3391527831019008e-02, 0., 0., 0., 1. ]
Hobj2base23: !!opencv-matrix
   rows: 4
   cols: 4
   dt: d
   data: [ 9.9999037017240533e-01, -1.8193475686071534e-03,
       3.9936871284921641e-03, -7.3342311082851952e-01,
       -1.8151955862542707e-03, -9.9999780858998322e-01,
       -1.0430149640978631e-03, 9.1952584432129156e-02,
       3.9955759834251377e-03, 1.0357555967950608e-03,
       -9.9999148125516779e-01, -2.8456947720256428e-03, 0., 0., 0., 1. ]
mean-rme23: 2.2392432939997496e-03
max-rme23: 9.4759156351346130e-03
Hcamera2end24: !!opencv-matrix
   rows: 4
   cols: 4
   dt: d
   data: [ 9.9999470639632793e-01, -2.0959806798461090e-03,
       -2.4887837012668164e-03, -1.2422087125405096e-02,
       2.4772434420491452e-03, -5.4906142374107070e-03,
       9.9998185804554707e-01, 3.0171649338477217e-02,
       -2.1096076058840928e-03, -9.9998272986101400e-01,
       -5.4853929178813043e-03, 3.3372129767442603e-02, 0., 0., 0., 1. ]
Hobj2base24: !!opencv-matrix
   rows: 4
   cols: 4
   dt: d
   data: [ 9.9999115924024018e-01, -1.8049462249861337e-03,
       3.7978428726694155e-03, -7.3341227764534977e-01,
       -1.8004126864469186e-03, -9.9999766309577698e-01,
       -1.1967945281514394e-03, 9.2005697048808177e-02,
       3.7999941472400402e-03, 1.1899462630894481e-03,
       -9.9999207200475881e-01, -2.9024719936192617e-03, 0., 0., 0., 1. ]
mean-rme24: 2.1886228781761692e-03
max-rme24: 9.5333750772376158e-03
