%YAML:1.0
---
Hcamera2end0: !!opencv-matrix
   rows: 4
   cols: 4
   dt: d
   data: [ 9.9999576288590486e-01, 2.9095595795548901e-03,
       9.3130501011604461e-05, -1.4911784147185470e-02,
       -1.0247792645039070e-04, 3.2126760343351712e-03,
       9.9999483409214329e-01, 2.5590658556061959e-02,
       2.9092453509095323e-03, -9.9999060654375727e-01,
       3.2129605874928746e-03, 3.2353682805766067e-02, 0., 0., 0., 1. ]
Hobj2base0: !!opencv-matrix
   rows: 4
   cols: 4
   dt: d
   data: [ 9.9998710995261131e-01, 5.7760136914736856e-04,
       -5.0444330982261660e-03, -7.3475696737731155e-01,
       6.0515306366991546e-04, -9.9998490014313646e-01,
       5.4619845743549642e-03, 9.1379474427025834e-02,
       -5.0412020782400167e-03, -5.4649668232588343e-03,
       -9.9997235982762378e-01, 5.6133454306248427e-03, 0., 0., 0., 1. ]
mean-rme0: 1.0690823614754169e-03
max-rme0: 3.0560254333204667e-03
Hcamera2end1: !!opencv-matrix
   rows: 4
   cols: 4
   dt: d
   data: [ 9.9998541228605287e-01, 4.4289776676993036e-03,
       -3.0918233959633147e-03, -1.5358013528431913e-02,
       3.0850621192038911e-03, 1.5326191755159480e-03,
       9.9999406671748980e-01, 2.5589720420958383e-02,
       4.4336899771475315e-03, -9.9998901755733383e-01,
       1.5189331468763445e-03, 3.2521179205607688e-02, 0., 0., 0., 1. ]
Hobj2base1: !!opencv-matrix
   rows: 4
   cols: 4
   dt: d
   data: [ 9.9999138503296536e-01, 3.0721488436192966e-03,
       -2.7913726613198642e-03, -7.3495871507896893e-01,
       3.0812782359251815e-03, -9.9998989922497006e-01,
       3.2721816066890131e-03, 9.0245058758496408e-02,
       -2.7812918373534856e-03, -3.2807544127820215e-03,
       -9.9999075049032271e-01, 4.4879297663120311e-03, 0., 0., 0., 1. ]
mean-rme1: 1.3806024454279060e-03
max-rme1: 5.5194105745096748e-03
Hcamera2end2: !!opencv-matrix
   rows: 4
   cols: 4
   dt: d
   data: [ 9.9997380051888973e-01, 7.2352634596017963e-03,
       -2.2189744902467029e-04, -1.5055706371053143e-02,
       2.2416783982880930e-04, -3.1298572326377005e-04,
       9.9999992589435560e-01, 2.5594030280225628e-02,
       7.2351934726943620e-03, -9.9997377615745864e-01,
       -3.1459943658052048e-04, 3.1813245430738733e-02, 0., 0., 0., 1. ]
Hobj2base2: !!opencv-matrix
   rows: 4
   cols: 4
   dt: d
   data: [ 9.9998381949669068e-01, 5.6304562277367303e-03,
       -8.1160795803297456e-04, -7.3391185428691119e-01,
       5.6351147645339770e-03, -9.9996697189553330e-01,
       5.8566713812869247e-03, 9.0724322761210813e-02,
       -7.7860542030797606e-04, -5.8611501213835827e-03,
       -9.9998252019365541e-01, 4.4290668740916347e-03, 0., 0., 0., 1. ]
mean-rme2: 1.3380108421289613e-03
max-rme2: 6.2961983560195084e-03
Hcamera2end3: !!opencv-matrix
   rows: 4
   cols: 4
   dt: d
   data: [ 9.9996132350851008e-01, 8.5916741993108184e-03,
       1.8800589250918443e-03, -1.9899753842002228e-02,
       -1.8455996241497456e-03, -4.0169484093992569e-03,
       9.9999022889601441e-01, 2.9742043935727797e-02,
       8.5991423488775334e-03, -9.9995502261848201e-01,
       -4.0009362572550611e-03, 3.2344435934598681e-02, 0., 0., 0., 1. ]
Hobj2base3: !!opencv-matrix
   rows: 4
   cols: 4
   dt: d
   data: [ 9.9997895714331497e-01, 5.4747330981247304e-03,
       3.4803114907413064e-03, -7.3376418423393241e-01,
       5.4496215298006434e-03, -9.9995934278990095e-01,
       7.1843157204855533e-03, 8.5851446511703039e-02,
       3.5195022020481363e-03, -7.1651981615291106e-03,
       -9.9996813601212109e-01, -2.8169498880635063e-04, 0., 0., 0., 1. ]
mean-rme3: 1.5737194587259887e-03
max-rme3: 8.5896873137768226e-03
Hcamera2end4: !!opencv-matrix
   rows: 4
   cols: 4
   dt: d
   data: [ 9.9997080220543666e-01, 7.6304582611619997e-03,
       4.1333199747056347e-04, -1.9925656591861445e-02,
       -3.9757208612147639e-04, -2.0667964577905096e-03,
       9.9999778514196647e-01, 2.9875950555996126e-02,
       7.6312956338884831e-03, -9.9996875174133659e-01,
       -2.0637024546832361e-03, 3.3369469039541584e-02, 0., 0., 0., 1. ]
Hobj2base4: !!opencv-matrix
   rows: 4
   cols: 4
   dt: d
   data: [ 9.9998614015599763e-01, 4.8871373151757116e-03,
       1.9584138408798488e-03, -7.3540393216359823e-01,
       4.8764963403737822e-03, -9.9997351930206824e-01,
       5.4018957855910873e-03, 8.5567927482765357e-02,
       1.9847617871809561e-03, -5.3922707182301934e-03,
       -9.9998349193231650e-01, -4.1558015590889563e-04, 0., 0., 0., 1. ]
mean-rme4: 1.7070008302668227e-03
max-rme4: 8.7325390444222550e-03
Hcamera2end5: !!opencv-matrix
   rows: 4
   cols: 4
   dt: d
   data: [ 9.9997208903403489e-01, 5.2504262935180448e-03,
       5.3154657975149032e-03, -2.0449269526790600e-02,
       -5.3071368309493159e-03, -1.5990017884555119e-03,
       9.9998463862798315e-01, 3.0014824653383676e-02,
       5.2588450790832034e-03, -9.9998493799507648e-01,
       -1.5710924280105676e-03, 3.2811349936254446e-02, 0., 0., 0., 1. ]
Hobj2base5: !!opencv-matrix
   rows: 4
   cols: 4
   dt: d
   data: [ 9.9999610846623477e-01, 2.4894890096585900e-03,
       1.2591651429832589e-03, -7.3469949128417411e-01,
       2.4783536657725291e-03, -9.9995848029389833e-01,
       8.7690051559470954e-03, 8.6953418343046499e-02,
       1.2809432047779586e-03, -8.7658503745195182e-03,
       -9.9996075875592139e-01, 3.6339624617545946e-08, 0., 0., 0., 1. ]
mean-rme5: 1.8952576649705530e-03
max-rme5: 8.1736982238697041e-03
Hcamera2end6: !!opencv-matrix
   rows: 4
   cols: 4
   dt: d
   data: [ 9.9995834463966804e-01, 8.2794474511740622e-03,
       3.8418401057570195e-03, -2.0029037312493357e-02,
       -3.8458271754277379e-03, 4.6569511176097755e-04,
       9.9999249634254739e-01, 3.0027698811973421e-02,
       8.2775961988790746e-03, -9.9996561634786529e-01,
       4.9751703706857331e-04, 3.2594828982264124e-02, 0., 0., 0., 1. ]
Hobj2base6: !!opencv-matrix
   rows: 4
   cols: 4
   dt: d
   data: [ 9.9998668524127332e-01, 5.1318719230427018e-03,
       5.4150783553949175e-04, -7.3538984831904475e-01,
       5.1272943244333605e-03, -9.9995371738386396e-01,
       8.1408809782527129e-03, 8.6473216751834073e-02,
       5.8326073166133227e-04, -8.1379961143348677e-03,
       -9.9996671585916408e-01, 1.7562763069350432e-04, 0., 0., 0., 1. ]
mean-rme6: 1.9790353182818784e-03
max-rme6: 8.1590556671206349e-03
Hcamera2end7: !!opencv-matrix
   rows: 4
   cols: 4
   dt: d
   data: [ 9.9995963445660174e-01, 8.1772565542415215e-03,
       3.7231616491270447e-03, -1.9942022548872895e-02,
       -3.7332339975010994e-03, 1.2168330208539579e-03,
       9.9999229111094623e-01, 3.0291543470569060e-02,
       8.1726630506413454e-03, -9.9996582531236822e-01,
       1.2473115149024272e-03, 3.2401850507546702e-02, 0., 0., 0., 1. ]
Hobj2base7: !!opencv-matrix
   rows: 4
   cols: 4
   dt: d
   data: [ 9.9998861205170120e-01, 4.7669110592535348e-03,
       -2.2874847635953838e-04, -7.3535623955611773e-01,
       4.7685434689956514e-03, -9.9995849067231557e-01,
       7.7638859812198483e-03, 8.6587067333217221e-02,
       -1.9172922721741542e-04, -7.7648883635406830e-03,
       -9.9996983441932152e-01, 6.2310002331619128e-05, 0., 0., 0., 1. ]
mean-rme7: 1.9370310088855707e-03
max-rme7: 8.2604694286451952e-03
Hcamera2end8: !!opencv-matrix
   rows: 4
   cols: 4
   dt: d
   data: [ 9.9996419801559500e-01, 6.6672589593319053e-03,
       5.2105992934651981e-03, -1.9851200290126644e-02,
       -5.2153200031469027e-03, 6.9085329779816629e-04,
       9.9998616148374064e-01, 3.0131310445400367e-02,
       6.6635669346549950e-03, -9.9997753493750552e-01,
       7.2560045289593589e-04, 3.1811068615602560e-02, 0., 0., 0., 1. ]
Hobj2base8: !!opencv-matrix
   rows: 4
   cols: 4
   dt: d
   data: [ 9.9999526597011179e-01, 3.0770105664832273e-03,
       -6.5832432120167191e-06, -7.3441240529822360e-01,
       3.0769654345652892e-03, -9.9996356216820836e-01,
       7.9628273611149596e-03, 8.7000138654441977e-02,
       1.7918700596324566e-05, -7.9628099212640489e-03,
       -9.9996829616597283e-01, 2.8520597220190895e-04, 0., 0., 0., 1. ]
mean-rme8: 2.1764407136578246e-03
max-rme8: 9.4813829654587511e-03
Hcamera2end9: !!opencv-matrix
   rows: 4
   cols: 4
   dt: d
   data: [ 9.9997707378766443e-01, 4.0406482964769480e-03,
       5.4336967530457057e-03, -1.9822968869759931e-02,
       -5.4434598666116326e-03, 2.4091651170033979e-03,
       9.9998228217709928e-01, 3.0278373331300353e-02,
       4.0274860323122139e-03, -9.9998893448116888e-01,
       2.4311049908093407e-03, 3.1544205785830809e-02, 0., 0., 0., 1. ]
Hobj2base9: !!opencv-matrix
   rows: 4
   cols: 4
   dt: d
   data: [ 9.9999795035693873e-01, 1.1177397815816915e-03,
       -1.6881764428606312e-03, -7.3455009034946572e-01,
       1.1304051577538754e-03, -9.9997108416987190e-01,
       7.5201734228887212e-03, 8.7413096888793479e-02,
       -1.6797220308382270e-03, -7.5220663325756528e-03,
       -9.9997029808489191e-01, 4.7655718206530696e-04, 0., 0., 0., 1. ]
mean-rme9: 2.2187417974428797e-03
max-rme9: 9.2642194718829396e-03
Hcamera2end10: !!opencv-matrix
   rows: 4
   cols: 4
   dt: d
   data: [ 9.9998228409635637e-01, 3.3086771161337605e-03,
       4.9481460341338187e-03, -1.9726614301691679e-02,
       -4.9576976862633279e-03, 2.8849062511248080e-03,
       9.9998354913947141e-01, 3.0124738154952840e-02,
       3.2943477481226389e-03, -9.9999036493941429e-01,
       2.9012585632869348e-03, 3.1775287803028497e-02, 0., 0., 0., 1. ]
Hobj2base10: !!opencv-matrix
   rows: 4
   cols: 4
   dt: d
   data: [ 9.9999788314443450e-01, 5.6296931744792870e-04,
       -1.9790836762289517e-03, -7.3491664886860397e-01,
       5.7569847565280754e-04, -9.9997911549263963e-01,
       6.4371693952249738e-03, 8.7264766593174045e-02,
       -1.9754184151806230e-03, -6.4382951241227070e-03,
       -9.9997732278186158e-01, 5.6033128687250217e-04, 0., 0., 0., 1. ]
mean-rme10: 2.1689037178085897e-03
max-rme10: 9.2826171755068521e-03
Hcamera2end11: !!opencv-matrix
   rows: 4
   cols: 4
   dt: d
   data: [ 9.9997716309968443e-01, 4.2202311301313463e-03,
       5.2785346750108568e-03, -1.9923398359847806e-02,
       -5.2900405541152218e-03, 2.7198640322118051e-03,
       9.9998230874880101e-01, 3.0301582992692082e-02,
       4.2057995723569592e-03, -9.9998739591499597e-01,
       2.7421271127741065e-03, 3.2185347095573871e-02, 0., 0., 0., 1. ]
Hobj2base11: !!opencv-matrix
   rows: 4
   cols: 4
   dt: d
   data: [ 9.9999798452769662e-01, 9.7076251181374505e-04,
       -1.7574301380994407e-03, -7.3526335041134172e-01,
       9.8282573552522417e-04, -9.9997587480561378e-01,
       6.8763260773482557e-03, 8.7279375844416696e-02,
       -1.7507124601808411e-03, -6.8780394658716102e-03,
       -9.9997481347231365e-01, 3.2498076959626339e-04, 0., 0., 0., 1. ]
mean-rme11: 2.1626063292061030e-03
max-rme11: 9.3877457439099088e-03
Hcamera2end12: !!opencv-matrix
   rows: 4
   cols: 4
   dt: d
   data: [ 9.9997152719057314e-01, 5.2649761384628065e-03,
       5.4059998533452346e-03, -1.9935135486648742e-02,
       -5.4174140616608836e-03, 2.1561074847157302e-03,
       9.9998300126822093e-01, 3.0141271103122886e-02,
       5.2532307237994364e-03, -9.9998381548241855e-01,
       2.1845686500450157e-03, 3.2282245349951895e-02, 0., 0., 0., 1. ]
Hobj2base12: !!opencv-matrix
   rows: 4
   cols: 4
   dt: d
   data: [ 9.9999698217111921e-01, 2.0279008703454528e-03,
       -1.3868189190653138e-03, -7.3527920605088593e-01,
       2.0380421877365940e-03, -9.9997090596584925e-01,
       7.3507554631666071e-03, 8.7101157134620841e-02,
       -1.3718719675068697e-03, -7.3535596753082815e-03,
       -9.9997202117229578e-01, 4.2649879700212834e-04, 0., 0., 0., 1. ]
mean-rme12: 2.1099707675867581e-03
max-rme12: 9.2850279653938217e-03
Hcamera2end13: !!opencv-matrix
   rows: 4
   cols: 4
   dt: d
   data: [ 9.9996384274033223e-01, 6.2759668390715007e-03,
       5.7380704268087251e-03, -1.9892500880963823e-02,
       -5.7530746913891304e-03, 2.3753147546914377e-03,
       9.9998062981810365e-01, 3.0237711336285330e-02,
       6.2622155491039964e-03, -9.9997748480655846e-01,
       2.4113349758049241e-03, 3.2340519633393273e-02, 0., 0., 0., 1. ]
Hobj2base13: !!opencv-matrix
   rows: 4
   cols: 4
   dt: d
   data: [ 9.9999561280789750e-01, 2.6766502786847359e-03,
       -1.2688215963014978e-03, -7.3539807624974540e-01,
       2.6864920499860417e-03, -9.9996581896600967e-01,
       7.8194411631051664e-03, 8.7033664235963315e-02,
       -1.2478483172990026e-03, -7.8228155368459656e-03,
       -9.9996862272356024e-01, 3.6677742684476948e-04, 0., 0., 0., 1. ]
mean-rme13: 2.1355090693276099e-03
max-rme13: 9.0786891995150443e-03
Hcamera2end14: !!opencv-matrix
   rows: 4
   cols: 4
   dt: d
   data: [ 9.9996078142349254e-01, 6.8602682060655475e-03,
       5.6011012362729368e-03, -1.9791093978322832e-02,
       -5.6201320047900658e-03, 2.7579264753567756e-03,
       9.9998040378689690e-01, 2.9790475950685232e-02,
       6.8446863453971657e-03, -9.9997266490724512e-01,
       2.7963739263126008e-03, 3.2235300042655436e-02, 0., 0., 0., 1. ]
Hobj2base14: !!opencv-matrix
   rows: 4
   cols: 4
   dt: d
   data: [ 9.9999323187776201e-01, 3.3176297222007509e-03,
       -1.5904501547728824e-03, -7.3557681529968466e-01,
       3.3303415745664570e-03, -9.9996199020035559e-01,
       8.0577279391069821e-03, 8.6900633087726997e-02,
       -1.5636571443769663e-03, -8.0629701456920461e-03,
       -9.9996627117556547e-01, 9.0820606166457378e-04, 0., 0., 0., 1. ]
mean-rme14: 2.0901197180134877e-03
max-rme14: 9.0423949090845945e-03
Hcamera2end15: !!opencv-matrix
   rows: 4
   cols: 4
   dt: d
   data: [ 9.9997089513297133e-01, 5.7067439575570165e-03,
       5.0637891313558073e-03, -1.9773156291034995e-02,
       -5.0819144485885429e-03, 3.1661098561881484e-03,
       9.9998207478630141e-01, 3.0017163443488652e-02,
       5.6906091502736088e-03, -9.9997870418413493e-01,
       3.1950188915540467e-03, 3.1857183902596849e-02, 0., 0., 0., 1. ]
Hobj2base15: !!opencv-matrix
   rows: 4
   cols: 4
   dt: d
   data: [ 9.9999509072130244e-01, 2.3289902151645953e-03,
       -2.0962676050118052e-03, -7.3527118622367749e-01,
       2.3441363534956352e-03, -9.9997095585017926e-01,
       7.2520673490206310e-03, 8.7150170156508652e-02,
       -2.0793167268058372e-03, -7.2569456837004442e-03,
       -9.9997150618469788e-01, 7.5883249186506482e-04, 0., 0., 0., 1. ]
mean-rme15: 2.1717339226751666e-03
max-rme15: 9.5120456018138733e-03
Hcamera2end16: !!opencv-matrix
   rows: 4
   cols: 4
   dt: d
   data: [ 9.9997548001181669e-01, 5.1639419519051068e-03,
       4.7300188851760686e-03, -1.9755368836071013e-02,
       -4.7487866817534797e-03, 3.6282017120816690e-03,
       9.9998214242924766e-01, 3.0163883257348607e-02,
       5.1466882738289629e-03, -9.9998008472961808e-01,
       3.6526352073851243e-03, 3.1864326004833014e-02, 0., 0., 0., 1. ]
Hobj2base16: !!opencv-matrix
   rows: 4
   cols: 4
   dt: d
   data: [ 9.9999531432707955e-01, 2.0050152577337512e-03,
       -2.3132742383075097e-03, -7.3539080165879400e-01,
       2.0208374658737724e-03, -9.9997444304377758e-01,
       6.8578039650866824e-03, 8.7169427902802341e-02,
       -2.2994651164745250e-03, -6.8624465829099620e-03,
       -9.9997380930056123e-01, 6.3255144494046714e-04, 0., 0., 0., 1. ]
mean-rme16: 2.1909375813334892e-03
max-rme16: 9.6872844347836717e-03
Hcamera2end17: !!opencv-matrix
   rows: 4
   cols: 4
   dt: d
   data: [ 9.9998614451353862e-01, 4.1184714285356222e-03,
       3.2785628010865873e-03, -1.9265089107520471e-02,
       -3.2962953769386507e-03, 4.3062370979937148e-03,
       9.9998529527130742e-01, 3.0035365381558776e-02,
       4.1042925987684964e-03, -9.9998224709999139e-01,
       4.3197531313138304e-03, 3.1040219822113305e-02, 0., 0., 0., 1. ]
Hobj2base17: !!opencv-matrix
   rows: 4
   cols: 4
   dt: d
   data: [ 9.9999392655726282e-01, 1.6477610880850767e-03,
       -3.0711124994580626e-03, -7.3481438661367282e-01,
       1.6647131474322517e-03, -9.9998334873407413e-01,
       5.5254850215530355e-03, 8.7007407607038831e-02,
       -3.0619566823358348e-03, -5.5305639841912533e-03,
       -9.9998001844201467e-01, 9.0077880191328521e-04, 0., 0., 0., 1. ]
mean-rme17: 2.2460607302964603e-03
max-rme17: 9.9977104890096036e-03
Hcamera2end18: !!opencv-matrix
   rows: 4
   cols: 4
   dt: d
   data: [ 9.9998680280735996e-01, 3.9495270726123870e-03,
       3.2856425576947702e-03, -1.9276870676120321e-02,
       -3.3032451011001818e-03, 4.4586437586054961e-03,
       9.9998460441530590e-01, 2.9925583451454820e-02,
       3.9348167576509644e-03, -9.9998226070852703e-01,
       4.4716311729792180e-03, 3.0959275027228006e-02, 0., 0., 0., 1. ]
Hobj2base18: !!opencv-matrix
   rows: 4
   cols: 4
   dt: d
   data: [ 9.9999392324459113e-01, 1.0826624831362726e-03,
       -3.3138068498778819e-03, -7.3477636637930432e-01,
       1.1002279909587856e-03, -9.9998533119952171e-01,
       5.3034784953491960e-03, 8.7126783952193462e-02,
       -3.3080163631093429e-03, -5.3070922104604297e-03,
       -9.9998044570882016e-01, 1.0423205680489059e-03, 0., 0., 0., 1. ]
mean-rme18: 2.1921597796983792e-03
max-rme18: 1.0103194013273725e-02
Hcamera2end19: !!opencv-matrix
   rows: 4
   cols: 4
   dt: d
   data: [ 9.9998493696519275e-01, 4.4995875521013206e-03,
       3.1431758749004349e-03, -1.9230126463919500e-02,
       -3.1649810404326410e-03, 4.8471461991280718e-03,
       9.9998324389398530e-01, 2.9233347429062206e-02,
       4.4842767235400609e-03, -9.9997812920362672e-01,
       4.8613142956883681e-03, 3.0716177756469523e-02, 0., 0., 0., 1. ]
Hobj2base19: !!opencv-matrix
   rows: 4
   cols: 4
   dt: d
   data: [ 9.9999041221205520e-01, 1.4638609763162737e-03,
       -4.1270564578044381e-03, -7.3489543778998156e-01,
       1.4869731562424601e-03, -9.9998319938382996e-01,
       5.6026655185560069e-03, 8.7141903617014377e-02,
       -4.1187855972970094e-03, -5.6087486235541426e-03,
       -9.9997578847894220e-01, 1.9161393484632661e-03, 0., 0., 0., 1. ]
mean-rme19: 2.2931162189470835e-03
max-rme19: 1.0271700576169940e-02
Hcamera2end20: !!opencv-matrix
   rows: 4
   cols: 4
   dt: d
   data: [ 9.9998660094943015e-01, 4.1978731626939100e-03,
       3.0291554128226350e-03, -1.9328523720727388e-02,
       -3.0490288138354171e-03, 4.7358737690679220e-03,
       9.9998413733565594e-01, 2.9362886561761573e-02,
       4.1834608755789539e-03, -9.9997997447976594e-01,
       4.7486097490857526e-03, 3.0816810914731908e-02, 0., 0., 0., 1. ]
Hobj2base20: !!opencv-matrix
   rows: 4
   cols: 4
   dt: d
   data: [ 9.9999087466433956e-01, 1.4278828602158271e-03,
       -4.0263803330812002e-03, -7.3495467711007700e-01,
       1.4506922801086398e-03, -9.9998288576112659e-01,
       5.6677752917857829e-03, 8.7173647474428587e-02,
       -4.0182185054516888e-03, -5.6735646102997802e-03,
       -9.9997583200028139e-01, 1.7553944626987423e-03, 0., 0., 0., 1. ]
mean-rme20: 2.2711891078084148e-03
max-rme20: 1.0440170258129683e-02
Hcamera2end21: !!opencv-matrix
   rows: 4
   cols: 4
   dt: d
   data: [ 9.9998823296483841e-01, 3.9084978089428584e-03,
       2.8735999612930631e-03, -1.9267789671844261e-02,
       -2.8927338287871034e-03, 4.8986417190841625e-03,
       9.9998381756921650e-01, 2.9285771276021281e-02,
       3.8943578232932476e-03, -9.9998036328429263e-01,
       4.9098903204265465e-03, 3.0623636757619480e-02, 0., 0., 0., 1. ]
Hobj2base21: !!opencv-matrix
   rows: 4
   cols: 4
   dt: d
   data: [ 9.9999011728264475e-01, 1.0893680604346120e-03,
       -4.3102916689365658e-03, -7.3481588795190056e-01,
       1.1121790395886458e-03, -9.9998537159429302e-01,
       5.2933595388263439e-03, 8.7223209210288186e-02,
       -4.3044621994273230e-03, -5.2981010420988673e-03,
       -9.9997670059382937e-01, 1.8737184550460867e-03, 0., 0., 0., 1. ]
mean-rme21: 2.2245715529112674e-03
max-rme21: 1.0505504009312439e-02
Hcamera2end22: !!opencv-matrix
   rows: 4
   cols: 4
   dt: d
   data: [ 9.9998906729339843e-01, 3.8480282027083526e-03,
       2.6566845183671091e-03, -1.9268508580243586e-02,
       -2.6754441125241375e-03, 4.8782031469180032e-03,
       9.9998452244665159e-01, 2.9313270828474083e-02,
       3.8350087978686930e-03, -9.9998069772021514e-01,
       4.8884449993540358e-03, 3.0652674228678400e-02, 0., 0., 0., 1. ]
Hobj2base22: !!opencv-matrix
   rows: 4
   cols: 4
   dt: d
   data: [ 9.9999060879751511e-01, 1.1196482736301901e-03,
       -4.1867295731115488e-03, -7.3484512494710086e-01,
       1.1409658257335365e-03, -9.9998638081004443e-01,
       5.0927783589625134e-03, 8.7188481051785963e-02,
       -4.1809704327486060e-03, -5.0975074470142427e-03,
       -9.9997826721587724e-01, 1.8035849334584425e-03, 0., 0., 0., 1. ]
mean-rme22: 2.1730948510163702e-03
max-rme22: 1.0631089841552505e-02
Hcamera2end23: !!opencv-matrix
   rows: 4
   cols: 4
   dt: d
   data: [ 9.9998945010922646e-01, 3.9237610441209044e-03,
       2.3882565849315932e-03, -1.9208870059307395e-02,
       -2.4064124734305596e-03, 4.6289779675968701e-03,
       9.9998639077838625e-01, 2.9342442857612290e-02,
       3.9126524576746785e-03, -9.9998158816162419e-01,
       4.6383713199042997e-03, 3.0903883576819360e-02, 0., 0., 0., 1. ]
Hobj2base23: !!opencv-matrix
   rows: 4
   cols: 4
   dt: d
   data: [ 9.9999148624958623e-01, 1.2101166203835228e-03,
       -3.9450026753664793e-03, -7.3498371730851764e-01,
       1.2285415254130862e-03, -9.9998833443179991e-01,
       4.6713687538617937e-03, 8.6988427349084393e-02,
       -3.9393037536997327e-03, -4.6761755825986866e-03,
       -9.9998130745922253e-01, 1.6513742032761933e-03, 0., 0., 0., 1. ]
mean-rme23: 2.1548123491308261e-03
max-rme23: 1.0594500194660461e-02
Hcamera2end24: !!opencv-matrix
   rows: 4
   cols: 4
   dt: d
   data: [ 9.9999071529632566e-01, 3.7422003447668325e-03,
       2.1366463728609017e-03, -1.9236118131647856e-02,
       -2.1537694785685813e-03, 4.5776413198336252e-03,
       9.9998720315661049e-01, 2.9389906804237313e-02,
       3.7323716556928073e-03, -9.9998252041549540e-01,
       4.5856586546756395e-03, 3.1003134803872734e-02, 0., 0., 0., 1. ]
Hobj2base24: !!opencv-matrix
   rows: 4
   cols: 4
   dt: d
   data: [ 9.9999222661020304e-01, 9.3758419098886393e-04,
       -3.8298374708497086e-03, -7.3504587497840146e-01,
       9.5425613720603040e-04, -9.9999006743554597e-01,
       4.3536680484653452e-03, 8.6981806880953180e-02,
       -3.8257175004071278e-03, -4.3572888516176184e-03,
       -9.9998318881842718e-01, 1.5390784841792405e-03, 0., 0., 0., 1. ]
mean-rme24: 2.1309860884856286e-03
max-rme24: 1.0786421247548333e-02
