%YAML:1.0
---
Hcamera2end0: !!opencv-matrix
   rows: 4
   cols: 4
   dt: d
   data: [ 9.9998602023527161e-01, 4.6026743532791726e-03,
       -2.6028297717495342e-03, -1.6225119841752841e-02,
       2.5309036149738623e-03, 1.5564410497741488e-02,
       9.9987566409666639e-01, 2.8081443863623646e-02,
       4.6426135866289601e-03, -9.9986827358140307e-01,
       1.5552543985785316e-02, 3.2637618641592397e-02, 0., 0., 0., 1. ]
Hobj2base0: !!opencv-matrix
   rows: 4
   cols: 4
   dt: d
   data: [ 9.9989265407570549e-01, 3.2494038426680301e-03,
       -1.4287116577842261e-02, -7.3839929445673125e-01,
       3.1960654375306967e-03, -9.9998784410813180e-01,
       -3.7545707730331128e-03, 8.6127132997076861e-02,
       -1.4299143021895494e-02, 3.7085051756667389e-03,
       -9.9989088479603683e-01, 4.4048740943367541e-03, 0., 0., 0., 1. ]
mean-rme0: 1.5435743426132362e-03
max-rme0: 4.3832461648512511e-03
Hcamera2end1: !!opencv-matrix
   rows: 4
   cols: 4
   dt: d
   data: [ 9.9993055295311828e-01, 8.1459360028274409e-03,
       -8.5166306429843349e-03, -1.5397942964775087e-02,
       8.5456110904888628e-03, -3.5294911419012642e-03,
       9.9995725669818980e-01, 2.9232781231074232e-02,
       8.1155284462130859e-03, -9.9996059243298041e-01,
       -3.5988580302126483e-03, 3.2211778436680716e-02, 0., 0., 0., 1. ]
Hobj2base1: !!opencv-matrix
   rows: 4
   cols: 4
   dt: d
   data: [ 9.9997603161131166e-01, 6.0056470520077091e-03,
       3.4450553521984690e-03, -7.3301061284208646e-01,
       6.0354041735978655e-03, -9.9994399893638830e-01,
       -8.6932667948314089e-03, 8.4930449425926938e-02,
       3.3926537333358485e-03, 8.7138507326848334e-03,
       -9.9995627839723800e-01, -8.4501225843681374e-04, 0., 0., 0., 1. ]
mean-rme1: 1.8222648982688552e-03
max-rme1: 5.3629998955623259e-03
Hcamera2end2: !!opencv-matrix
   rows: 4
   cols: 4
   dt: d
   data: [ 9.9997238868760296e-01, 6.5727917819781972e-03,
       -3.4670261897232100e-03, -1.3732845377670493e-02,
       3.5080086287609027e-03, -6.2339232818711121e-03,
       9.9997441571071033e-01, 2.9052247604190715e-02,
       6.5510104464888324e-03, -9.9995896746251878e-01,
       -6.2568085653540439e-03, 3.2297865930463771e-02, 0., 0., 0., 1. ]
Hobj2base2: !!opencv-matrix
   rows: 4
   cols: 4
   dt: d
   data: [ 9.9997024277420810e-01, 4.1402205091187680e-03,
       6.5093886216113896e-03, -7.3211713041089832e-01,
       4.1673919405882959e-03, -9.9998263773054075e-01,
       -4.1661831313391543e-03, 8.8350847978056160e-02,
       6.4920266870070109e-03, 4.1931863309668848e-03,
       -9.9997013494298392e-01, -6.4357089456260064e-04, 0., 0., 0., 1. ]
mean-rme2: 1.9172069131830258e-03
max-rme2: 5.9034420997063353e-03
Hcamera2end3: !!opencv-matrix
   rows: 4
   cols: 4
   dt: d
   data: [ 9.9991055477921575e-01, 1.2733825910830349e-02,
       4.0904912655621174e-03, -1.8088696539655787e-02,
       -4.0494004551888674e-03, -3.2510147539202006e-03,
       9.9998651653860993e-01, 2.8871590179287147e-02,
       1.2746952462235455e-02, -9.9991363656104948e-01,
       -3.1991596057483473e-03, 3.2157901034525066e-02, 0., 0., 0., 1. ]
Hobj2base3: !!opencv-matrix
   rows: 4
   cols: 4
   dt: d
   data: [ 9.9994778463276446e-01, 9.7529791183854648e-03,
       3.0508042124775883e-03, -7.3336996325528725e-01,
       9.7434939792696660e-03, -9.9994769901750025e-01,
       3.1086258512109631e-03, 8.5200019388039172e-02,
       3.0809630154335953e-03, -3.0787380406943387e-03,
       -9.9999051447449983e-01, 6.0457765348493405e-04, 0., 0., 0., 1. ]
mean-rme3: 2.3146030825514710e-03
max-rme3: 5.7642611078115025e-03
Hcamera2end4: !!opencv-matrix
   rows: 4
   cols: 4
   dt: d
   data: [ 9.9990528264838130e-01, 1.2198590933522430e-02,
       6.3733908633716776e-03, -1.8679846452590791e-02,
       -6.3072782786915259e-03, -5.4505103900093221e-03,
       9.9996525448497631e-01, 2.9681380603035951e-02,
       1.2232905320318279e-02, -9.9991073917411499e-01,
       -5.3730542244745383e-03, 3.2017054579588103e-02, 0., 0., 0., 1. ]
Hobj2base4: !!opencv-matrix
   rows: 4
   cols: 4
   dt: d
   data: [ 9.9994414785898944e-01, 9.5640948745998895e-03,
       4.4976940524030732e-03, -7.3273236686736731e-01,
       9.5440275962185416e-03, -9.9994449871047952e-01,
       4.4621783794082642e-03, 8.5157108713329766e-02,
       4.5401211219513477e-03, -4.4190030410367204e-03,
       -9.9997992965475091e-01, -4.5694618433408387e-04, 0., 0., 0., 1. ]
mean-rme4: 2.3139111340462785e-03
max-rme4: 5.6893942057429925e-03
Hcamera2end5: !!opencv-matrix
   rows: 4
   cols: 4
   dt: d
   data: [ 9.9992148260707603e-01, 1.0938081629531717e-02,
       6.1144902594212937e-03, -1.7814544649574517e-02,
       -6.0561260681987533e-03, -5.3610590482495724e-03,
       9.9996729065651313e-01, 2.9322150447700066e-02,
       1.0970503995393312e-02, -9.9992580595569547e-01,
       -5.2943957105771045e-03, 3.2032950943610125e-02, 0., 0., 0., 1. ]
Hobj2base5: !!opencv-matrix
   rows: 4
   cols: 4
   dt: d
   data: [ 9.9994797242342226e-01, 9.4270260416681670e-03,
       3.8966172889535991e-03, -7.3284151036164213e-01,
       9.4123812953419740e-03, -9.9994863443868831e-01,
       3.7597290532525285e-03, 8.5925879930896315e-02,
       3.9318602007139625e-03, -3.7228569959756454e-03,
       -9.9998534029812136e-01, -2.0980155438191346e-05, 0., 0., 0., 1. ]
mean-rme5: 2.2249097101687300e-03
max-rme5: 5.9126570724281624e-03
Hcamera2end6: !!opencv-matrix
   rows: 4
   cols: 4
   dt: d
   data: [ 9.9990179585834837e-01, 1.3073369550494764e-02,
       5.0483311941592326e-03, -1.8260318646668803e-02,
       -4.9568334564715644e-03, -7.0217583922327353e-03,
       9.9996306167336291e-01, 2.8796513411452253e-02,
       1.3108334804029419e-02, -9.9988988489617048e-01,
       -6.9562663109001832e-03, 3.2003835071314539e-02, 0., 0., 0., 1. ]
Hobj2base6: !!opencv-matrix
   rows: 4
   cols: 4
   dt: d
   data: [ 9.9992178119791175e-01, 1.1685458362018116e-02,
       4.4588730487640366e-03, -7.3291516292127612e-01,
       1.1671157189653180e-02, -9.9992670514362869e-01,
       3.2200047298945951e-03, 8.4989487267892183e-02,
       4.4961734675010353e-03, -3.1677126567410713e-03,
       -9.9998487489595256e-01, 6.9283521121758784e-04, 0., 0., 0., 1. ]
mean-rme6: 2.3307598442609311e-03
max-rme6: 6.5975658633362078e-03
Hcamera2end7: !!opencv-matrix
   rows: 4
   cols: 4
   dt: d
   data: [ 9.9990137788136446e-01, 1.2912187826137124e-02,
       5.5235782325672401e-03, -1.6295953521844899e-02,
       -5.4280989574099891e-03, -7.4178954137986697e-03,
       9.9995775439232337e-01, 2.7654412799871249e-02,
       1.2952615668555094e-02, -9.9988911896928456e-01,
       -7.3470752119602079e-03, 3.1741406731069767e-02, 0., 0., 0., 1. ]
Hobj2base7: !!opencv-matrix
   rows: 4
   cols: 4
   dt: d
   data: [ 9.9991710817986978e-01, 1.1588551601797590e-02,
       5.6109037577749682e-03, -7.3246770600502431e-01,
       1.1568354095795107e-02, -9.9992653581345503e-01,
       3.6188616467698175e-03, 8.7482483477210077e-02,
       5.6524289222279773e-03, -3.5536527512737490e-03,
       -9.9997771055129192e-01, 1.0480403866793618e-03, 0., 0., 0., 1. ]
mean-rme7: 2.3209583429760271e-03
max-rme7: 6.6326516457961837e-03
Hcamera2end8: !!opencv-matrix
   rows: 4
   cols: 4
   dt: d
   data: [ 9.9989329889405543e-01, 1.3357183281778189e-02,
       5.9140917764433270e-03, -1.6238137290170714e-02,
       -5.8139339495285672e-03, -7.5248486555163918e-03,
       9.9995478639023572e-01, 2.6962826508934296e-02,
       1.3401082000858308e-02, -9.9988247424759302e-01,
       -7.4463879644908193e-03, 3.1765557333788608e-02, 0., 0., 0., 1. ]
Hobj2base8: !!opencv-matrix
   rows: 4
   cols: 4
   dt: d
   data: [ 9.9991392067086260e-01, 1.2006919279593816e-02,
       5.2900981122526412e-03, -7.3249299534270729e-01,
       1.1986599815461388e-02, -9.9992072264256970e-01,
       3.8561450731072681e-03, 8.7432347818176631e-02,
       5.3359791498769574e-03, -3.7924028496702186e-03,
       -9.9997857227399511e-01, 1.8244059476472515e-03, 0., 0., 0., 1. ]
mean-rme8: 2.2814935505507004e-03
max-rme8: 6.6322065522693707e-03
Hcamera2end9: !!opencv-matrix
   rows: 4
   cols: 4
   dt: d
   data: [ 9.9988880135938596e-01, 1.3886354802045701e-02,
       5.4363651829240234e-03, -1.6032916121487668e-02,
       -5.3313367319346543e-03, -7.5892821284000433e-03,
       9.9995698889773577e-01, 2.6451391758547597e-02,
       1.3927015643745452e-02, -9.9987477813328574e-01,
       -7.5144053771152297e-03, 3.1768051660352577e-02, 0., 0., 0., 1. ]
Hobj2base9: !!opencv-matrix
   rows: 4
   cols: 4
   dt: d
   data: [ 9.9989941813475558e-01, 1.3249755964237610e-02,
       5.0594051691215617e-03, -7.3257735426547532e-01,
       1.3231189275506939e-02, -9.9990567101314776e-01,
       3.6857436295211917e-03, 8.7135332107047020e-02,
       5.1077631241957817e-03, -3.6184309631379966e-03,
       -9.9998040866470572e-01, 2.3241712214072119e-03, 0., 0., 0., 1. ]
mean-rme9: 2.2096240963906276e-03
max-rme9: 6.7019084999250245e-03
Hcamera2end10: !!opencv-matrix
   rows: 4
   cols: 4
   dt: d
   data: [ 9.9994107359527540e-01, 1.0072556200740011e-02,
       4.0488206568019139e-03, -1.5837062134923384e-02,
       -3.9836179244348083e-03, -6.4849684280916531e-03,
       9.9997103756694827e-01, 2.6035153244375143e-02,
       1.0098520949135752e-02, -9.9992824182341689e-01,
       -6.4444610767913080e-03, 3.1888999270662383e-02, 0., 0., 0., 1. ]
Hobj2base10: !!opencv-matrix
   rows: 4
   cols: 4
   dt: d
   data: [ 9.9994270088305415e-01, 9.5890937350463674e-03,
       4.7585955956885263e-03, -7.3249295912760570e-01,
       9.5785432486265275e-03, -9.9995162696567341e-01,
       2.2350028943079162e-03, 8.7786219068788307e-02,
       4.7797970602320465e-03, -2.1892944168996746e-03,
       -9.9998618016951601e-01, 2.6296908799172264e-03, 0., 0., 0., 1. ]
mean-rme10: 2.2309338723887190e-03
max-rme10: 6.4060852617535691e-03
Hcamera2end11: !!opencv-matrix
   rows: 4
   cols: 4
   dt: d
   data: [ 9.9993688838680139e-01, 1.0507166981276567e-02,
       3.9772710932238419e-03, -1.6241914112141181e-02,
       -3.9071642393312400e-03, -6.6844113510711178e-03,
       9.9997002590702522e-01, 2.5953806311948914e-02,
       1.0533437754518402e-02, -9.9992245603692553e-01,
       -6.6429362600015640e-03, 3.1926348588108167e-02, 0., 0., 0., 1. ]
Hobj2base11: !!opencv-matrix
   rows: 4
   cols: 4
   dt: d
   data: [ 9.9993706611151323e-01, 9.9379852444453718e-03,
       5.2057915421524483e-03, -7.3254932925086802e-01,
       9.9252009999649584e-03, -9.9994767883583968e-01,
       2.4758788191175680e-03, 8.7323438055699698e-02,
       5.2301244162500119e-03, -2.4240544750162782e-03,
       -9.9998338474121296e-01, 2.7940438003653699e-03, 0., 0., 0., 1. ]
mean-rme11: 2.1474495351215556e-03
max-rme11: 6.4708956905385473e-03
Hcamera2end12: !!opencv-matrix
   rows: 4
   cols: 4
   dt: d
   data: [ 9.9993703910498910e-01, 1.0453999176388276e-02,
       4.0782014623516657e-03, -1.6140758887439998e-02,
       -4.0048254509673694e-03, -7.0302922743270546e-03,
       9.9996726764611876e-01, 2.6263360701581091e-02,
       1.0482327940621683e-02, -9.9992064129697689e-01,
       -6.9879831988672869e-03, 3.1865148682124124e-02, 0., 0., 0., 1. ]
Hobj2base12: !!opencv-matrix
   rows: 4
   cols: 4
   dt: d
   data: [ 9.9993615453953066e-01, 1.0000198427738473e-02,
       5.2614519005501599e-03, -7.3253633088848968e-01,
       9.9870016343571091e-03, -9.9994693176568528e-01,
       2.5285273870266651e-03, 8.7534800862038131e-02,
       5.2864584601881046e-03, -2.4758198233014450e-03,
       -9.9998296169142353e-01, 2.5000528094679458e-03, 0., 0., 0., 1. ]
mean-rme12: 2.1178725902293964e-03
max-rme12: 6.7003790435796184e-03
Hcamera2end13: !!opencv-matrix
   rows: 4
   cols: 4
   dt: d
   data: [ 9.9994887794075493e-01, 9.2102960000599275e-03,
       4.1727631871917069e-03, -1.6600467840200580e-02,
       -4.1152258467017947e-03, -6.2572036081587346e-03,
       9.9997195576637876e-01, 2.6383546282759001e-02,
       9.2361475332380719e-03, -9.9993800700373281e-01,
       -6.2189812788699950e-03, 3.1929274996181610e-02, 0., 0., 0., 1. ]
Hobj2base13: !!opencv-matrix
   rows: 4
   cols: 4
   dt: d
   data: [ 9.9995244246037307e-01, 8.3796332943897635e-03,
       4.9894451982035893e-03, -7.3270821639215200e-01,
       8.3669077062541383e-03, -9.9996170468072831e-01,
       2.5659359787422562e-03, 8.7412297948985529e-02,
       5.0107557283654760e-03, -2.5240677216614850e-03,
       -9.9998426058071899e-01, 2.5870702233402160e-03, 0., 0., 0., 1. ]
mean-rme13: 2.0620202579415456e-03
max-rme13: 6.5597235350280392e-03
Hcamera2end14: !!opencv-matrix
   rows: 4
   cols: 4
   dt: d
   data: [ 9.9993575038458005e-01, 9.2127677987355223e-03,
       6.6045448225745141e-03, -1.6201329299560478e-02,
       -6.5497136356794305e-03, -5.9691802282213491e-03,
       9.9996073429844923e-01, 2.6719129717884704e-02,
       9.2518297713159916e-03, -9.9993974508311745e-01,
       -5.9084557198134657e-03, 3.1695843625286151e-02, 0., 0., 0., 1. ]
Hobj2base14: !!opencv-matrix
   rows: 4
   cols: 4
   dt: d
   data: [ 9.9995617385456737e-01, 8.0984023188777933e-03,
       4.6974727264558784e-03, -7.3259005684733680e-01,
       8.0764953730202114e-03, -9.9995650803588276e-01,
       4.6639317290628288e-03, 8.8837796377781927e-02,
       4.7350388196703468e-03, -4.6257882101724736e-03,
       -9.9997809050539255e-01, 2.1307946746811496e-03, 0., 0., 0., 1. ]
mean-rme14: 2.0903376444431441e-03
max-rme14: 6.5155045476686380e-03
Hcamera2end15: !!opencv-matrix
   rows: 4
   cols: 4
   dt: d
   data: [ 9.9993685345667593e-01, 9.0984327301377593e-03,
       6.5960307016685680e-03, -1.6209425323679208e-02,
       -6.5416888517015083e-03, -5.9895459012357932e-03,
       9.9996066504981318e-01, 2.6703737607029536e-02,
       9.1375820723931436e-03, -9.9994067017086175e-01,
       -5.9296485661572973e-03, 3.1693614184896746e-02, 0., 0., 0., 1. ]
Hobj2base15: !!opencv-matrix
   rows: 4
   cols: 4
   dt: d
   data: [ 9.9995376520403345e-01, 8.2452918276816802e-03,
       4.9479912038222348e-03, -7.3258432083603464e-01,
       8.2216972526401883e-03, -9.9995482409045522e-01,
       4.7700600115158174e-03, 8.8835666275757827e-02,
       4.9870982106496832e-03, -4.7291585830778835e-03,
       -9.9997638167635450e-01, 2.1043036746062629e-03, 0., 0., 0., 1. ]
mean-rme15: 2.0120954683894342e-03
max-rme15: 6.5413405450707729e-03
Hcamera2end16: !!opencv-matrix
   rows: 4
   cols: 4
   dt: d
   data: [ 9.9993738818937750e-01, 9.3069952048137061e-03,
       6.2128529085838033e-03, -1.6087960759204181e-02,
       -6.1567917826495641e-03, -6.0401368296796321e-03,
       9.9996280463926479e-01, 2.6642139973418421e-02,
       9.3441755094402171e-03, -9.9993844639924556e-01,
       -5.9824574141782438e-03, 3.1696995484651200e-02, 0., 0., 0., 1. ]
Hobj2base16: !!opencv-matrix
   rows: 4
   cols: 4
   dt: d
   data: [ 9.9994972290359641e-01, 8.7378067926709262e-03,
       4.9195932224940214e-03, -7.3261361315172902e-01,
       8.7161108281072486e-03, -9.9995227003348530e-01,
       4.4144158063973583e-03, 8.8770850158007772e-02,
       4.9579307228930589e-03, -4.3713141426318311e-03,
       -9.9997815502920528e-01, 2.1363942181335097e-03, 0., 0., 0., 1. ]
mean-rme16: 1.9473302655964708e-03
max-rme16: 6.5748760261946093e-03
Hcamera2end17: !!opencv-matrix
   rows: 4
   cols: 4
   dt: d
   data: [ 9.9993448638367854e-01, 9.5882853725551137e-03,
       6.2520176122210728e-03, -1.6188579375609295e-02,
       -6.2002516725049098e-03, -5.4191297069128286e-03,
       9.9996609438141315e-01, 2.6857550770733239e-02,
       9.6218407701789011e-03, -9.9993934706902798e-01,
       -5.3593248977108487e-03, 3.1705405163630844e-02, 0., 0., 0., 1. ]
Hobj2base17: !!opencv-matrix
   rows: 4
   cols: 4
   dt: d
   data: [ 9.9995353534179976e-01, 8.5946367462324761e-03,
       4.3657045979217405e-03, -7.3282666338892544e-01,
       8.5751798942916933e-03, -9.9995330370147806e-01,
       4.4560864309618337e-03, 8.8637604876550966e-02,
       4.4037991798605092e-03, -4.4184426781363924e-03,
       -9.9998054176923046e-01, 2.0797665302917621e-03, 0., 0., 0., 1. ]
mean-rme17: 1.9238252533171694e-03
max-rme17: 6.4252388279079087e-03
Hcamera2end18: !!opencv-matrix
   rows: 4
   cols: 4
   dt: d
   data: [ 9.9994848234813316e-01, 8.7564157566243622e-03,
       5.1339879978872585e-03, -1.6207020834606366e-02,
       -5.0913480350743365e-03, -4.8849278736378121e-03,
       9.9997510751760965e-01, 2.5888322620557722e-02,
       8.7812769487731392e-03, -9.9994973006785004e-01,
       -4.8400942534674307e-03, 3.1786058321592092e-02, 0., 0., 0., 1. ]
Hobj2base18: !!opencv-matrix
   rows: 4
   cols: 4
   dt: d
   data: [ 9.9996436709177150e-01, 7.4194943023466872e-03,
       4.0268661574899946e-03, -7.3289551123339025e-01,
       7.4042352725269744e-03, -9.9996540191505212e-01,
       3.7910780652950717e-03, 8.8635890475325593e-02,
       4.0548547177378129e-03, -3.7611271137172509e-03,
       -9.9998470592107158e-01, 3.1154990513770054e-03, 0., 0., 0., 1. ]
mean-rme18: 2.0262667599021691e-03
max-rme18: 7.7592748416758506e-03
Hcamera2end19: !!opencv-matrix
   rows: 4
   cols: 4
   dt: d
   data: [ 9.9995391774819142e-01, 9.0028054361296385e-03,
       3.3334478130621825e-03, -1.5423919520066215e-02,
       -3.2841076567103954e-03, -5.4897651549381532e-03,
       9.9997953834838182e-01, 2.6442412100327790e-02,
       9.0209210695111723e-03, -9.9994440444097843e-01,
       -5.4599459919333349e-03, 3.1793178086967945e-02, 0., 0., 0., 1. ]
Hobj2base19: !!opencv-matrix
   rows: 4
   cols: 4
   dt: d
   data: [ 9.9995892341631876e-01, 7.7104607174118414e-03,
       4.7644806224924965e-03, -7.3270128058837702e-01,
       7.7006983956648496e-03, -9.9996821919581858e-01,
       2.0639386044331350e-03, 8.8746102248319886e-02,
       4.7802431209994379e-03, -2.0271639966005324e-03,
       -9.9998651985006060e-01, 2.2411334857934538e-03, 0., 0., 0., 1. ]
mean-rme19: 2.0426721604279341e-03
max-rme19: 7.9049657697099762e-03
Hcamera2end20: !!opencv-matrix
   rows: 4
   cols: 4
   dt: d
   data: [ 9.9995683651683165e-01, 8.7234736717323250e-03,
       3.1978290056086981e-03, -1.5372406618014823e-02,
       -3.1503271325035677e-03, -5.4536105832696524e-03,
       9.9998016658859989e-01, 2.6350109106041117e-02,
       8.7407403695986315e-03, -9.9994707816899209e-01,
       -5.4258933906432549e-03, 3.1777464117942945e-02, 0., 0., 0., 1. ]
Hobj2base20: !!opencv-matrix
   rows: 4
   cols: 4
   dt: d
   data: [ 9.9996101883336241e-01, 7.3350928728640376e-03,
       4.9150001312669696e-03, -7.3254284712445117e-01,
       7.3256649355468682e-03, -9.9997129776676807e-01,
       1.9334621531107291e-03, 8.8857088413675206e-02,
       4.9290411842461022e-03, -1.8973811403805204e-03,
       -9.9998605215163483e-01, 2.1513403780381878e-03, 0., 0., 0., 1. ]
mean-rme20: 2.0800165513719564e-03
max-rme20: 7.7661912002806865e-03
Hcamera2end21: !!opencv-matrix
   rows: 4
   cols: 4
   dt: d
   data: [ 9.9996091487631222e-01, 8.2984378683005153e-03,
       3.0503522214034842e-03, -1.4988569961790814e-02,
       -3.0066867885236589e-03, -5.2692825934330667e-03,
       9.9998159707841949e-01, 2.6633544264707834e-02,
       8.3143583206632642e-03, -9.9995168412773661e-01,
       -5.2441258393669532e-03, 3.1735853661464024e-02, 0., 0., 0., 1. ]
Hobj2base21: !!opencv-matrix
   rows: 4
   cols: 4
   dt: d
   data: [ 9.9996556778779278e-01, 6.7207318118859254e-03,
       4.8677513032048831e-03, -7.3249656036682453e-01,
       6.7119401638929786e-03, -9.9997581809045721e-01,
       1.8201905274875542e-03, 8.9165539531397900e-02,
       4.8798666040649735e-03, -1.7874557988212308e-03,
       -9.9998649586066568e-01, 1.7804227855600487e-03, 0., 0., 0., 1. ]
mean-rme21: 2.0625674573836548e-03
max-rme21: 7.9064740461156358e-03
Hcamera2end22: !!opencv-matrix
   rows: 4
   cols: 4
   dt: d
   data: [ 9.9997812746606785e-01, 6.0723169289285117e-03,
       2.6213654020641694e-03, -1.4829476688309395e-02,
       -2.6027829728982477e-03, -3.0660715021335605e-03,
       9.9999191233046480e-01, 2.6747248211387332e-02,
       6.0803051117918252e-03, -9.9997686281866471e-01,
       -3.0501995162719453e-03, 3.1660783585315481e-02, 0., 0., 0., 1. ]
Hobj2base22: !!opencv-matrix
   rows: 4
   cols: 4
   dt: d
   data: [ 9.9998392009780812e-01, 4.7611845393238624e-03,
       3.0806927148076531e-03, -7.3302224601850097e-01,
       4.7576532293385774e-03, -9.9998801806843440e-01,
       1.1525863580908533e-03, 8.9495263456577587e-02,
       3.0861434785067489e-03, -1.1379109569717432e-03,
       -9.9999459042390981e-01, 1.8635890762600724e-03, 0., 0., 0., 1. ]
mean-rme22: 2.0956574718299223e-03
max-rme22: 7.6856823722598333e-03
Hcamera2end23: !!opencv-matrix
   rows: 4
   cols: 4
   dt: d
   data: [ 9.9998167225526591e-01, 5.6762017701893807e-03,
       2.1061545589057739e-03, -1.4996493663598856e-02,
       -2.0890672880207071e-03, -3.0145850175264943e-03,
       9.9999327401489957e-01, 2.7150882243366811e-02,
       5.6825127741187203e-03, -9.9997934629203011e-01,
       -3.0026717995434993e-03, 3.1731134453828615e-02, 0., 0., 0., 1. ]
Hobj2base23: !!opencv-matrix
   rows: 4
   cols: 4
   dt: d
   data: [ 9.9998607666580175e-01, 4.2394472484042029e-03,
       3.1422223927142215e-03, -7.3309323086390077e-01,
       4.2372205407070250e-03, -9.9999076735468218e-01,
       7.1495977727709288e-04, 8.9048854331426466e-02,
       3.1452244159498573e-03, -7.0163553338729726e-04,
       -9.9999480762199511e-01, 1.5255322302677435e-03, 0., 0., 0., 1. ]
mean-rme23: 2.0908881058784782e-03
max-rme23: 8.0184816470866560e-03
Hcamera2end24: !!opencv-matrix
   rows: 4
   cols: 4
   dt: d
   data: [ 9.9998188637735930e-01, 5.6241569509757000e-03,
       2.1437760538035935e-03, -1.5088757984825207e-02,
       -2.1266266745010778e-03, -3.0534458541038312e-03,
       9.9999307693973749e-01, 2.7318528449106469e-02,
       5.6306639187018144e-03, -9.9997952245383870e-01,
       -3.0414300629442170e-03, 3.1752804733686760e-02, 0., 0., 0., 1. ]
Hobj2base24: !!opencv-matrix
   rows: 4
   cols: 4
   dt: d
   data: [ 9.9998411015894806e-01, 4.3995425561224443e-03,
       3.5246921729069087e-03, -7.3311791403423421e-01,
       4.3971176882436173e-03, -9.9999009082441237e-01,
       6.9542003103866532e-04, 8.8905423432669869e-02,
       3.5277167761342092e-03, -6.7991049462580487e-04,
       -9.9999354644720939e-01, 1.3321796049800031e-03, 0., 0., 0., 1. ]
mean-rme24: 2.0494135259369155e-03
max-rme24: 8.1941545140698235e-03
