%YAML:1.0
---
Hcamera2end0: !!opencv-matrix
   rows: 4
   cols: 4
   dt: d
   data: [ 9.9988416237738431e-01, 1.2826225629746307e-02,
       -8.1944958948913030e-03, -9.5069522085488353e-03,
       8.1172706583199222e-03, 6.0614096189635092e-03,
       9.9994868329854358e-01, 2.8458602691088190e-02,
       1.2875237626394705e-02, -9.9989936856141992e-01,
       5.9565935347222210e-03, 3.1012522728512251e-02, 0., 0., 0., 1. ]
Hobj2base0: !!opencv-matrix
   rows: 4
   cols: 4
   dt: d
   data: [ 9.9992104463748910e-01, 1.1694256104664246e-02,
       -4.5987895397605538e-03, -7.3705780413782451e-01,
       1.1656111087302842e-02, -9.9989814896111406e-01,
       -8.2357014551445781e-03, 8.8381074345885033e-02,
       -4.6946315502863272e-03, 8.1814472006080819e-03,
       -9.9995551118852810e-01, 2.4289446756641428e-04, 0., 0., 0., 1. ]
mean-rme0: 1.3504140539188580e-03
max-rme0: 2.9999600064180565e-03
Hcamera2end1: !!opencv-matrix
   rows: 4
   cols: 4
   dt: d
   data: [ 9.9986121892790958e-01, 1.2621818706548495e-02,
       -1.0873480424132378e-02, -9.3529992449498302e-03,
       1.0793100961973166e-02, 6.4190400017425375e-03,
       9.9992114933982679e-01, 2.7671709538334043e-02,
       1.2690620773611569e-02, -9.9989973778274122e-01,
       6.2819205968658309e-03, 3.0992099860632821e-02, 0., 0., 0., 1. ]
Hobj2base1: !!opencv-matrix
   rows: 4
   cols: 4
   dt: d
   data: [ 9.9992594996160844e-01, 1.1386257950890316e-02,
       -4.2950812856825124e-03, -7.3708895919714223e-01,
       1.1340952041203693e-02, -9.9988130048874257e-01,
       -1.0429177328067835e-02, 8.7971632947702369e-02,
       -4.4133207649060474e-03, 1.0379694736212301e-02,
       -9.9993639024540415e-01, 7.3173229155705705e-04, 0., 0., 0., 1. ]
mean-rme1: 1.2201815441978427e-03
max-rme1: 3.6726224123063700e-03
Hcamera2end2: !!opencv-matrix
   rows: 4
   cols: 4
   dt: d
   data: [ 9.9987636507677136e-01, 1.3453011793076347e-02,
       -8.1407023381552795e-03, -8.3631062242003444e-03,
       8.0833553852906765e-03, 4.3116517748726935e-03,
       9.9995803363175573e-01, 2.7295149584715728e-02,
       1.3487547092714462e-02, -9.9990020808712088e-01,
       4.2023732288105631e-03, 3.1084430917608454e-02, 0., 0., 0., 1. ]
Hobj2base2: !!opencv-matrix
   rows: 4
   cols: 4
   dt: d
   data: [ 9.9993068101684590e-01, 1.1474382412495219e-02,
       -2.6403994846443788e-03, -7.3671302325738897e-01,
       1.1453470729112179e-02, -9.9990395927043418e-01,
       -7.8032200768019273e-03, 8.9658622941253999e-02,
       -2.7296830299616145e-03, 7.7724374273103383e-03,
       -9.9996606844782199e-01, 1.3640693400447795e-03, 0., 0., 0., 1. ]
mean-rme2: 1.2413406385065712e-03
max-rme2: 3.9554891721032548e-03
Hcamera2end3: !!opencv-matrix
   rows: 4
   cols: 4
   dt: d
   data: [ 9.9993005531192114e-01, 1.1414850643406606e-02,
       -3.0960731075235122e-03, -9.7798668107288659e-03,
       3.0482772249576197e-03, 4.2021901455139288e-03,
       9.9998652471117855e-01, 2.7295454677513802e-02,
       1.1427707112899558e-02, -9.9992601865476494e-01,
       4.1671005953923812e-03, 3.1046257794439185e-02, 0., 0., 0., 1. ]
Hobj2base3: !!opencv-matrix
   rows: 4
   cols: 4
   dt: d
   data: [ 9.9994906774780923e-01, 9.4802010339819724e-03,
       -3.4623256118436752e-03, -7.3647382413494356e-01,
       9.4689504189261215e-03, -9.9994988209708935e-01,
       -3.2515030339922641e-03, 9.0054081770073777e-02,
       -3.4929769897696665e-03, 3.2185528380670120e-03,
       -9.9998871995106864e-01, 1.8154459157181575e-03, 0., 0., 0., 1. ]
mean-rme3: 1.3274128485275625e-03
max-rme3: 3.6733259576873234e-03
Hcamera2end4: !!opencv-matrix
   rows: 4
   cols: 4
   dt: d
   data: [ 9.9989089344496862e-01, 1.2512244805227328e-02,
       -7.8514288990308382e-03, -9.5976666452638956e-03,
       7.7818936764085913e-03, 5.5964046229409758e-03,
       9.9995406013781718e-01, 2.8427491124774374e-02,
       1.2555609767412606e-02, -9.9990605758002604e-01,
       5.4984250597845952e-03, 3.0857162451128760e-02, 0., 0., 0., 1. ]
Hobj2base4: !!opencv-matrix
   rows: 4
   cols: 4
   dt: d
   data: [ 9.9993252438099900e-01, 1.0535037791639626e-02,
       -4.8948609552860655e-03, -7.3684623490400103e-01,
       1.0499413169706793e-02, -9.9991861446710040e-01,
       -7.2475351179298883e-03, 8.8638859433638986e-02,
       -4.9708156407823776e-03, 7.1956529184337608e-03,
       -9.9996175605417159e-01, 2.5478375064392209e-04, 0., 0., 0., 1. ]
mean-rme4: 1.4972175946698625e-03
max-rme4: 3.8386774768755516e-03
Hcamera2end5: !!opencv-matrix
   rows: 4
   cols: 4
   dt: d
   data: [ 9.9987079569523185e-01, 1.3530466236984166e-02,
       -8.6786173549514272e-03, -8.9462906475833836e-03,
       8.6546506652468748e-03, 1.8288623436680806e-03,
       9.9996087537682710e-01, 2.8890116748742919e-02,
       1.3545808859066867e-02, -9.9990678652859322e-01,
       1.7115245881613728e-03, 3.0755055943800135e-02, 0., 0., 0., 1. ]
Hobj2base5: !!opencv-matrix
   rows: 4
   cols: 4
   dt: d
   data: [ 9.9992947268785892e-01, 1.1572550382964274e-02,
       -2.6694058916089543e-03, -7.3583993960578020e-01,
       1.1551214186174498e-02, -9.9990227687082345e-01,
       -7.8743989845789630e-03, 8.8934168872047303e-02,
       -2.7602719078967867e-03, 7.8430087451800429e-03,
       -9.9996543345898581e-01, -7.8215388616643575e-04, 0., 0., 0., 1. ]
mean-rme5: 1.6321381627937806e-03
max-rme5: 4.9179020321327149e-03
Hcamera2end6: !!opencv-matrix
   rows: 4
   cols: 4
   dt: d
   data: [ 9.9990208904810907e-01, 1.1094401642400649e-02,
       -8.5279874193440151e-03, -8.7888135723983313e-03,
       8.4972351633100952e-03, 2.8160630062514791e-03,
       9.9995993258916349e-01, 2.9405538821916870e-02,
       1.1117972468341449e-02, -9.9993448987488276e-01,
       2.7215155430903026e-03, 3.0902798399238901e-02, 0., 0., 0., 1. ]
Hobj2base6: !!opencv-matrix
   rows: 4
   cols: 4
   dt: d
   data: [ 9.9994900376798901e-01, 9.1730681410352195e-03,
       -4.2242968984444480e-03, -7.3591362219029788e-01,
       9.1406663994064562e-03, -9.9992913758106972e-01,
       -7.6267971097343798e-03, 8.9747612880343108e-02,
       -4.2939586841333876e-03, 7.5877952830987428e-03,
       -9.9996199291851151e-01, -9.2461946833390562e-04, 0., 0., 0., 1. ]
mean-rme6: 1.6505788957770881e-03
max-rme6: 5.2966487777329208e-03
Hcamera2end7: !!opencv-matrix
   rows: 4
   cols: 4
   dt: d
   data: [ 9.9989974232587275e-01, 8.4638100252852622e-03,
       -1.1352057809453793e-02, -7.9925438344691600e-03,
       1.1324731679990707e-02, 3.2695521895469426e-03,
       9.9993052782723646e-01, 2.8836247804010524e-02,
       8.5003381714797103e-03, -9.9995883612693548e-01,
       3.1733740143221612e-03, 3.0959176013312169e-02, 0., 0., 0., 1. ]
Hobj2base7: !!opencv-matrix
   rows: 4
   cols: 4
   dt: d
   data: [ 9.9996671041309559e-01, 7.1722620815507770e-03,
       -3.8905940736337118e-03, -7.3589690237389072e-01,
       7.1330779147122016e-03, -9.9992462088125200e-01,
       -9.9935856901827349e-03, 9.0277468989093043e-02,
       -3.9619774197854609e-03, 9.9655010971816688e-03,
       -9.9994249410793956e-01, -5.4724817431381573e-04, 0., 0., 0., 1. ]
mean-rme7: 1.6736180785936043e-03
max-rme7: 5.4499666214365139e-03
Hcamera2end8: !!opencv-matrix
   rows: 4
   cols: 4
   dt: d
   data: [ 9.9988216043576950e-01, 1.0395172924864615e-02,
       -1.1296265850286941e-02, -6.9997944691924515e-03,
       1.1265443698794743e-02, 3.0188397162094205e-03,
       9.9993198587955823e-01, 2.7722844454951347e-02,
       1.0428567522314997e-02, -9.9994141177702500e-01,
       2.9013777421285081e-03, 3.0878420303285619e-02, 0., 0., 0., 1. ]
