%YAML:1.0
---
Hcamera2end0: !!opencv-matrix
   rows: 4
   cols: 4
   dt: d
   data: [ 9.9999443931330489e-01, 2.3249451870025551e-03,
       2.3908099770711014e-03, -1.7642287967318055e-02,
       -2.4145835071799730e-03, 1.0276943323450749e-02,
       9.9994427555859999e-01, 3.4428119801221721e-02,
       2.3002454120992235e-03, -9.9994448799211055e-01,
       1.0282499950892365e-02, 3.4200837928163155e-02, 0., 0., 0., 1. ]
Hobj2base0: !!opencv-matrix
   rows: 4
   cols: 4
   dt: d
   data: [ 9.9992701268174455e-01, -7.7179502714050656e-04,
       -1.2057099228186017e-02, -7.4012567240861826e-01,
       -7.2442447930287548e-04, -9.9999200441125158e-01,
       3.9327245952468191e-03, 9.0003177271180734e-02,
       -1.2060038081864809e-02, -3.9237030983948935e-03,
       -9.9991957678378318e-01, -6.5064850941332075e-04, 0., 0., 0., 1. ]
mean-rme0: 1.0037085945410950e-03
max-rme0: 4.2909233010479247e-03
Hcamera2end1: !!opencv-matrix
   rows: 4
   cols: 4
   dt: d
   data: [ 9.9999998302469983e-01, -5.3070003951905133e-05,
       -1.7644878779937755e-04, -1.7622067966652239e-02,
       1.7688827403208719e-04, 8.3985108996759150e-03,
       9.9996471624013150e-01, 3.2848531556255903e-02,
       -5.1586224375061815e-05, -9.9996473047715173e-01,
       8.3985201445699875e-03, 3.3981165391023048e-02, 0., 0., 0., 1. ]
Hobj2base1: !!opencv-matrix
   rows: 4
   cols: 4
   dt: d
   data: [ 9.9994456224540074e-01, -1.3722725947447085e-03,
       -1.0439794240295400e-02, -7.3937522416438473e-01,
       -1.3537573796839396e-03, -9.9999749878557220e-01,
       1.7803829801948401e-03, 8.9869691862864975e-02,
       -1.0442211298903298e-02, -1.7661513312649095e-03,
       -9.9994391889378664e-01, 3.0409892543672062e-04, 0., 0., 0., 1. ]
mean-rme1: 1.3128255757059993e-03
max-rme1: 4.5390330568762099e-03
Hcamera2end2: !!opencv-matrix
   rows: 4
   cols: 4
   dt: d
   data: [ 9.9993838236365817e-01, -1.0936036729181156e-02,
       1.9064565582776732e-03, -1.8415424861164847e-02,
       -1.8996822079933246e-03, 6.2980641631504852e-04,
       9.9999799727368766e-01, 3.1867916344064190e-02,
       -1.0937215525865478e-02, -9.9994000142235318e-01,
       6.0899261473201793e-04, 3.3412351338015844e-02, 0., 0., 0., 1. ]
Hobj2base2: !!opencv-matrix
   rows: 4
   cols: 4
   dt: d
   data: [ 9.9991396673715949e-01, -1.2394399583702616e-02,
       -4.2939472421453986e-03, -7.3517877437399826e-01,
       -1.2386192518653262e-02, -9.9992142044134780e-01,
       1.9326607172555101e-03, 9.0924865536262237e-02,
       -4.3175639948556249e-03, -1.8793087869418878e-03,
       -9.9998891335835993e-01, 8.5676310397829277e-05, 0., 0., 0., 1. ]
mean-rme2: 1.4990838734344049e-03
max-rme2: 5.2145244423125597e-03
Hcamera2end3: !!opencv-matrix
   rows: 4
   cols: 4
   dt: d
   data: [ 9.9997070682534972e-01, -7.6369595063645445e-03,
       5.1219206223106217e-04, -1.8244701382156180e-02,
       -5.2804700150556544e-04, -2.0742082382321225e-03,
       9.9999770941065091e-01, 3.1511081221626214e-02,
       -7.6358796202314026e-03, -9.9996868676458184e-01,
       -2.0781801516558396e-03, 3.3814759190456185e-02, 0., 0., 0., 1. ]
Hobj2base3: !!opencv-matrix
   rows: 4
   cols: 4
   dt: d
   data: [ 9.9995600332871493e-01, -9.2736614847022825e-03,
       -1.4108896236437937e-03, -7.3519699719030485e-01,
       -9.2720899724414701e-03, -9.9995639011730608e-01,
       1.1163382589048575e-03, 9.0221424217681756e-02,
       -1.4211806380283185e-03, -1.1032072482058282e-03,
       -9.9999838158837084e-01, -2.9178447333893381e-04, 0., 0., 0., 1. ]
mean-rme3: 1.5476529047696828e-03
max-rme3: 5.4088102643081726e-03
Hcamera2end4: !!opencv-matrix
   rows: 4
   cols: 4
   dt: d
   data: [ 9.9998453559204570e-01, -5.4697758044653568e-03,
       1.0050519437455863e-03, -1.8215863005327161e-02,
       -1.0133489136547962e-03, -1.5143157171422228e-03,
       9.9999833998456600e-01, 3.1910460151052714e-02,
       -5.4682447585981432e-03, -9.9998389407057808e-01,
       -1.5198350905156754e-03, 3.4209692150722365e-02, 0., 0., 0., 1. ]
Hobj2base4: !!opencv-matrix
   rows: 4
   cols: 4
   dt: d
   data: [ 9.9996943106686909e-01, -7.7434791061732145e-03,
       -1.0841877763864646e-03, -7.3578367762997088e-01,
       -7.7415156849449619e-03, -9.9996840749173765e-01,
       1.8035945603752735e-03, 9.0053023519516023e-02,
       -1.0981196209694545e-03, -1.7951461697374408e-03,
       -9.9999778578931253e-01, -6.4279153203930213e-04, 0., 0., 0., 1. ]
mean-rme4: 1.6023078615351660e-03
max-rme4: 5.1734722067605654e-03
Hcamera2end5: !!opencv-matrix
   rows: 4
   cols: 4
   dt: d
   data: [ 9.9998338915978957e-01, -5.5338189005855005e-03,
       1.6119096985927894e-03, -1.6330161667059029e-02,
       -1.6076312734976750e-03, 7.7750267864451494e-04,
       9.9999840550436525e-01, 3.0023218605535761e-02,
       -5.5350633410438093e-03, -9.9998438604708217e-01,
       7.6859342334523184e-04, 3.4696557445148227e-02, 0., 0., 0., 1. ]
Hobj2base5: !!opencv-matrix
   rows: 4
   cols: 4
   dt: d
   data: [ 9.9996983827853070e-01, -7.3286240314814543e-03,
       -2.5717315206558412e-03, -7.3670816491649949e-01,
       -7.3236811316776214e-03, -9.9997132632293195e-01,
       1.9261948596268094e-03, 9.1601039758795869e-02,
       -2.5857741375942900e-03, -1.9073022206603902e-03,
       -9.9999483797185085e-01, 2.1307525615013199e-03, 0., 0., 0., 1. ]
mean-rme5: 1.6812649470233996e-03
max-rme5: 5.8891099686473464e-03
Hcamera2end6: !!opencv-matrix
   rows: 4
   cols: 4
   dt: d
   data: [ 9.9997922970741193e-01, -6.0836639733327577e-03,
       2.1281885326796847e-03, -1.6440913278320816e-02,
       -2.1262703683684377e-03, 3.2174798236550561e-04,
       9.9999768772360520e-01, 2.9964701632829525e-02,
       -6.0843346465866404e-03, -9.9998144258325916e-01,
       3.0880578512815227e-04, 3.4449219656749290e-02, 0., 0., 0., 1. ]
Hobj2base6: !!opencv-matrix
   rows: 4
   cols: 4
   dt: d
   data: [ 9.9996721004759037e-01, -7.8444088393067931e-03,
       -2.0109897066346444e-03, -7.3626580711740841e-01,
       -7.8399744817872815e-03, -9.9996683904983530e-01,
       2.2035427851526527e-03, 9.1586863625270618e-02,
       -2.0282085108068431e-03, -2.1877044231064422e-03,
       -9.9999555014989649e-01, 2.1293357218565494e-03, 0., 0., 0., 1. ]
mean-rme6: 1.6190977358687723e-03
max-rme6: 6.0340635266128012e-03
Hcamera2end7: !!opencv-matrix
   rows: 4
   cols: 4
   dt: d
   data: [ 9.9998027865334693e-01, -6.2781357878706825e-03,
       -1.6527372378051346e-04, -1.5723944550305648e-02,
       1.5289687099777479e-04, -1.9718504493850819e-03,
       9.9999804421226357e-01, 2.9647971313632098e-02,
       -6.2784494042362089e-03, -9.9997834817401654e-01,
       -1.9708516545211552e-03, 3.5611690544115150e-02, 0., 0., 0., 1. ]
Hobj2base7: !!opencv-matrix
   rows: 4
   cols: 4
   dt: d
   data: [ 9.9997187046277147e-01, -7.4963758610672292e-03,
       2.5026413197034664e-04, -7.3672860453095457e-01,
       -7.4964143478357791e-03, -9.9997188975538465e-01,
       1.5320238242620386e-04, 9.1568755835946092e-02,
       2.4910863434290080e-04, -1.5507415654373509e-04,
       -9.9999995694844590e-01, 1.7736892079321803e-03, 0., 0., 0., 1. ]
mean-rme7: 1.8003952475315924e-03
max-rme7: 6.1157603465339522e-03
Hcamera2end8: !!opencv-matrix
   rows: 4
   cols: 4
   dt: d
   data: [ 9.9999887592589642e-01, 7.2027648017483322e-04,
       -1.3150470469295605e-03, -1.5139267476714621e-02,
       1.3186620984780907e-03, -5.0417115354950415e-03,
       9.9998642104533741e-01, 2.9467135758748441e-02,
       7.1363661170694066e-04, -9.9998703108919618e-01,
       -5.0426556695326585e-03, 3.6349344739517009e-02, 0., 0., 0., 1. ]
Hobj2base8: !!opencv-matrix
   rows: 4
   cols: 4
   dt: d
   data: [ 9.9999518554852207e-01, -1.4779443729246308e-03,
       2.7284721379142976e-03, -7.3698604739531248e-01,
       -1.4801743830324535e-03, -9.9999857204308173e-01,
       8.1547261929134642e-04, 9.0811840930016249e-02,
       2.7272630186046770e-03, -8.1950730780134780e-04,
       -9.9999594521387913e-01, 1.4817232246631330e-03, 0., 0., 0., 1. ]
mean-rme8: 1.8347538362124807e-03
max-rme8: 6.5458938400748679e-03
Hcamera2end9: !!opencv-matrix
   rows: 4
   cols: 4
   dt: d
   data: [ 9.9999404051716545e-01, 2.3674418982441744e-03,
       -2.5127970495321013e-03, -1.4685740314237389e-02,
       2.5246182187341954e-03, -5.0035383933535460e-03,
       9.9998429532987976e-01, 2.9413221259585239e-02,
       2.3548318418380940e-03, -9.9998467979384820e-01,
       -5.0094854618003559e-03, 3.6373667117176454e-02, 0., 0., 0., 1. ]
Hobj2base9: !!opencv-matrix
   rows: 4
   cols: 4
   dt: d
   data: [ 9.9999641984602439e-01, 6.1351792847141710e-04,
       2.6045903488336073e-03, -7.3723202445412894e-01,
       6.1139225847037292e-04, -9.9999947948395818e-01,
       8.1684228558161535e-04, 9.0535173183268161e-02,
       2.6050901404894855e-03, -8.1524693478469555e-04,
       -9.9999627443195793e-01, 1.5480512133986546e-03, 0., 0., 0., 1. ]
mean-rme9: 1.7880775535856716e-03
max-rme9: 6.8766172327751063e-03
Hcamera2end10: !!opencv-matrix
   rows: 4
   cols: 4
   dt: d
   data: [ 9.9999242944016276e-01, 3.3467910187099264e-03,
       -1.9849564827219505e-03, -1.4649376909723585e-02,
       2.0007976953375158e-03, -4.7365685375404531e-03,
       9.9998678077616177e-01, 2.9370635732791219e-02,
       3.3373448943058628e-03, -9.9998318181275736e-01,
       -4.7432289308217968e-03, 3.6245177191281550e-02, 0., 0., 0., 1. ]
Hobj2base10: !!opencv-matrix
   rows: 4
   cols: 4
   dt: d
   data: [ 9.9999625697028038e-01, 1.6411591394171099e-03,
       2.1892103845987665e-03, -7.3729942883971900e-01,
       1.6383658245503700e-03, -9.9999784234586264e-01,
       1.2771300029338530e-03, 9.0217666197244001e-02,
       2.1913016346164615e-03, -1.2735384951214187e-03,
       -9.9999678814326587e-01, 1.7058759153042039e-03, 0., 0., 0., 1. ]
mean-rme10: 1.8403272045058642e-03
max-rme10: 7.0903673493118713e-03
Hcamera2end11: !!opencv-matrix
   rows: 4
   cols: 4
   dt: d
   data: [ 9.9999283380608972e-01, 3.2893871516551177e-03,
       -1.8741047550045878e-03, -1.4691446175620657e-02,
       1.8889741371426409e-03, -4.5231404548262688e-03,
       9.9998798641640463e-01, 2.9205513431111933e-02,
       3.2808707952936503e-03, -9.9998436044399852e-01,
       -4.5293216083810428e-03, 3.6397980118762593e-02, 0., 0., 0., 1. ]
Hobj2base11: !!opencv-matrix
   rows: 4
   cols: 4
   dt: d
   data: [ 9.9999626348650905e-01, 1.5406009093261307e-03,
       2.2582209498941477e-03, -7.3757489736939008e-01,
       1.5376333712161093e-03, -9.9999795289573856e-01,
       1.3152520471082032e-03, 9.0222696378215672e-02,
       2.2602426055801867e-03, -1.3117748167590486e-03,
       -9.9999658526926649e-01, 1.8661246692920144e-03, 0., 0., 0., 1. ]
mean-rme11: 1.7888798733406658e-03
max-rme11: 7.0614377431888753e-03
Hcamera2end12: !!opencv-matrix
   rows: 4
   cols: 4
   dt: d
   data: [ 9.9999344906047860e-01, 3.0009495372531766e-03,
       -2.0238917962431976e-03, -1.4529109434187955e-02,
       2.0376187701018366e-03, -4.5782301896746258e-03,
       9.9998744388021110e-01, 2.9207997550149602e-02,
       2.9916460144491105e-03, -9.9998501694285669e-01,
       -4.5843149890707480e-03, 3.6496772091899880e-02, 0., 0., 0., 1. ]
Hobj2base12: !!opencv-matrix
   rows: 4
   cols: 4
   dt: d
   data: [ 9.9999587142559021e-01, 1.5287014955420275e-03,
       2.4331468332205782e-03, -7.3763954882654403e-01,
       1.5269547675721487e-03, -9.9999857530279579e-01,
       7.1958426659871272e-04, 9.0099455735826492e-02,
       2.4342433962676055e-03, -7.1586599058433471e-04,
       -9.9999678099230471e-01, 1.7772095086905294e-03, 0., 0., 0., 1. ]
mean-rme12: 1.7644376437009304e-03
max-rme12: 6.9434053225715386e-03
Hcamera2end13: !!opencv-matrix
   rows: 4
   cols: 4
   dt: d
   data: [ 9.9997412955800768e-01, 7.1788539742238455e-03,
       -4.5196274369267752e-04, -1.5056362114628298e-02,
       4.6448967164988524e-04, -1.7434045972404277e-03,
       9.9999837239355327e-01, 2.8922843673144398e-02,
       7.1780543359497000e-03, -9.9997271192569426e-01,
       -1.7466939981181095e-03, 3.5858034966428511e-02, 0., 0., 0., 1. ]
Hobj2base13: !!opencv-matrix
   rows: 4
   cols: 4
   dt: d
   data: [ 9.9998906616643357e-01, 4.6753492553130672e-03,
       -9.3042597793671208e-05, -7.3843689651727673e-01,
       4.6756556085010064e-03, -9.9998250933095956e-01,
       3.6220542221213235e-03, 8.9795938946890280e-02,
       -7.6106601906288055e-05, -3.6224496543274939e-03,
       -9.9999343601160051e-01, 2.8330300475760497e-03, 0., 0., 0., 1. ]
mean-rme13: 1.8651447155858560e-03
max-rme13: 6.9466028361259147e-03
Hcamera2end14: !!opencv-matrix
   rows: 4
   cols: 4
   dt: d
   data: [ 9.9996848998080534e-01, 7.9258536364636405e-03,
       -4.4709019379717647e-04, -1.4982936066540768e-02,
       4.5961652368055848e-04, -1.5786882129347202e-03,
       9.9999864824717510e-01, 2.9001188459943955e-02,
       7.9251371066495317e-03, -9.9996734376061480e-01,
       -1.5822813217343246e-03, 3.5736250362812298e-02, 0., 0., 0., 1. ]
Hobj2base14: !!opencv-matrix
   rows: 4
   cols: 4
   dt: d
   data: [ 9.9998663648023489e-01, 5.1691701989577668e-03,
       -8.0872744171650904e-05, -7.3839046662204522e-01,
       5.1694369576763674e-03, -9.9997961804048074e-01,
       3.7470555313803625e-03, 8.9686894502081962e-02,
       -6.1501928040001746e-05, -3.7474235240822973e-03,
       -9.9999297649255747e-01, 2.7781200315025469e-03, 0., 0., 0., 1. ]
mean-rme14: 1.8406729716231925e-03
max-rme14: 6.9419814038242933e-03
Hcamera2end15: !!opencv-matrix
   rows: 4
   cols: 4
   dt: d
   data: [ 9.9996415948060147e-01, 8.4651085542294981e-03,
       1.4728007117863987e-04, -1.5151279496238700e-02,
       -1.3925940264737906e-04, -9.4807904581584168e-04,
       9.9999954087636533e-01, 2.9015012308529330e-02,
       8.4652443008474444e-03, -9.9996372088355678e-01,
       -9.4686622020967448e-04, 3.5632671692004389e-02, 0., 0., 0., 1. ]
Hobj2base15: !!opencv-matrix
   rows: 4
   cols: 4
   dt: d
   data: [ 9.9998350079175102e-01, 5.7348812097306025e-03,
       -3.3057795505286798e-04, -7.3856223309764291e-01,
       5.7363693484560269e-03, -9.9997254068140751e-01,
       4.6916894471354387e-03, 8.9589463780226947e-02,
       -3.0366259595521222e-04, -4.6935083552228519e-03,
       -9.9998893932300414e-01, 2.9189005196551656e-03, 0., 0., 0., 1. ]
mean-rme15: 1.8701887999769168e-03
max-rme15: 6.7744847693139709e-03
Hcamera2end16: !!opencv-matrix
   rows: 4
   cols: 4
   dt: d
   data: [ 9.9997203796034762e-01, 7.4711949594240658e-03,
       -3.2333157489487438e-04, -1.4999754501093671e-02,
       3.3464784560441850e-04, -1.5134529003164587e-03,
       9.9999879873484754e-01, 2.9006548902967146e-02,
       7.4706966374281248e-03, -9.9997094493099992e-01,
       -1.5159108003837130e-03, 3.5609147648205539e-02, 0., 0., 0., 1. ]
Hobj2base16: !!opencv-matrix
   rows: 4
   cols: 4
   dt: d
   data: [ 9.9998850152589180e-01, 4.7954987545797360e-03,
       -2.7742146874761664e-06, -7.3824843759066483e-01,
       4.7954766639126661e-03, -9.9998177283370571e-01,
       3.6684334429125756e-03, 8.9699417074180651e-02,
       1.4817803885342190e-05, -3.6684045652074092e-03,
       -9.9999327127155135e-01, 2.7662359176039006e-03, 0., 0., 0., 1. ]
mean-rme16: 1.8686783084201817e-03
max-rme16: 6.8287300782750027e-03
Hcamera2end17: !!opencv-matrix
   rows: 4
   cols: 4
   dt: d
   data: [ 9.9997297725483980e-01, 7.3112585696217675e-03,
       -7.6828264319996281e-04, -1.4713878944468283e-02,
       7.8458950661478358e-04, -2.2277702872337546e-03,
       9.9999721072553671e-01, 2.9382690950909073e-02,
       7.3095266192702273e-03, -9.9997079084225027e-01,
       -2.2334464235187479e-03, 3.5564817879853772e-02, 0., 0., 0., 1. ]
Hobj2base17: !!opencv-matrix
   rows: 4
   cols: 4
   dt: d
   data: [ 9.9998746796220594e-01, 4.9583997307096764e-03,
       6.9151330188161860e-04, -7.3781786098212987e-01,
       4.9561861793930061e-03, -9.9998270357746399e-01,
       3.1668224550127763e-03, 8.9566278025265150e-02,
       7.0720371278350041e-04, -3.1633554996044312e-03,
       -9.9999474650864650e-01, 2.2207528110195569e-03, 0., 0., 0., 1. ]
mean-rme17: 1.9698255674588609e-03
max-rme17: 6.6410302169266355e-03
Hcamera2end18: !!opencv-matrix
   rows: 4
   cols: 4
   dt: d
   data: [ 9.9998207676794071e-01, 5.9009959308059636e-03,
       -1.0121214853135037e-03, -1.4682920647727733e-02,
       1.0272796092678747e-03, -2.5662750516326494e-03,
       9.9999617945718344e-01, 2.9684483838480734e-02,
       5.8983760036813698e-03, -9.9997929602536462e-01,
       -2.5722910284835532e-03, 3.5950898665054187e-02, 0., 0., 0., 1. ]
Hobj2base18: !!opencv-matrix
   rows: 4
   cols: 4
   dt: d
   data: [ 9.9999194303018668e-01, 3.8414326623087548e-03,
       1.1650192328513654e-03, -7.3786941259226435e-01,
       3.8386104688915451e-03, -9.9998971617271359e-01,
       2.4150814651923654e-03, 8.9714180848638400e-02,
       1.1742846248173160e-03, -2.4105899519302203e-03,
       -9.9999640504938991e-01, 1.7537800648670652e-03, 0., 0., 0., 1. ]
mean-rme18: 1.9714923918652720e-03
max-rme18: 6.3380553548408880e-03
Hcamera2end19: !!opencv-matrix
   rows: 4
   cols: 4
   dt: d
   data: [ 9.9998824669515629e-01, 4.8293954619598881e-03,
       -4.2826512723797205e-04, -1.4875569721479201e-02,
       4.4077869670677925e-04, -2.5903588528117805e-03,
       9.9999654787161851e-01, 2.9858388486050959e-02,
       4.8282694299030572e-03, -9.9998498337749331e-01,
       -2.5924571021720411e-03, 3.5889317986631003e-02, 0., 0., 0., 1. ]
Hobj2base19: !!opencv-matrix
   rows: 4
   cols: 4
   dt: d
   data: [ 9.9999471029601150e-01, 2.8938311304161617e-03,
       1.4849651122869195e-03, -7.3764943618798495e-01,
       2.8901363711721969e-03, -9.9999273776883446e-01,
       2.4842546863279289e-03, 8.9810304734369573e-02,
       1.4921433416741796e-03, -2.4799497936750640e-03,
       -9.9999581166986307e-01, 1.5484849041671675e-03, 0., 0., 0., 1. ]
mean-rme19: 2.0026624601256352e-03
max-rme19: 6.3491930644646449e-03
Hcamera2end20: !!opencv-matrix
   rows: 4
   cols: 4
   dt: d
   data: [ 9.9999248152254427e-01, 3.7218408194524297e-03,
       -1.0884848637707906e-03, -1.4584320506166601e-02,
       1.1021203105683777e-03, -3.6635436264000898e-03,
       9.9999268186268153e-01, 3.0090965434049731e-02,
       3.7178258707251353e-03, -9.9998636308152322e-01,
       -3.6676179984895807e-03, 3.6117441085752960e-02, 0., 0., 0., 1. ]
Hobj2base20: !!opencv-matrix
   rows: 4
   cols: 4
   dt: d
   data: [ 9.9999456136688014e-01, 2.2457165857268238e-03,
       2.4153661580550291e-03, -7.3733654945096094e-01,
       2.2429026584356972e-03, -9.9999680364024890e-01,
       1.1670890926005859e-03, 8.9806659992841084e-02,
       2.4179793890081315e-03, -1.1616653140541957e-03,
       -9.9999640194821326e-01, 1.0095211496690814e-03, 0., 0., 0., 1. ]
mean-rme20: 2.0020663000621477e-03
max-rme20: 6.5564585331909092e-03
Hcamera2end21: !!opencv-matrix
   rows: 4
   cols: 4
   dt: d
   data: [ 9.9999490551560832e-01, 2.8518694951776280e-03,
       -1.4338002692682284e-03, -1.4466160710432760e-02,
       1.4426476298881779e-03, -3.1026680651553562e-03,
       9.9999414609221260e-01, 3.0143061682050803e-02,
       2.8474041942893125e-03, -9.9999112010620372e-01,
       -3.1067665014292700e-03, 3.6200343468169131e-02, 0., 0., 0., 1. ]
Hobj2base21: !!opencv-matrix
   rows: 4
   cols: 4
   dt: d
   data: [ 9.9999650452837463e-01, 1.4234001545470119e-03,
       2.2281972606827223e-03, -7.3752070824767191e-01,
       1.4226659432845213e-03, -9.9999893321006961e-01,
       3.3105941515700727e-04, 8.9870370645420236e-02,
       2.2286661136870205e-03, -3.2788827759052210e-04,
       -9.9999746276509671e-01, 9.2988386612862287e-04, 0., 0., 0., 1. ]
mean-rme21: 2.0145087699307059e-03
max-rme21: 6.7015890517130167e-03
Hcamera2end22: !!opencv-matrix
   rows: 4
   cols: 4
   dt: d
   data: [ 9.9999588550575924e-01, 2.4922867296661841e-03,
       -1.4203796709356135e-03, -1.4476219129010030e-02,
       1.4279814690309764e-03, -3.0510060002981731e-03,
       9.9999432609955863e-01, 2.9918092369546772e-02,
       2.4879390017806821e-03, -9.9999223990451214e-01,
       -3.0545523862171020e-03, 3.6121686524787991e-02, 0., 0., 0., 1. ]
Hobj2base22: !!opencv-matrix
   rows: 4
   cols: 4
   dt: d
   data: [ 9.9999717376168062e-01, 1.1690951297498426e-03,
       2.0701896601031762e-03, -7.3751570440044334e-01,
       1.1685706353846952e-03, -9.9999928482394917e-01,
       2.5454716810425397e-04, 8.9893222915298249e-02,
       2.0704857694076326e-03, -2.5212728584681973e-04,
       -9.9999782475788956e-01, 1.1744877649400617e-03, 0., 0., 0., 1. ]
mean-rme22: 2.0153098078306720e-03
max-rme22: 6.8062665765159930e-03
Hcamera2end23: !!opencv-matrix
   rows: 4
   cols: 4
   dt: d
   data: [ 9.9999203093800715e-01, 3.9915592871526163e-03,
       7.4262621402842229e-05, -1.4980420060403862e-02,
       -5.5933679428712708e-05, -4.5918407721106114e-03,
       9.9998945587928434e-01, 3.0037866039880391e-02,
       3.9918582018024507e-03, -9.9998149105509992e-01,
       -4.5915809168493027e-03, 3.6258573226390305e-02, 0., 0., 0., 1. ]
Hobj2base23: !!opencv-matrix
   rows: 4
   cols: 4
   dt: d
   data: [ 9.9999194395638147e-01, 2.0356231711462377e-03,
       3.4595174001926113e-03, -7.3714833579887640e-01,
       2.0287672845471952e-03, -9.9999597371372317e-01,
       1.9841017231933349e-03, 8.9862966430134278e-02,
       3.4635423546268218e-03, -1.9770671834614772e-03,
       -9.9999204750823401e-01, 9.4522178553496249e-04, 0., 0., 0., 1. ]
mean-rme23: 2.1211644995710772e-03
max-rme23: 7.6047300820095698e-03
Hcamera2end24: !!opencv-matrix
   rows: 4
   cols: 4
   dt: d
   data: [ 9.9999286772324592e-01, 3.7765686310092758e-03,
       -4.5077866714853454e-05, -1.4972781863658810e-02,
       6.2739008213498915e-05, -4.6765169035380971e-03,
       9.9998906306692548e-01, 3.0053489045574845e-02,
       3.7763165195252397e-03, -9.9998193369631738e-01,
       -4.6767204874957891e-03, 3.6353907162166403e-02, 0., 0., 0., 1. ]
Hobj2base24: !!opencv-matrix
   rows: 4
   cols: 4
   dt: d
   data: [ 9.9999199021993690e-01, 2.0079205776468620e-03,
       3.4623331618330454e-03, -7.3720611843625361e-01,
       2.0010242063361852e-03, -9.9999600964034574e-01,
       1.9941428009642328e-03, 8.9887674589098576e-02,
       3.4663234262433105e-03, -1.9871986158517545e-03,
       -9.9999201778992486e-01, 9.2129738102693706e-04, 0., 0., 0., 1. ]
mean-rme24: 2.0814256092925409e-03
max-rme24: 7.6683441415583697e-03
Hcamera2end25: !!opencv-matrix
   rows: 4
   cols: 4
   dt: d
   data: [ 9.9999296515574165e-01, 3.7503112863048536e-03,
       -6.9312938669370289e-05, -1.4900092927418141e-02,
       8.6901792124327842e-05, -4.6900119346302560e-03,
       9.9998899805754460e-01, 3.0045124265024013e-02,
       3.7499449470863077e-03, -9.9998196931410177e-01,
       -4.6903048498985189e-03, 3.6529535045465328e-02, 0., 0., 0., 1. ]
Hobj2base25: !!opencv-matrix
   rows: 4
   cols: 4
   dt: d
   data: [ 9.9999265226048706e-01, 1.9548848347906893e-03,
       3.2975521708390088e-03, -7.3736555282879113e-01,
       1.9485149318901572e-03, -9.9999623181870323e-01,
       1.9338143537527307e-03, 8.9818227333576001e-02,
       3.3013201294180452e-03, -1.9273748149450261e-03,
       -9.9999269322916873e-01, 9.3395135181841471e-04, 0., 0., 0., 1. ]
mean-rme25: 2.0876299908032803e-03
max-rme25: 7.7365369946932327e-03
