%YAML:1.0
---
Hcamera2end0: !!opencv-matrix
   rows: 4
   cols: 4
   dt: d
   data: [ 9.9987957663410243e-01, -1.3989150851240788e-02,
       -6.7183248261305532e-03, -1.3233867841337869e-02,
       6.7497137620196983e-03, 2.1978016983495996e-03,
       9.9997480519852366e-01, 3.0957279401760653e-02,
       -1.3974032851649335e-02, -9.9989973163620560e-01,
       2.2919597956910787e-03, 3.5258414135634415e-02, 0., 0., 0., 1. ]
Hobj2base0: !!opencv-matrix
   rows: 4
   cols: 4
   dt: d
   data: [ 9.9995696212447938e-01, -9.1095042965120970e-03,
       -1.7580757248419972e-03, -7.3721309999396134e-01,
       -9.1245111535416534e-03, -9.9992030086350736e-01,
       -8.7255496813302066e-03, 8.8176294645043354e-02,
       -1.6784501754133316e-03, 8.7412157337692642e-03,
       -9.9996038619162508e-01, -9.4291447878515810e-04, 0., 0., 0., 1. ]
mean-rme0: 9.4363894611493272e-04
max-rme0: 3.3024697791418922e-03
Hcamera2end1: !!opencv-matrix
   rows: 4
   cols: 4
   dt: d
   data: [ 9.9986417285349305e-01, -1.3500367715631251e-02,
       -9.4538836222461953e-03, -1.2613085541764810e-02,
       9.4631011904607147e-03, 6.1904552124425472e-04,
       9.9995503223820115e-01, 3.0236648815941115e-02,
       -1.3493908249996901e-02, -9.9990867425689700e-01,
       7.4671678385895834e-04, 3.4904098994641308e-02, 0., 0., 0., 1. ]
Hobj2base1: !!opencv-matrix
   rows: 4
   cols: 4
   dt: d
   data: [ 9.9995321976423901e-01, -9.6715393170827783e-03,
       1.4003702948868127e-04, -7.3627863755323975e-01,
       -9.6695345227473511e-03, -9.9989805852828728e-01,
       -1.0505839018151244e-02, 8.8263769504252770e-02,
       2.4163038903079299e-04, 1.0503993459634004e-02,
       -9.9994480234468708e-01, -1.1702987235041595e-03, 0., 0., 0., 1. ]
mean-rme1: 1.0290218759772417e-03
max-rme1: 3.0916976307382160e-03
Hcamera2end2: !!opencv-matrix
   rows: 4
   cols: 4
   dt: d
   data: [ 9.9975631246289232e-01, -1.9338611938377843e-02,
       -1.0645833875106505e-02, -1.4887701884469891e-02,
       1.0810816044127862e-02, 8.4468134404093176e-03,
       9.9990588437070593e-01, 2.9989207041708033e-02,
       -1.9246868500084963e-02, -9.9977730992006431e-01,
       8.6538212334602571e-03, 3.5399430707824996e-02, 0., 0., 0., 1. ]
Hobj2base2: !!opencv-matrix
   rows: 4
   cols: 4
   dt: d
   data: [ 9.9985981352142927e-01, -1.4875250762594387e-02,
       -7.6863658280531665e-03, -7.3831007415721406e-01,
       -1.4964298321418604e-02, -9.9982003518615037e-01,
       -1.1660489531424453e-02, 8.6490233365707325e-02,
       -7.5115298468631953e-03, 1.1773875959717177e-02,
       -9.9990247162623058e-01, 7.3575845119694394e-04, 0., 0., 0., 1. ]
mean-rme2: 1.2070097825401416e-03
max-rme2: 3.7698361711826500e-03
Hcamera2end3: !!opencv-matrix
   rows: 4
   cols: 4
   dt: d
   data: [ 9.9974889910310671e-01, -1.9706694299147808e-02,
       -1.0667002480830558e-02, -1.4684852496822803e-02,
       1.0790834673801410e-02, 6.1881468072444434e-03,
       9.9992262936996013e-01, 3.0116056589746844e-02,
       -1.9639160602449260e-02, -9.9978665376113707e-01,
       6.3992446381802015e-03, 3.5404574573446645e-02, 0., 0., 0., 1. ]
Hobj2base3: !!opencv-matrix
   rows: 4
   cols: 4
   dt: d
   data: [ 9.9986347239555551e-01, -1.5764797539776696e-02,
       -4.9505280154885237e-03, -7.3767794291006206e-01,
       -1.5821756014129610e-02, -9.9980654478944531e-01,
       -1.1685248513415316e-02, 8.6836562042366408e-02,
       -4.7653547330329610e-03, 1.1761979200830611e-02,
       -9.9991947037726381e-01, 1.9179315159381340e-04, 0., 0., 0., 1. ]
mean-rme3: 1.1471978557527278e-03
max-rme3: 3.7592018632198188e-03
Hcamera2end4: !!opencv-matrix
   rows: 4
   cols: 4
   dt: d
   data: [ 9.9979223181893884e-01, -1.7906013503388260e-02,
       -9.7400141130137702e-03, -1.4758630312420785e-02,
       9.9097678694541995e-03, 9.4161051440724286e-03,
       9.9990656236704900e-01, 3.0251260406318582e-02,
       -1.7812627410878027e-02, -9.9979533487826011e-01,
       9.5915932143199045e-03, 3.5436597703047870e-02, 0., 0., 0., 1. ]
Hobj2base4: !!opencv-matrix
   rows: 4
   cols: 4
   dt: d
   data: [ 9.9986238051213916e-01, -1.4567649679153034e-02,
       -7.9374819321751423e-03, -7.3876835023310738e-01,
       -1.4657101603689809e-02, -9.9982838088692949e-01,
       -1.1330408006782394e-02, 8.6787739763019997e-02,
       -7.7710622940012526e-03, 1.1445189200992589e-02,
       -9.9990430453867751e-01, 6.9612899957712806e-04, 0., 0., 0., 1. ]
mean-rme4: 1.2241843297795068e-03
max-rme4: 3.8216910731522780e-03
Hcamera2end5: !!opencv-matrix
   rows: 4
   cols: 4
   dt: d
   data: [ 9.9980171457857403e-01, -1.6617995507928487e-02,
       -1.0971497210588507e-02, -1.4421925506980012e-02,
       1.1100573093493181e-02, 7.6950101585403496e-03,
       9.9990877788709087e-01, 2.9986252558219149e-02,
       -1.6532053796776067e-02, -9.9983230046041116e-01,
       7.8779536240113357e-03, 3.5172143092778739e-02, 0., 0., 0., 1. ]
Hobj2base5: !!opencv-matrix
   rows: 4
   cols: 4
   dt: d
   data: [ 9.9989058512572360e-01, -1.3517681271545332e-02,
       -6.0075011426550971e-03, -7.3814368045960554e-01,
       -1.3592438775506085e-02, -9.9982844868342835e-01,
       -1.2582480336698785e-02, 8.6600735499487741e-02,
       -5.8363845891277874e-03, 1.2662760217669983e-02,
       -9.9990279083448796e-01, 2.4688399300841366e-04, 0., 0., 0., 1. ]
mean-rme5: 1.2702300644009622e-03
max-rme5: 3.6514084565217875e-03
Hcamera2end6: !!opencv-matrix
   rows: 4
   cols: 4
   dt: d
   data: [ 9.9983282688933639e-01, -1.6005264995736380e-02,
       -8.8402356809436800e-03, -1.4648595204193317e-02,
       8.9561497810626313e-03, 7.1851127417235094e-03,
       9.9993407859517813e-01, 3.0001150970790019e-02,
       -1.5940691816152330e-02, -9.9984609097965926e-01,
       7.3272571346634230e-03, 3.4916094671914283e-02, 0., 0., 0., 1. ]
Hobj2base6: !!opencv-matrix
   rows: 4
   cols: 4
   dt: d
   data: [ 9.9989732304889856e-01, -1.3217207773592395e-02,
       -5.5361338780959037e-03, -7.3772276336413212e-01,
       -1.3276884168551250e-02, -9.9985260881879312e-01,
       -1.0885080846171980e-02, 8.6905101897718176e-02,
       -5.3914475256080872e-03, 1.0957465807499274e-02,
       -9.9992543033801051e-01, 1.3220268033159455e-05, 0., 0., 0., 1. ]
mean-rme6: 1.3812846290848959e-03
max-rme6: 4.1241002024596796e-03
Hcamera2end7: !!opencv-matrix
   rows: 4
   cols: 4
   dt: d
   data: [ 9.9988473883832185e-01, -1.2780347836937595e-02,
       -8.1958371987075236e-03, -1.4364211643481823e-02,
       8.2695089200823992e-03, 5.7223011512813615e-03,
       9.9994943396741565e-01, 3.0251258437211725e-02,
       -1.2732802536814553e-02, -9.9990195418285943e-01,
       5.8273287926424722e-03, 3.4885198735911255e-02, 0., 0., 0., 1. ]
Hobj2base7: !!opencv-matrix
   rows: 4
   cols: 4
   dt: d
   data: [ 9.9994285901884261e-01, -9.9490583289325550e-03,
       -3.9108740187517067e-03, -7.3775821592152147e-01,
       -9.9862531918766158e-03, -9.9990396608293164e-01,
       -9.6090248626975808e-03, 8.6952708506040477e-02,
       -3.8148976933573826e-03, 9.6475307717417483e-03,
       -9.9994618440473992e-01, -3.1468084018793085e-04, 0., 0., 0., 1. ]
mean-rme7: 1.3529178618212467e-03
max-rme7: 4.2740818571399553e-03
Hcamera2end8: !!opencv-matrix
   rows: 4
   cols: 4
   dt: d
   data: [ 9.9990374170518603e-01, -1.1950884913937426e-02,
       -7.0486646779682263e-03, -1.4453289719652618e-02,
       7.1173263154792072e-03, 5.7125545680462020e-03,
       9.9995835432603197e-01, 3.0410382555034268e-02,
       -1.1910121329675918e-02, -9.9991226768656105e-01,
       5.7970630349757357e-03, 3.4799895263684405e-02, 0., 0., 0., 1. ]
