%YAML:1.0
---
Hcamera2end0: !!opencv-matrix
   rows: 4
   cols: 4
   dt: d
   data: [ 9.9999219806442530e-01, 4.0517037862784940e-04,
       -3.9293316535389733e-03, -1.3146488511138733e-02,
       3.9272032526897127e-03, 5.1264989519649307e-03,
       9.9997914782414721e-01, 2.1153084088223851e-02,
       4.2530564454765457e-04, -9.9998677733531049e-01,
       5.1248677689216260e-03, 3.4774014875141181e-02, 0., 0., 0., 1. ]
Hobj2base0: !!opencv-matrix
   rows: 4
   cols: 4
   dt: d
   data: [ 9.9997110372658660e-01, -2.7628496462685013e-03,
       -7.0822576671832286e-03, -7.3830104101394589e-01,
       -2.7807702898988798e-03, -9.9999295399576882e-01,
       -2.5217603794388285e-03, 9.2659745051473452e-02,
       -7.0752405207934310e-03, 2.5413816416677329e-03,
       -9.9997174077617035e-01, 1.0121654441762828e-02, 0., 0., 0., 1. ]
mean-rme0: 1.4732122071513362e-03
max-rme0: 4.2422962780197804e-03
Hcamera2end1: !!opencv-matrix
   rows: 4
   cols: 4
   dt: d
   data: [ 9.9998545215579571e-01, -5.0693834912798634e-03,
       -1.8430485037215453e-03, -1.3253668506362535e-02,
       1.8890020473264549e-03, 9.0751168142227945e-03,
       9.9995703604008579e-01, 2.2402374945382449e-02,
       -5.0524398100252029e-03, -9.9994597034331134e-01,
       9.0845608666310085e-03, 3.4467537008343645e-02, 0., 0., 0., 1. ]
Hobj2base1: !!opencv-matrix
   rows: 4
   cols: 4
   dt: d
   data: [ 9.9992175507652226e-01, -7.1081927387645783e-03,
       -1.0293557241113846e-02, -7.3828810391635957e-01,
       -7.1310851442080315e-03, -9.9997217764898916e-01,
       -2.1889615356161960e-03, 9.3536655441524424e-02,
       -1.0277711289658233e-02, 2.2621944936115079e-03,
       -9.9994462403011064e-01, 9.7127692131400711e-03, 0., 0., 0., 1. ]
mean-rme1: 1.6742388029228848e-03
max-rme1: 4.1667539469425752e-03
Hcamera2end2: !!opencv-matrix
   rows: 4
   cols: 4
   dt: d
   data: [ 9.9999135129777517e-01, -3.9791083117859793e-03,
       1.2099697073067919e-03, -1.3090657808754741e-02,
       -1.1929266065716262e-03, 4.2827335057614713e-03,
       9.9999011751108313e-01, 2.2528465933095605e-02,
       -3.9842509660986281e-03, -9.9998291229938607e-01,
       4.2779496814990825e-03, 3.4323351314058975e-02, 0., 0., 0., 1. ]
Hobj2base2: !!opencv-matrix
   rows: 4
   cols: 4
   dt: d
   data: [ 9.9995904129042668e-01, -6.5257502334112394e-03,
       -6.2713894331300583e-03, -7.3693317913500789e-01,
       -6.5246488143542022e-03, -9.9997869503031356e-01,
       1.9606968361599462e-04, 9.4319019681024574e-02,
       -6.2725353231519142e-03, -1.5514303922554173e-04,
       -9.9998031542188737e-01, 8.9817677722827602e-03, 0., 0., 0., 1. ]
mean-rme2: 1.8093589721724414e-03
max-rme2: 4.3321383395382440e-03
Hcamera2end3: !!opencv-matrix
   rows: 4
   cols: 4
   dt: d
   data: [ 9.9998825181852846e-01, -4.8472524455311448e-03,
       -1.9200328064239002e-05, -1.3098658557552654e-02,
       3.6638620932581255e-05, 3.5974991782956600e-03,
       9.9999352830769550e-01, 2.2630472255480458e-02,
       -4.8471520024403608e-03, -9.9998178090572809e-01,
       3.5976345108673646e-03, 3.3771836418663319e-02, 0., 0., 0., 1. ]
Hobj2base3: !!opencv-matrix
   rows: 4
   cols: 4
   dt: d
   data: [ 9.9995966322567453e-01, -6.6695668598018469e-03,
       -6.0157127173905891e-03, -7.3615463166653117e-01,
       -6.6730259387164275e-03, -9.9997758103265055e-01,
       -5.5511882494550791e-04, 9.3903842775253210e-02,
       -6.0118754492054869e-03, 5.9523944024575599e-04,
       -9.9998175135528933e-01, 8.7729129629347414e-03, 0., 0., 0., 1. ]
mean-rme3: 1.7612929702121283e-03
max-rme3: 4.1867941182837931e-03
Hcamera2end4: !!opencv-matrix
   rows: 4
   cols: 4
   dt: d
   data: [ 9.9992980494356054e-01, -1.1543276585634782e-02,
       2.6716944436995784e-03, -1.3641501063407842e-02,
       -2.6050148965240565e-03, 5.7876629030747528e-03,
       9.9997985822490920e-01, 2.4049623846222695e-02,
       -1.1558506950374133e-02, -9.9991662438614759e-01,
       5.7571862302904231e-03, 3.2623215271551764e-02, 0., 0., 0., 1. ]
Hobj2base4: !!opencv-matrix
   rows: 4
   cols: 4
   dt: d
   data: [ 9.9988673040664988e-01, -1.3055720055636166e-02,
       -7.4882928981347546e-03, -7.3457781996493576e-01,
       -1.3056984125288003e-02, -9.9991474675580427e-01,
       -1.1994093605311725e-04, 9.5660297127762667e-02,
       -7.4860885815873791e-03, 2.1770187188851684e-04,
       -9.9997195514856507e-01, 7.9582827832854475e-03, 0., 0., 0., 1. ]
mean-rme4: 1.9136306128131957e-03
max-rme4: 5.2033040687141929e-03
Hcamera2end5: !!opencv-matrix
   rows: 4
   cols: 4
   dt: d
   data: [ 9.9992960139848464e-01, -1.1758337742753935e-02,
       1.5917727836970092e-03, -1.3770586031235217e-02,
       -1.5320778926576498e-03, 5.0840780579575195e-03,
       9.9998590234444373e-01, 2.3969375760308474e-02,
       -1.1766264674841372e-02, -9.9991794345527563e-01,
       5.0657054566621840e-03, 3.2296182762153625e-02, 0., 0., 0., 1. ]
Hobj2base5: !!opencv-matrix
   rows: 4
   cols: 4
   dt: d
   data: [ 9.9988886372559094e-01, -1.2845481001969576e-02,
       -7.5666250980692181e-03, -7.3409773972135206e-01,
       -1.2855846161611131e-02, -9.9991648521113485e-01,
       -1.3228085571570986e-03, 9.5353983696101499e-02,
       -7.5490010607815287e-03, 1.4199369133656632e-03,
       -9.9997049774588143e-01, 7.9108751576076729e-03, 0., 0., 0., 1. ]
mean-rme5: 1.9463732879682998e-03
max-rme5: 5.3328556544451899e-03
Hcamera2end6: !!opencv-matrix
   rows: 4
   cols: 4
   dt: d
   data: [ 9.9995247029672674e-01, -9.6717781853311591e-03,
       1.2303878281567865e-03, -1.3790523152488323e-02,
       -1.1901510707981013e-03, 4.1648786166700313e-03,
       9.9999061861926331e-01, 2.3468487812970788e-02,
       -9.6768118666533016e-03, -9.9994455370927549e-01,
       4.1531697840614390e-03, 3.2157530414590747e-02, 0., 0., 0., 1. ]
Hobj2base6: !!opencv-matrix
   rows: 4
   cols: 4
   dt: d
   data: [ 9.9991506194697644e-01, -1.1191210274624414e-02,
       -6.6802473130510263e-03, -7.3401597500037041e-01,
       -1.1194017850400237e-02, -9.9993727165598001e-01,
       -3.8303728324715812e-04, 9.5118451021876105e-02,
       -6.6755416214195930e-03, 4.5778355647346504e-04,
       -9.9997761353856141e-01, 8.3162595991947332e-03, 0., 0., 0., 1. ]
mean-rme6: 1.9932626119336322e-03
max-rme6: 6.2701298333175948e-03
Hcamera2end7: !!opencv-matrix
   rows: 4
   cols: 4
   dt: d
   data: [ 9.9995198041965339e-01, -9.7397146918781589e-03,
       1.0838876943099407e-03, -1.3728145634914592e-02,
       -1.0445022077284908e-03, 4.0479801229369450e-03,
       9.9999126139784944e-01, 2.3535258482742332e-02,
       -9.7440171362284701e-03, -9.9994437436021655e-01,
       4.0376125871318669e-03, 3.2402017053197084e-02, 0., 0., 0., 1. ]
Hobj2base7: !!opencv-matrix
   rows: 4
   cols: 4
   dt: d
   data: [ 9.9991745769327078e-01, -1.1150364423056652e-02,
       -6.3833512717981758e-03, -7.3421576030958624e-01,
       -1.1155341105256535e-02, -9.9993750004404158e-01,
       -7.4456060706916893e-04, 9.5031766034880436e-02,
       -6.3746501905209479e-03, 8.1570761015074356e-04,
       -9.9997934901478991e-01, 8.1374213400833457e-03, 0., 0., 0., 1. ]
mean-rme7: 1.8940606460454393e-03
max-rme7: 6.2716155457084866e-03
Hcamera2end8: !!opencv-matrix
   rows: 4
   cols: 4
   dt: d
   data: [ 9.9995654825070091e-01, -9.1586505142003914e-03,
       1.7380251155907937e-03, -1.3607626828006522e-02,
       -1.6955450213398020e-03, 4.6439733236556258e-03,
       9.9998777924475146e-01, 2.3807708716679393e-02,
       -9.1666099308466975e-03, -9.9994727492629731e-01,
       4.6282426306094582e-03, 3.1818422257904495e-02, 0., 0., 0., 1. ]
Hobj2base8: !!opencv-matrix
   rows: 4
   cols: 4
   dt: d
   data: [ 9.9991816824190782e-01, -1.0870027780983244e-02,
       -6.7453180642798732e-03, -7.3377733038564608e-01,
       -1.0873137096155304e-02, -9.9994079561019422e-01,
       -4.2445746548414433e-04, 9.5092148564068640e-02,
       -6.7403048473981732e-03, 4.9776549945359638e-04,
       -9.9997715999920289e-01, 8.0628851867985962e-03, 0., 0., 0., 1. ]
mean-rme8: 1.9993670236227350e-03
max-rme8: 5.9288671367628276e-03
Hcamera2end9: !!opencv-matrix
   rows: 4
   cols: 4
   dt: d
   data: [ 9.9995176796881002e-01, -9.6943132075461586e-03,
       1.5754451704340063e-03, -1.3601399148717382e-02,
       -1.5259638631389908e-03, 5.1094396857044311e-03,
       9.9998578242912373e-01, 2.3723480005803630e-02,
       -9.7022250200374978e-03, -9.9993995515607448e-01,
       5.0944000754175045e-03, 3.1906651940558660e-02, 0., 0., 0., 1. ]
Hobj2base9: !!opencv-matrix
   rows: 4
   cols: 4
   dt: d
   data: [ 9.9991486205258207e-01, -1.1042723524367960e-02,
       -6.9517554279632451e-03, -7.3398168773051109e-01,
       -1.1050254802451864e-02, -9.9993839709784682e-01,
       -1.0458863180240908e-03, 9.5022927686058217e-02,
       -6.9397777462059627e-03, 1.1226159422130632e-03,
       -9.9997528930383073e-01, 8.1375535267748395e-03, 0., 0., 0., 1. ]
mean-rme9: 1.9193300228356892e-03
max-rme9: 5.8166207847749063e-03
Hcamera2end10: !!opencv-matrix
   rows: 4
   cols: 4
   dt: d
   data: [ 9.9995677076672673e-01, -8.8394574991185783e-03,
       2.8845431009344728e-03, -1.3545685837681790e-02,
       -2.8434392831641598e-03, 4.6590832871984400e-03,
       9.9998510378703420e-01, 2.3786759445515778e-02,
       -8.8527651512299386e-03, -9.9995007722088003e-01,
       4.6337474179053428e-03, 3.2365293836572592e-02, 0., 0., 0., 1. ]
Hobj2base10: !!opencv-matrix
   rows: 4
   cols: 4
   dt: d
   data: [ 9.9992004557879666e-01, -1.0815270706004302e-02,
       -6.5522796989327279e-03, -7.3433861153561397e-01,
       -1.0815317229341835e-02, -9.9994151234481654e-01,
       2.8333538315410058e-05, 9.5425387675879061e-02,
       -6.5522029063439730e-03, 4.2533710595580446e-05,
       -9.9997853318356666e-01, 8.0543324360571426e-03, 0., 0., 0., 1. ]
mean-rme10: 1.9601673695420008e-03
max-rme10: 5.9228468541835944e-03
Hcamera2end11: !!opencv-matrix
   rows: 4
   cols: 4
   dt: d
   data: [ 9.9993894917497672e-01, -1.0841598545107394e-02,
       2.1348685744083731e-03, -1.3642847876591082e-02,
       -2.0665692185522482e-03, 6.3070497189827712e-03,
       9.9997797496520269e-01, 2.3489001580955314e-02,
       -1.0854824480764465e-02, -9.9992133733850741e-01,
       6.2842597545608170e-03, 3.2212979522374736e-02, 0., 0., 0., 1. ]
Hobj2base11: !!opencv-matrix
   rows: 4
   cols: 4
   dt: d
   data: [ 9.9989096630327634e-01, -1.2437294003877808e-02,
       -7.9604788148387624e-03, -7.3450556862038818e-01,
       -1.2448026522103908e-02, -9.9992167512128516e-01,
       -1.3000993611828749e-03, 9.5330738941352092e-02,
       -7.9436855933117910e-03, 1.3990498579591764e-03,
       -9.9996746973023587e-01, 8.5412816898698882e-03, 0., 0., 0., 1. ]
mean-rme11: 1.9479295801175076e-03
max-rme11: 5.5744402627270762e-03
Hcamera2end12: !!opencv-matrix
   rows: 4
   cols: 4
   dt: d
   data: [ 9.9993196778177318e-01, -1.1411951969433527e-02,
       2.4139511839088145e-03, -1.3645214387733239e-02,
       -2.3486317277296269e-03, 5.7337167941837741e-03,
       9.9998080402612288e-01, 2.3960018979468256e-02,
       -1.1425573818345153e-02, -9.9991844259618046e-01,
       5.7065242442407849e-03, 3.2222405671238373e-02, 0., 0., 0., 1. ]
Hobj2base12: !!opencv-matrix
   rows: 4
   cols: 4
   dt: d
   data: [ 9.9988628818173031e-01, -1.3129871757960085e-02,
       -7.4173562528300607e-03, -7.3418317209970352e-01,
       -1.3140019494596349e-02, -9.9991279357764351e-01,
       -1.3210327150870128e-03, 9.5507939973060799e-02,
       -7.3993644215907470e-03, 1.4183467038155397e-03,
       -9.9997161844663562e-01, 7.9646591878283525e-03, 0., 0., 0., 1. ]
mean-rme12: 1.9517975464811346e-03
max-rme12: 5.2192025685807719e-03
Hcamera2end13: !!opencv-matrix
   rows: 4
   cols: 4
   dt: d
   data: [ 9.9992554524554389e-01, -1.1994652191913868e-02,
       2.2432753279246305e-03, -1.3627538926261645e-02,
       -2.1712566190160536e-03, 6.0138896687736976e-03,
       9.9997955917895942e-01, 2.3775648236434223e-02,
       -1.2007897821693789e-02, -9.9990997667282355e-01,
       5.9873984381305645e-03, 3.1954193509275204e-02, 0., 0., 0., 1. ]
Hobj2base13: !!opencv-matrix
   rows: 4
   cols: 4
   dt: d
   data: [ 9.9988039920209171e-01, -1.3365725985789086e-02,
       -7.7810449387329290e-03, -7.3400301727361250e-01,
       -1.3381250501767554e-02, -9.9990857238176112e-01,
       -1.9465385887911864e-03, 9.5398208615095154e-02,
       -7.7543166349282218e-03, 2.0504258927135036e-03,
       -9.9996783264622269e-01, 8.1859054462794095e-03, 0., 0., 0., 1. ]
mean-rme13: 1.9236141863669715e-03
max-rme13: 5.2609196441865957e-03
Hcamera2end14: !!opencv-matrix
   rows: 4
   cols: 4
   dt: d
   data: [ 9.9992360045492767e-01, -1.2165483837397066e-02,
       2.1895790134852959e-03, -1.3564716691213509e-02,
       -2.1121295893499759e-03, 6.3755298246321868e-03,
       9.9997744550967382e-01, 2.3413811560285314e-02,
       -1.2179169177413407e-02, -9.9990567236237682e-01,
       6.3493476586722331e-03, 3.1884675921833916e-02, 0., 0., 0., 1. ]
Hobj2base14: !!opencv-matrix
   rows: 4
   cols: 4
   dt: d
   data: [ 9.9987976738483930e-01, -1.3251314606972446e-02,
       -8.0531630820902447e-03, -7.3391923260560066e-01,
       -1.3267038670242046e-02, -9.9991017952103967e-01,
       -1.9022552733049738e-03, 9.5290822026339150e-02,
       -8.0272323600357274e-03, 2.0088681862066179e-03,
       -9.9996576340855237e-01, 8.6080158252360463e-03, 0., 0., 0., 1. ]
mean-rme14: 1.8851876179867926e-03
max-rme14: 5.4311715569879404e-03
Hcamera2end15: !!opencv-matrix
   rows: 4
   cols: 4
   dt: d
   data: [ 9.9992905318699821e-01, -1.1681441227028192e-02,
       2.3307774266798642e-03, -1.3424646080599708e-02,
       -2.2563311497543316e-03, 6.3821708814992828e-03,
       9.9997708816981512e-01, 2.3236024320198431e-02,
       -1.1696049003654296e-02, -9.9991140198804573e-01,
       6.3553608871006473e-03, 3.1804944806492305e-02, 0., 0., 0., 1. ]
Hobj2base15: !!opencv-matrix
   rows: 4
   cols: 4
   dt: d
   data: [ 9.9988448239777294e-01, -1.2822439802551438e-02,
       -8.1613048985887653e-03, -7.3392034839210463e-01,
       -1.2838035222926274e-02, -9.9991585650967729e-01,
       -1.8613844669183419e-03, 9.5150762915960335e-02,
       -8.1367506876325445e-03, 1.9659445640010241e-03,
       -9.9996496356133346e-01, 8.8076427118392031e-03, 0., 0., 0., 1. ]
mean-rme15: 1.9091651480202779e-03
max-rme15: 5.7123430951045162e-03
Hcamera2end16: !!opencv-matrix
   rows: 4
   cols: 4
   dt: d
   data: [ 9.9993638990013733e-01, -1.1059111168685160e-02,
       2.2163514250215762e-03, -1.7790173574706421e-02,
       -2.1548919854925920e-03, 5.5661826092675559e-03,
       9.9998218686719165e-01, 2.2909590860716006e-02,
       -1.1071250788027152e-02, -9.9992335389834697e-01,
       5.5419973538117784e-03, 3.1689640786082128e-02, 0., 0., 0., 1. ]
Hobj2base16: !!opencv-matrix
   rows: 4
   cols: 4
   dt: d
   data: [ 9.9990113860641672e-01, -1.2140977120181131e-02,
       -7.0929322680134453e-03, -7.3323846164924900e-01,
       -1.2150703659311922e-02, -9.9992529320024937e-01,
       -1.3298191529402326e-03, 9.0686122433607949e-02,
       -7.0762570738330264e-03, 1.4158718032297620e-03,
       -9.9997396060740629e-01, 8.6145188221861558e-03, 0., 0., 0., 1. ]
mean-rme16: 1.9774894189109708e-03
max-rme16: 5.6631696880997395e-03
Hcamera2end17: !!opencv-matrix
   rows: 4
   cols: 4
   dt: d
   data: [ 9.9993926275410905e-01, -1.0807999720769883e-02,
       2.1582272365551873e-03, -1.7216744011437763e-02,
       -2.1069290191039957e-03, 4.7554583466481448e-03,
       9.9998647314152322e-01, 2.3220908446603534e-02,
       -1.0818116882213281e-02, -9.9993028394881101e-01,
       4.7323978249550480e-03, 3.1166651827859600e-02, 0., 0., 0., 1. ]
Hobj2base17: !!opencv-matrix
   rows: 4
   cols: 4
   dt: d
   data: [ 9.9991122426978651e-01, -1.1772588482245048e-02,
       -6.2409726585140783e-03, -7.3264308334230166e-01,
       -1.1779496034733017e-02, -9.9993004554918552e-01,
       -1.0712054760826793e-03, 9.0978075168644382e-02,
       -6.2279252134493533e-03, 1.1446258917181752e-03,
       -9.9997995118857474e-01, 7.7299220438098422e-03, 0., 0., 0., 1. ]
mean-rme17: 2.0149358334126169e-03
max-rme17: 5.7848035389736208e-03
Hcamera2end18: !!opencv-matrix
   rows: 4
   cols: 4
   dt: d
   data: [ 9.9993231595154752e-01, -1.1434441842990504e-02,
       2.1487334673903581e-03, -1.7384050618513447e-02,
       -2.0912374323544510e-03, 5.0379032551753911e-03,
       9.9998512301773412e-01, 2.3167321424640286e-02,
       -1.1445096844331856e-02, -9.9992193348807512e-01,
       5.0136501366871977e-03, 3.1005461688363579e-02, 0., 0., 0., 1. ]
Hobj2base18: !!opencv-matrix
   rows: 4
   cols: 4
   dt: d
   data: [ 9.9989791051213306e-01, -1.2752945284305194e-02,
       -6.4444503292202335e-03, -7.3245481306608473e-01,
       -1.2761346033213236e-02, -9.9991777163445894e-01,
       -1.2641269708669931e-03, 9.1189817669980244e-02,
       -6.4277990705109700e-03, 1.3462377774369730e-03,
       -9.9997843528895958e-01, 7.8253334777800675e-03, 0., 0., 0., 1. ]
mean-rme18: 2.0279740280723700e-03
max-rme18: 6.5952846142491722e-03
Hcamera2end19: !!opencv-matrix
   rows: 4
   cols: 4
   dt: d
   data: [ 9.9995232259400735e-01, -9.6123159777375920e-03,
       1.7192790332851817e-03, -1.7210090948273447e-02,
       -1.6811097768675443e-03, 3.9775406594330098e-03,
       9.9999067647664630e-01, 2.4775053696937912e-02,
       -9.6190648593448939e-03, -9.9994588981196719e-01,
       3.9611916622436238e-03, 3.1327295796370613e-02, 0., 0., 0., 1. ]
Hobj2base19: !!opencv-matrix
   rows: 4
   cols: 4
   dt: d
   data: [ 9.9992273091623385e-01, -1.1022541134885256e-02,
       -5.7476763957960732e-03, -7.3338304308144098e-01,
       -1.1029356767039721e-02, -9.9993850720996447e-01,
       -1.1554600873263914e-03, 9.0555001045922220e-02,
       -5.7345868487960003e-03, 1.2187639795348433e-03,
       -9.9998281441634584e-01, 6.2441008434754109e-03, 0., 0., 0., 1. ]
mean-rme19: 2.1298448940955520e-03
max-rme19: 7.3887158620844495e-03
Hcamera2end20: !!opencv-matrix
   rows: 4
   cols: 4
   dt: d
   data: [ 9.9997681096350544e-01, -6.7584718669960568e-03,
       8.3701450455091024e-04, -1.6795461939056698e-02,
       -8.3161726615810618e-04, 8.0135934755609650e-04,
       9.9999933311773692e-01, 2.4946585616690498e-02,
       -6.7591381092883046e-03, -9.9997684017242061e-01,
       7.9572030290753215e-04, 3.2333584639302151e-02, 0., 0., 0., 1. ]
Hobj2base20: !!opencv-matrix
   rows: 4
   cols: 4
   dt: d
   data: [ 9.9996058816715860e-01, -8.4389504507025558e-03,
       -2.7579390277554716e-03, -7.3346758988294036e-01,
       -8.4416662162432043e-03, -9.9996389360489957e-01,
       -9.7455529472787990e-04, 9.0183841572396201e-02,
       -2.7496152246755945e-03, 9.9779848643457127e-04,
       -9.9999572199799758e-01, 5.4617639979699798e-03, 0., 0., 0., 1. ]
mean-rme20: 2.1931859939724459e-03
max-rme20: 6.9513699782637051e-03
Hcamera2end21: !!opencv-matrix
   rows: 4
   cols: 4
   dt: d
   data: [ 9.9995856475691525e-01, -9.0863322990138700e-03,
       5.5437770701703779e-04, -1.6995111940034328e-02,
       -5.3273860238560108e-04, 2.3837478471165907e-03,
       9.9999701696344223e-01, 2.5018249046954398e-02,
       -9.0876266908180361e-03, -9.9995587718236512e-01,
       2.3788084359752659e-03, 3.1851248692785973e-02, 0., 0., 0., 1. ]
Hobj2base21: !!opencv-matrix
   rows: 4
   cols: 4
   dt: d
   data: [ 9.9993869264524671e-01, -1.0331601578540730e-02,
       -3.9835862909025259e-03, -7.3333469889361447e-01,
       -1.0338928204253093e-02, -9.9994489006696541e-01,
       -1.8230174305235239e-03, 9.0305433096172241e-02,
       -3.9645320659658914e-03, 1.8640916788042773e-03,
       -9.9999040377781179e-01, 5.5947828999752302e-03, 0., 0., 0., 1. ]
mean-rme21: 2.2446487619267996e-03
max-rme21: 7.3037220874246633e-03
Hcamera2end22: !!opencv-matrix
   rows: 4
   cols: 4
   dt: d
   data: [ 9.9995597906955391e-01, -9.3373662436066294e-03,
       9.2385858362240610e-04, -1.7098688080000646e-02,
       -8.9746347744093687e-04, 2.8306204807287960e-03,
       9.9999559106378089e-01, 2.5023850583546923e-02,
       -9.3399401687825068e-03, -9.9995239945675751e-01,
       2.8221159290023889e-03, 3.1578886764691901e-02, 0., 0., 0., 1. ]
Hobj2base22: !!opencv-matrix
   rows: 4
   cols: 4
   dt: d
   data: [ 9.9993490737593993e-01, -1.0538408608392842e-02,
       -4.3729801134960999e-03, -7.3320269070254895e-01,
       -1.0544985130276126e-02, -9.9994329953610950e-01,
       -1.4835772445475821e-03, 9.0398373190625408e-02,
       -4.3570976202899243e-03, 1.5295936848835484e-03,
       -9.9998933796490364e-01, 5.7114010489885498e-03, 0., 0., 0., 1. ]
mean-rme22: 2.2079868446285528e-03
max-rme22: 7.3611077952109860e-03
Hcamera2end23: !!opencv-matrix
   rows: 4
   cols: 4
   dt: d
   data: [ 9.9996645803234407e-01, -8.1344503396238756e-03,
       9.5578654548362065e-04, -1.7045485085882339e-02,
       -9.3623478947220439e-04, 2.4070429605521637e-03,
       9.9999666479874072e-01, 2.4860228976872505e-02,
       -8.1367238288709565e-03, -9.9996401778356925e-01,
       2.3993464681938415e-03, 3.1593456078538078e-02, 0., 0., 0., 1. ]
Hobj2base23: !!opencv-matrix
   rows: 4
   cols: 4
   dt: d
   data: [ 9.9994856854921244e-01, -9.2819350295646180e-03,
       -4.0872898707888508e-03, -7.3322281668688205e-01,
       -9.2848281749289985e-03, -9.9995665738398243e-01,
       -6.8943398095011317e-04, 9.0262100309777341e-02,
       -4.0807134355350773e-03, 7.2734830651165292e-04,
       -9.9999140933424879e-01, 5.8841240932209441e-03, 0., 0., 0., 1. ]
mean-rme23: 2.2046524622917939e-03
max-rme23: 7.2255790057792202e-03
Hcamera2end24: !!opencv-matrix
   rows: 4
   cols: 4
   dt: d
   data: [ 9.9997411735158992e-01, -7.1223368392958966e-03,
       1.0183048935875367e-03, -1.6964959746472632e-02,
       -1.0016949320658121e-03, 2.3352729401683314e-03,
       9.9999677154856770e-01, 2.5080568185170824e-02,
       -7.1246918650401617e-03, -9.9997190901456967e-01,
       2.3280780884035179e-03, 3.1688149942378042e-02, 0., 0., 0., 1. ]
Hobj2base24: !!opencv-matrix
   rows: 4
   cols: 4
   dt: d
   data: [ 9.9995611547150320e-01, -8.4774184133284344e-03,
       -3.9875441298071320e-03, -7.3334843151633533e-01,
       -8.4788665421935208e-03, -9.9996399376703393e-01,
       -3.4639809919893730e-04, 9.0161298681801172e-02,
       -3.9844639917397404e-03, 3.8019275218942360e-04,
       -9.9999198971800252e-01, 5.6701409039946211e-03, 0., 0., 0., 1. ]
mean-rme24: 2.2163009350892457e-03
max-rme24: 7.1632333841782359e-03
