%YAML:1.0
---
Hcamera2end0: !!opencv-matrix
   rows: 4
   cols: 4
   dt: d
   data: [ 9.9997003481097424e-01, -4.3270622439321119e-04,
       -7.7293108012472019e-03, -1.2538126890058005e-02,
       7.7357015301239241e-03, 1.7505089344515112e-02,
       9.9981684861222342e-01, 2.9339819569654670e-02,
       -2.9732469750035550e-04, -9.9984668055275572e-01,
       1.7507912087406097e-02, 3.1809671449700566e-02, 0., 0., 0., 1. ]
Hobj2base0: !!opencv-matrix
   rows: 4
   cols: 4
   dt: d
   data: [ 9.9984457328089416e-01, 2.7335140407642325e-03,
       -1.7417151940989670e-02, -7.4007762560804979e-01,
       2.6087935191704149e-03, -9.9997082414371863e-01,
       -7.1794886800203555e-03, 9.1269182312116517e-02,
       -1.7436269013780151e-02, 7.1329350425439024e-03,
       -9.9982253313303460e-01, 2.8342042216466246e-03, 0., 0., 0., 1. ]
mean-rme0: 1.3642281725254504e-03
max-rme0: 4.8144368795194348e-03
Hcamera2end1: !!opencv-matrix
   rows: 4
   cols: 4
   dt: d
   data: [ 9.9999487281334232e-01, 2.2555870886559657e-03,
       -2.2730318767739972e-03, -1.5026390264653623e-02,
       2.2620460102200633e-03, 4.8611698240226264e-03,
       9.9998562598458851e-01, 2.9687388236183443e-02,
       2.2666042607808069e-03, -9.9998564057431705e-01,
       4.8560426581230054e-03, 3.1497224223027157e-02, 0., 0., 0., 1. ]
Hobj2base1: !!opencv-matrix
   rows: 4
   cols: 4
   dt: d
   data: [ 9.9998122967625591e-01, 2.8855710595100410e-03,
       -5.4049768569057292e-03, -7.3648914658671816e-01,
       2.8763092722580734e-03, -9.9999438324908652e-01,
       -1.7205566685136624e-03, 9.0034479547335497e-02,
       -5.4099112870259411e-03, 1.7049779880581159e-03,
       -9.9998391282556498e-01, 6.9914750007496072e-04, 0., 0., 0., 1. ]
mean-rme1: 1.5684782219930328e-03
max-rme1: 5.1622897234595566e-03
Hcamera2end2: !!opencv-matrix
   rows: 4
   cols: 4
   dt: d
   data: [ 9.9999060793294436e-01, 5.1128311599720096e-04,
       4.3037931497293871e-03, -1.5440531931883264e-02,
       -4.3072855881487364e-03, 7.0381879193108787e-03,
       9.9996595502130692e-01, 2.8920903820023432e-02,
       4.8097480442077230e-04, -9.9997510094021225e-01,
       7.0403240585750204e-03, 3.1830531225363917e-02, 0., 0., 0., 1. ]
Hobj2base2: !!opencv-matrix
   rows: 4
   cols: 4
   dt: d
   data: [ 9.9996966116301444e-01, 1.5081305100667817e-03,
       -7.6421394838541998e-03, -7.3726451844156937e-01,
       1.5419294208340929e-03, -9.9998904852413650e-01,
       4.4187425194467181e-03, 9.1663879455733954e-02,
       -7.6353917507383908e-03, -4.4303920996460119e-03,
       -9.9996103545020998e-01, 3.0465095760575794e-03, 0., 0., 0., 1. ]
mean-rme2: 1.6100082223510022e-03
max-rme2: 4.9836875100600642e-03
Hcamera2end3: !!opencv-matrix
   rows: 4
   cols: 4
   dt: d
   data: [ 9.9996406057816056e-01, -3.7312931647171662e-03,
       7.6128183582580937e-03, -1.5884276884081009e-02,
       -7.5989140859955917e-03, 3.7265132347606977e-03,
       9.9996418416052513e-01, 2.8488727611514445e-02,
       -3.7595287936860230e-03, -9.9998609517854287e-01,
       3.6980255298412201e-03, 3.2007606176281567e-02, 0., 0., 0., 1. ]
Hobj2base3: !!opencv-matrix
   rows: 4
   cols: 4
   dt: d
   data: [ 9.9998077287025400e-01, -3.0925621095022429e-03,
       -5.3749371538972081e-03, -7.3602005358426170e-01,
       -3.0552988459034290e-03, -9.9997133897519208e-01,
       6.9272200140610462e-03, 9.2745097411301158e-02,
       -5.3962059608297719e-03, -6.9106647842199507e-03,
       -9.9996156109795931e-01, 3.5844338577897322e-03, 0., 0., 0., 1. ]
mean-rme3: 1.7101272032074601e-03
max-rme3: 4.5121248303701122e-03
Hcamera2end4: !!opencv-matrix
   rows: 4
   cols: 4
   dt: d
   data: [ 9.9996480042354219e-01, -5.1154157971806027e-03,
       6.6505965993507686e-03, -1.4822011740745090e-02,
       -6.6534181923709450e-03, -5.3476637020954954e-04,
       9.9997772277750607e-01, 2.7610887875430298e-02,
       -5.1117453245215771e-03, -9.9998677318560125e-01,
       -5.6878254718628618e-04, 3.1905505013404258e-02, 0., 0., 0., 1. ]
Hobj2base4: !!opencv-matrix
   rows: 4
   cols: 4
   dt: d
   data: [ 9.9998793374236461e-01, -4.4636439991335968e-03,
       -2.0514024288898003e-03, -7.3454603637872606e-01,
       -4.4505590486786442e-03, -9.9997000154076332e-01,
       6.3394434077655021e-03, 9.3909222792558450e-02,
       -2.0796379085025784e-03, -6.3302370267657015e-03,
       -9.9997780135628744e-01, 3.6021461057081762e-03, 0., 0., 0., 1. ]
mean-rme4: 1.9078416677601334e-03
max-rme4: 4.3695324000798674e-03
Hcamera2end5: !!opencv-matrix
   rows: 4
   cols: 4
   dt: d
   data: [ 9.9996873281406451e-01, -2.6136469241093271e-03,
       7.4633935974326967e-03, -1.5244315767757177e-02,
       -7.4693609231302584e-03, -2.2808717266697975e-03,
       9.9996950267073981e-01, 2.7035792753151898e-02,
       -2.5965441714171185e-03, -9.9999398321886046e-01,
       -2.3003226824314105e-03, 3.1684181109260447e-02, 0., 0., 0., 1. ]
Hobj2base5: !!opencv-matrix
   rows: 4
   cols: 4
   dt: d
   data: [ 9.9999635240100748e-01, -2.5677612624102931e-03,
       -8.3772715081419178e-04, -7.3413469536163267e-01,
       -2.5617618447322391e-03, -9.9997161477887375e-01,
       7.0856907060690777e-03, 9.3115515547194633e-02,
       -8.5589773385623749e-04, -7.0835188028595458e-03,
       -9.9997454527624763e-01, 3.7880542517528207e-03, 0., 0., 0., 1. ]
mean-rme5: 1.9868914697456171e-03
max-rme5: 4.6725794579814406e-03
Hcamera2end6: !!opencv-matrix
   rows: 4
   cols: 4
   dt: d
   data: [ 9.9996884918790818e-01, -2.2883132909220475e-03,
       7.5540900241539274e-03, -1.4959911295513283e-02,
       -7.5581354465665100e-03, -1.7644032564920753e-03,
       9.9996988028126110e-01, 2.6433545856893888e-02,
       -2.2749159065308866e-03, -9.9999582524300124e-01,
       -1.7816436756947773e-03, 3.1755361370933648e-02, 0., 0., 0., 1. ]
Hobj2base6: !!opencv-matrix
   rows: 4
   cols: 4
   dt: d
   data: [ 9.9999688968813516e-01, -2.2182158813391882e-03,
       -1.1402334670538288e-03, -7.3425892517407743e-01,
       -2.2097967048917309e-03, -9.9997067367609094e-01,
       7.3327066153702752e-03, 9.3462430442116731e-02,
       -1.1564655544652577e-03, -7.3301641242075853e-03,
       -9.9997246526158534e-01, 4.4770400859631227e-03, 0., 0., 0., 1. ]
mean-rme6: 1.9591345776070650e-03
max-rme6: 4.5791043003814980e-03
Hcamera2end7: !!opencv-matrix
   rows: 4
   cols: 4
   dt: d
   data: [ 9.9993857782664941e-01, -4.1212051398636981e-03,
       1.0288646276990799e-02, -1.5578512308984603e-02,
       -1.0290327999283182e-02, -3.8706880049033110e-04,
       9.9994697825805301e-01, 2.5867607020041716e-02,
       -4.1170042124151589e-03, -9.9999143288627179e-01,
       -4.2945357852475219e-04, 3.1850735256904961e-02, 0., 0., 0., 1. ]
Hobj2base7: !!opencv-matrix
   rows: 4
   cols: 4
   dt: d
   data: [ 9.9998955415886237e-01, -3.7833099119012011e-03,
       -2.5647883480117988e-03, -7.3460012977413325e-01,
       -3.7589928365843761e-03, -9.9994856023916712e-01,
       9.4205545734554596e-03, 9.3868973804318079e-02,
       -2.6002972934059498e-03, -9.4108151468114253e-03,
       -9.9995233637021852e-01, 5.6507236366573959e-03, 0., 0., 0., 1. ]
mean-rme7: 1.9836716184836894e-03
max-rme7: 4.4390812834312898e-03
Hcamera2end8: !!opencv-matrix
   rows: 4
   cols: 4
   dt: d
   data: [ 9.9995836887751688e-01, -2.5237778457906589e-03,
       8.7687545980549876e-03, -1.5533160899092674e-02,
       -8.7653770653206963e-03, 1.3462486452783251e-03,
       9.9996067711659964e-01, 2.6181946154109972e-02,
       -2.5354835275671122e-03, -9.9999590907161751e-01,
       1.3240707349886360e-03, 3.1679263966610298e-02, 0., 0., 0., 1. ]
