%YAML:1.0
---
Hcamera2end0: !!opencv-matrix
   rows: 4
   cols: 4
   dt: d
   data: [ 9.9997778337819399e-01, 6.6144548800206532e-03,
       8.2567346692736425e-04, -7.5352738011453309e-03,
       -8.8251505369939687e-04, 8.5952361900594187e-03,
       9.9996267084427581e-01, 2.7050015298640186e-02,
       6.6071111095402993e-03, -9.9994118372106156e-01,
       8.6008825889513085e-03, 3.0192106940742536e-02, 0., 0., 0., 1. ]
Hobj2base0: !!opencv-matrix
   rows: 4
   cols: 4
   dt: d
   data: [ 9.9994339568729584e-01, 5.1141633684975750e-03,
       -9.3300993778379845e-03, -7.3606187129212897e-01,
       5.0970386710594414e-03, -9.9998528338552028e-01,
       -1.8582812396874850e-03, 9.5360572661827250e-02,
       -9.3394656242067609e-03, 1.8106201756214338e-03,
       -9.9995474699429931e-01, 4.6942653810283230e-03, 0., 0., 0., 1. ]
mean-rme0: 1.3174202907277749e-03
max-rme0: 4.4486393339617791e-03
Hcamera2end1: !!opencv-matrix
   rows: 4
   cols: 4
   dt: d
   data: [ 9.9990171635847380e-01, 1.2753790224568431e-02,
       -5.8222382539558169e-03, -7.5435746319912544e-03,
       5.7976113722972593e-03, 1.9670683763483021e-03,
       9.9998125899657675e-01, 2.7622380462886436e-02,
       1.2765003946491096e-02, -9.9991673227169808e-01,
       1.8929335264593616e-03, 2.9807190988157761e-02, 0., 0., 0., 1. ]
Hobj2base1: !!opencv-matrix
   rows: 4
   cols: 4
   dt: d
   data: [ 9.9992832856818215e-01, 1.1624281645209547e-02,
       -2.8659733206228537e-03, -7.3436986915541014e-01,
       1.1609472760175691e-02, -9.9991944459807547e-01,
       -5.1307364878117392e-03, 9.2810985426859921e-02,
       -2.9253835769717821e-03, 5.0970963213842167e-03,
       -9.9998273072089527e-01, 2.4574656946359996e-03, 0., 0., 0., 1. ]
mean-rme1: 1.6213288812151434e-03
max-rme1: 5.0622478738261978e-03
Hcamera2end2: !!opencv-matrix
   rows: 4
   cols: 4
   dt: d
   data: [ 9.9988458357918952e-01, 1.4000882913922312e-02,
       -5.8987115797845702e-03, -7.4810266153471699e-03,
       5.9033629162447065e-03, -2.9091208861431461e-04,
       9.9998253268566428e-01, 2.7457774091111713e-02,
       1.3998922349593669e-02, -9.9990194051606240e-01,
       -3.7353080557100959e-04, 2.9575082850356808e-02, 0., 0., 0., 1. ]
Hobj2base2: !!opencv-matrix
   rows: 4
   cols: 4
   dt: d
   data: [ 9.9991734233793983e-01, 1.2807032910038416e-02,
       -1.1350770337045643e-03, -7.3372446660379831e-01,
       1.2802475710541272e-02, -9.9991030173744133e-01,
       -3.9351105473599728e-03, 9.2673321986470200e-02,
       -1.1853723095514492e-03, 3.9202534841685831e-03,
       -9.9999161321738472e-01, 2.3642933198551805e-03, 0., 0., 0., 1. ]
mean-rme2: 1.5998648819891125e-03
max-rme2: 5.2613029500110375e-03
Hcamera2end3: !!opencv-matrix
   rows: 4
   cols: 4
   dt: d
   data: [ 9.9994528609194544e-01, 8.8211307285561494e-03,
       -5.6224972358567427e-03, -7.8771618707084035e-03,
       5.6083726991422427e-03, 1.6251366234909526e-03,
       9.9998295239800095e-01, 2.8746626397529097e-02,
       8.8301176756037745e-03, -9.9995977248268575e-01,
       1.5755755171615871e-03, 2.9617560393656438e-02, 0., 0., 0., 1. ]
Hobj2base3: !!opencv-matrix
   rows: 4
   cols: 4
   dt: d
   data: [ 9.9995678854191405e-01, 8.9502163274554156e-03,
       -2.5129020342090306e-03, -7.3344413140233022e-01,
       8.9404557918897048e-03, -9.9995254880484974e-01,
       -3.8689002207360616e-03, 9.3263252056698151e-02,
       -2.5474102879291397e-03, 3.8462665503701389e-03,
       -9.9998935841060255e-01, 1.4691414948350195e-03, 0., 0., 0., 1. ]
mean-rme3: 1.9541570980269995e-03
max-rme3: 8.8149940028772189e-03
Hcamera2end4: !!opencv-matrix
   rows: 4
   cols: 4
   dt: d
   data: [ 9.9997298988339167e-01, 5.5305885246518917e-03,
       -4.8406708462076405e-03, -8.1447615741274924e-03,
       4.8428324914850706e-03, -3.7752750702813032e-04,
       9.9998820215362583e-01, 2.8404237667829901e-02,
       5.5286957892212059e-03, -9.9998463491373324e-01,
       -4.0430102377042587e-04, 3.0514587147515742e-02, 0., 0., 0., 1. ]
Hobj2base4: !!opencv-matrix
   rows: 4
   cols: 4
   dt: d
   data: [ 9.9998546014656797e-01, 5.3585240694735371e-03,
       -6.0474395708800372e-04, -7.3353680149109990e-01,
       5.3560668692690652e-03, -9.9997767919632774e-01,
       -3.9942029013883351e-03, 9.4140169807294033e-02,
       -6.2613349110231622e-04, 3.9909057771906212e-03,
       -9.9999184028067356e-01, 1.1872747345878342e-03, 0., 0., 0., 1. ]
mean-rme4: 1.9713420663461018e-03
max-rme4: 9.1110946470991938e-03
Hcamera2end5: !!opencv-matrix
   rows: 4
   cols: 4
   dt: d
   data: [ 9.9997294415912341e-01, 5.6324277094546632e-03,
       -4.7314593766014292e-03, -8.1554016829024131e-03,
       4.7334601602475644e-03, -3.4194820098520928e-04,
       9.9998873864976046e-01, 2.8405841538420545e-02,
       5.6307463666916656e-03, -9.9998407928802824e-01,
       -3.6859982145709402e-04, 3.0185029599907015e-02, 0., 0., 0., 1. ]
Hobj2base5: !!opencv-matrix
   rows: 4
   cols: 4
   dt: d
   data: [ 9.9998473985896741e-01, 5.5072615160109088e-03,
       -4.3602727833989445e-04, -7.3324495561426528e-01,
       5.5056044469327121e-03, -9.9997794515914573e-01,
       -3.7145006349447074e-03, 9.4115804546701667e-02,
       -4.5647438822569146e-04, 3.7120433574185405e-03,
       -9.9999300615816611e-01, 1.2678191519133893e-03, 0., 0., 0., 1. ]
mean-rme5: 1.8739229132813241e-03
max-rme5: 9.0664469808766635e-03
Hcamera2end6: !!opencv-matrix
   rows: 4
   cols: 4
   dt: d
   data: [ 9.9998613179214246e-01, 4.0054358392853547e-03,
       -3.4194600634082852e-03, -8.0618052536843565e-03,
       3.4213914767500598e-03, -4.7544520859510442e-04,
       9.9999403399831155e-01, 2.8338623866283986e-02,
       4.0037861769452437e-03, -9.9999186518470773e-01,
       -4.8914277906342285e-04, 3.0138080984503057e-02, 0., 0., 0., 1. ]
Hobj2base6: !!opencv-matrix
   rows: 4
   cols: 4
   dt: d
   data: [ 9.9999075449425012e-01, 4.2794003770755097e-03,
       -4.2149547227777150e-04, -7.3307387580665673e-01,
       4.2779742144329553e-03, -9.9998531065136298e-01,
       -3.3282755472379692e-03, 9.4483782141828399e-02,
       -4.3573230441569153e-04, 3.3264416288853551e-03,
       -9.9999437244588973e-01, 1.3847811304149628e-03, 0., 0., 0., 1. ]
mean-rme6: 1.9539434666772625e-03
max-rme6: 8.7724172195523531e-03
Hcamera2end7: !!opencv-matrix
   rows: 4
   cols: 4
   dt: d
   data: [ 9.9998422602853509e-01, 4.2215255523368935e-03,
       -3.7049178294126421e-03, -8.1832431375285682e-03,
       3.7065952261703919e-03, -3.8958924136833772e-04,
       9.9999305466190735e-01, 2.8208856972251339e-02,
       4.2200528362881734e-03, -9.9999101343073793e-01,
       -4.0523058245822696e-04, 3.0066103451617109e-02, 0., 0., 0., 1. ]
Hobj2base7: !!opencv-matrix
   rows: 4
   cols: 4
   dt: d
   data: [ 9.9999060339194490e-01, 4.3166881304418144e-03,
       -3.9916337313630442e-04, -7.3298476193736084e-01,
       4.3155554251110024e-03, -9.9998677824127125e-01,
       -2.7963054223753719e-03, 9.4545376137862583e-02,
       -4.1122887392034931e-04, 2.7945565349288717e-03,
       -9.9999601066433574e-01, 1.5154174292720984e-03, 0., 0., 0., 1. ]
mean-rme7: 1.9117150042028247e-03
max-rme7: 8.8420862605360639e-03
Hcamera2end8: !!opencv-matrix
   rows: 4
   cols: 4
   dt: d
   data: [ 9.9999580135390342e-01, -6.5317274481879175e-04,
       -2.8232321778197786e-03, -8.3734684856636970e-03,
       2.8242138325461092e-03, 1.5068932395739809e-03,
       9.9999487653137120e-01, 2.8651313400490246e-02,
       -6.4891508882622016e-04, -9.9999865131815546e-01,
       1.5087316121634720e-03, 2.9875607019823447e-02, 0., 0., 0., 1. ]
Hobj2base8: !!opencv-matrix
   rows: 4
   cols: 4
   dt: d
   data: [ 9.9999843224641261e-01, -1.2020212672489445e-04,
       -1.7666511160230518e-03, -7.3292039352247784e-01,
       -1.2638566041151171e-04, -9.9999386542132584e-01,
       -3.5004494539754086e-03, 9.5365745571593399e-02,
       -1.7662195168939301e-03, 3.5006672455012346e-03,
       -9.9999231286918122e-01, 1.3594816682236982e-03, 0., 0., 0., 1. ]
mean-rme8: 2.1903871113876428e-03
max-rme8: 7.6175105815438071e-03
Hcamera2end9: !!opencv-matrix
   rows: 4
   cols: 4
   dt: d
   data: [ 9.9999082588104127e-01, -1.3880860278507824e-03,
       -4.0523290750218727e-03, -8.5044791257240931e-03,
       4.0557019861788652e-03, 2.4357660884659627e-03,
       9.9998880909986254e-01, 2.8824577146720438e-02,
       -1.3781999681784201e-03, -9.9999607012264868e-01,
       2.4413734057182612e-03, 2.9429019738716054e-02, 0., 0., 0., 1. ]
Hobj2base9: !!opencv-matrix
   rows: 4
   cols: 4
   dt: d
   data: [ 9.9999734672502738e-01, -3.9507720208189709e-04,
       -2.2694618105976632e-03, -7.3270133139510274e-01,
       -4.0506476419672457e-04, -9.9999022876846322e-01,
       -4.4020779335395546e-03, 9.5046808556883897e-02,
       -2.2677004745275189e-03, 4.4029855326295090e-03,
       -9.9998773555127007e-01, 1.3400412233504522e-03, 0., 0., 0., 1. ]
mean-rme9: 2.3167807938002149e-03
max-rme9: 7.3293806157207486e-03
Hcamera2end10: !!opencv-matrix
   rows: 4
   cols: 4
   dt: d
   data: [ 9.9999230788821192e-01, -1.1745032928137348e-03,
       -3.7422862561286726e-03, -8.5104519900661840e-03,
       3.7438514768261162e-03, 1.3333089740923398e-03,
       9.9999210290046747e-01, 2.8671479271835668e-02,
       -1.1695043937954108e-03, -9.9999842141335149e-01,
       1.3376958840179975e-03, 2.9395495847268603e-02, 0., 0., 0., 1. ]
Hobj2base10: !!opencv-matrix
   rows: 4
   cols: 4
   dt: d
   data: [ 9.9999837020118021e-01, -2.7945600336876569e-04,
       -1.7836757904972052e-03, -7.3238239357871804e-01,
       -2.8623313051760502e-04, -9.9999273747024509e-01,
       -3.8004048942498897e-03, 9.5060097049849870e-02,
       -1.7826007905357736e-03, 3.8009092474598207e-03,
       -9.9999118767282846e-01, 1.4055121705256468e-03, 0., 0., 0., 1. ]
mean-rme10: 2.3143656103009613e-03
max-rme10: 7.5944764570471390e-03
Hcamera2end11: !!opencv-matrix
   rows: 4
   cols: 4
   dt: d
   data: [ 9.9998658316163902e-01, -3.0087626195553561e-03,
       -4.2167338319540823e-03, -8.6410205378879643e-03,
       4.2219419741625630e-03, 1.7267447097327748e-03,
       9.9998959672522292e-01, 2.8138135690558456e-02,
       -3.0014500957344084e-03, -9.9999398283200003e-01,
       1.7394243634719642e-03, 2.8708282767102748e-02, 0., 0., 0., 1. ]
Hobj2base11: !!opencv-matrix
   rows: 4
   cols: 4
   dt: d
   data: [ 9.9999472578436033e-01, -1.9286256438525871e-03,
       -2.6131985358814149e-03, -7.3185284953984298e-01,
       -1.9408800882692704e-03, -9.9998709466247893e-01,
       -4.6950498375794309e-03, 9.4939113073135684e-02,
       -2.6041098181563784e-03, 4.7000969798791353e-03,
       -9.9998556374601466e-01, 2.1153196756461610e-03, 0., 0., 0., 1. ]
mean-rme11: 2.3561338877518896e-03
max-rme11: 7.7477875423964671e-03
Hcamera2end12: !!opencv-matrix
   rows: 4
   cols: 4
   dt: d
   data: [ 9.9998768445614339e-01, -2.4561055541018782e-03,
       -4.3125956856259412e-03, -8.6391882523078455e-03,
       4.3153246511944479e-03, 1.1068810572337773e-03,
       9.9999007634450043e-01, 2.8195855124890961e-02,
       -2.4513076500845615e-03, -9.9999637117333195e-01,
       1.1174663182351718e-03, 2.8765214474468521e-02, 0., 0., 0., 1. ]
Hobj2base12: !!opencv-matrix
   rows: 4
   cols: 4
   dt: d
   data: [ 9.9999727175067954e-01, -1.1779452233926810e-03,
       -2.0171604418825705e-03, -7.3176259775109864e-01,
       -1.1866015766318096e-03, -9.9999007006568608e-01,
       -4.2955496414506522e-03, 9.4812976096258772e-02,
       -2.0120804894298897e-03, 4.2979314878809193e-03,
       -9.9998873959511614e-01, 1.9634979481530802e-03, 0., 0., 0., 1. ]
mean-rme12: 2.2708965892876080e-03
max-rme12: 7.8352458014701587e-03
Hcamera2end13: !!opencv-matrix
   rows: 4
   cols: 4
   dt: d
   data: [ 9.9998336913625829e-01, -3.2908772043946793e-03,
       -4.7361986997369312e-03, -8.6483427901604716e-03,
       4.7395133044882080e-03, 1.0001425245117490e-03,
       9.9998826829546739e-01, 2.8360103177315452e-02,
       -3.2861017230715185e-03, -9.9999408490358410e-01,
       1.0157230475714707e-03, 2.9062836200378951e-02, 0., 0., 0., 1. ]
Hobj2base13: !!opencv-matrix
   rows: 4
   cols: 4
   dt: d
   data: [ 9.9999690276932751e-01, -1.8350920541648560e-03,
       -1.6813354527855815e-03, -7.3192260290159949e-01,
       -1.8432437477771547e-03, -9.9998649283444330e-01,
       -4.8596914672065497e-03, 9.4825466922696180e-02,
       -1.6723947615121006e-03, 4.8627755266823424e-03,
       -9.9998677816756110e-01, 1.6495978568106719e-03, 0., 0., 0., 1. ]
mean-rme13: 2.2904808972687624e-03
max-rme13: 7.7079396925869847e-03
Hcamera2end14: !!opencv-matrix
   rows: 4
   cols: 4
   dt: d
   data: [ 9.9999511626956172e-01, -1.2387657696961347e-03,
       -2.8693024228092640e-03, -8.6128451349693335e-03,
       2.8708141336752954e-03, 1.2202877903412235e-03,
       9.9999513465012357e-01, 2.8378762045803752e-02,
       -1.2352583679538997e-03, -9.9999848817739545e-01,
       1.2238380970645002e-03, 2.9699237646360913e-02, 0., 0., 0., 1. ]
Hobj2base14: !!opencv-matrix
   rows: 4
   cols: 4
   dt: d
   data: [ 9.9999820947994522e-01, -7.3432168721107105e-04,
       -1.7440781414146595e-03, -7.3267641279616058e-01,
       -7.3923879073117924e-04, -9.9999574958261972e-01,
       -2.8203444301528168e-03, 9.5617587842290352e-02,
       -1.7419996882741488e-03, 2.8216286704857534e-03,
       -9.9999450190925154e-01, 1.7032782831535947e-03, 0., 0., 0., 1. ]
mean-rme14: 2.2838305474113404e-03
max-rme14: 7.7922165707472457e-03
Hcamera2end15: !!opencv-matrix
   rows: 4
   cols: 4
   dt: d
   data: [ 9.9999375618487818e-01, -1.8678599568211903e-03,
       -2.9997817320917431e-03, -8.5477318818157743e-03,
       3.0026767214815049e-03, 1.5490258500291398e-03,
       9.9999429220942149e-01, 2.8359384406988816e-02,
       -1.8632025560202728e-03, -9.9999705580471454e-01,
       1.5546247578094308e-03, 2.9840277499097973e-02, 0., 0., 0., 1. ]
Hobj2base15: !!opencv-matrix
   rows: 4
   cols: 4
   dt: d
   data: [ 9.9999746823029534e-01, -1.3049136575627115e-03,
       -1.8332303035139832e-03, -7.3287847863810762e-01,
       -1.3107720646313612e-03, -9.9999402694809914e-01,
       -3.1981158076054184e-03, 9.5616265432419106e-02,
       -1.8290460885384224e-03, 3.2005106577825868e-03,
       -9.9999320563788596e-01, 1.6956107933834841e-03, 0., 0., 0., 1. ]
mean-rme15: 2.2709678151580158e-03
max-rme15: 7.7316070852767593e-03
Hcamera2end16: !!opencv-matrix
   rows: 4
   cols: 4
   dt: d
   data: [ 9.9999402238602175e-01, -2.4150981608037632e-03,
       -2.4743672116936725e-03, -8.5773907771267092e-03,
       2.4785723200917461e-03, 1.7397377578898254e-03,
       9.9999541498538280e-01, 2.8310806295522725e-02,
       -2.4107823374783254e-03, -9.9999557029689268e-01,
       1.7457133538607561e-03, 2.9808445955013408e-02, 0., 0., 0., 1. ]
Hobj2base16: !!opencv-matrix
   rows: 4
   cols: 4
   dt: d
   data: [ 9.9999621285674700e-01, -2.0621416941910028e-03,
       -1.8225926030235782e-03, -7.3285787061057872e-01,
       -2.0677219483609829e-03, -9.9999316466883847e-01,
       -3.0651495144162410e-03, 9.5883922403645169e-02,
       -1.8162593723869570e-03, 3.0689065209841306e-03,
       -9.9999364148711378e-01, 1.7665880064356078e-03, 0., 0., 0., 1. ]
mean-rme16: 2.2103618677157487e-03
max-rme16: 7.6495973599046696e-03
Hcamera2end17: !!opencv-matrix
   rows: 4
   cols: 4
   dt: d
   data: [ 9.9999790547490708e-01, -1.3814726324007389e-03,
       -1.5101586554712063e-03, -8.5755585349074834e-03,
       1.5146334326709035e-03, 3.2438444807968425e-03,
       9.9999359165874124e-01, 2.7980506718468811e-02,
       -1.3765650596329929e-03, -9.9999378448385889e-01,
       3.2459301111186223e-03, 2.9596490792874134e-02, 0., 0., 0., 1. ]
Hobj2base17: !!opencv-matrix
   rows: 4
   cols: 4
   dt: d
   data: [ 9.9999450624026986e-01, -1.4340825272862226e-03,
       -2.9884605708872529e-03, -7.3324886019291136e-01,
       -1.4394046089057522e-03, -9.9999738076477529e-01,
       -1.7794881176382367e-03, 9.6202539643563553e-02,
       -2.9859008105890396e-03, 1.7837799454773439e-03,
       -9.9999395124443402e-01, 2.4948976610572916e-03, 0., 0., 0., 1. ]
mean-rme17: 2.1891109325578259e-03
max-rme17: 7.6919214620611021e-03
Hcamera2end18: !!opencv-matrix
   rows: 4
   cols: 4
   dt: d
   data: [ 9.9999687443504726e-01, -1.3943957695870851e-03,
       -2.0752784329311461e-03, -8.6347825858954612e-03,
       2.0797246573001226e-03, 3.1947909778925476e-03,
       9.9999273400158140e-01, 2.8069308576199180e-02,
       -1.3877555570954848e-03, -9.9999392446706670e-01,
       3.1976809516298665e-03, 2.9480714360098314e-02, 0., 0., 0., 1. ]
Hobj2base18: !!opencv-matrix
   rows: 4
   cols: 4
   dt: d
   data: [ 9.9999476075321925e-01, -1.3779311267959576e-03,
       -2.9291247705932762e-03, -7.3309820532256398e-01,
       -1.3841929970758648e-03, -9.9999675894745499e-01,
       -2.1368444803808342e-03, 9.6040046558854897e-02,
       -2.9261708526233435e-03, 2.1408877589202857e-03,
       -9.9999342704027105e-01, 2.3944948063433689e-03, 0., 0., 0., 1. ]
mean-rme18: 2.2235888488366254e-03
max-rme18: 7.6728321587513637e-03
Hcamera2end19: !!opencv-matrix
   rows: 4
   cols: 4
   dt: d
   data: [ 9.9999356995244537e-01, -3.3173773218501488e-03,
       -1.3620064126979906e-03, -8.7173861748945803e-03,
       1.3699925053771321e-03, 2.4062697904675412e-03,
       9.9999616648576761e-01, 2.8088270453195101e-02,
       -3.3140872497516723e-03, -9.9999160240144025e-01,
       2.4107991001068863e-03, 2.9685991995656875e-02, 0., 0., 0., 1. ]
Hobj2base19: !!opencv-matrix
   rows: 4
   cols: 4
   dt: d
   data: [ 9.9999234274175597e-01, -3.1445205047191697e-03,
       -2.3294738997862163e-03, -7.3291334201221359e-01,
       -3.1497783376511950e-03, -9.9999249268757362e-01,
       -2.2568706025100516e-03, 9.6470374265723399e-02,
       -2.3223596358117708e-03, 2.2641906474966953e-03,
       -9.9999474002938316e-01, 2.1838759307972566e-03, 0., 0., 0., 1. ]
mean-rme19: 2.2491464895750108e-03
max-rme19: 7.5155109749566185e-03
Hcamera2end20: !!opencv-matrix
   rows: 4
   cols: 4
   dt: d
   data: [ 9.9999737107890263e-01, -1.3031542229358201e-03,
       -1.8866966779935385e-03, -8.5352758939101284e-03,
       1.8915133485672803e-03, 3.7048735564549906e-03,
       9.9999134800716294e-01, 2.8063186647712367e-02,
       -1.2961529754234680e-03, -9.9999228782076210e-01,
       3.7073287502427110e-03, 2.9125587883283361e-02, 0., 0., 0., 1. ]
Hobj2base20: !!opencv-matrix
   rows: 4
   cols: 4
   dt: d
   data: [ 9.9999373060150820e-01, -9.8318735620772559e-04,
       -3.4017789905854356e-03, -7.3295308914563984e-01,
       -9.8959022967845750e-04, -9.9999774119297635e-01,
       -1.8810422968256514e-03, 9.5893240830307203e-02,
       -3.3999218896204274e-03, 1.8843968710745213e-03,
       -9.9999244476124760e-01, 2.5847843920160183e-03, 0., 0., 0., 1. ]
mean-rme20: 2.2861769102604269e-03
max-rme20: 7.5298289792469220e-03
Hcamera2end21: !!opencv-matrix
   rows: 4
   cols: 4
   dt: d
   data: [ 9.9999745378494631e-01, -1.7499925067470492e-03,
       -1.4247630857342750e-03, -8.5600102651245610e-03,
       1.4304285383622683e-03, 3.2404415519917684e-03,
       9.9999372668669517e-01, 2.8049236424834305e-02,
       -1.7453646669910155e-03, -9.9999321850939293e-01,
       3.2429365403543464e-03, 2.9320483967698745e-02, 0., 0., 0., 1. ]
Hobj2base21: !!opencv-matrix
   rows: 4
   cols: 4
   dt: d
   data: [ 9.9999415164930339e-01, -1.6897434330195870e-03,
       -2.9734549467799664e-03, -7.3294595061470957e-01,
       -1.6954098002179886e-03, -9.9999674986861775e-01,
       -1.9041632837271825e-03, 9.6148322663567598e-02,
       -2.9702277352566539e-03, 1.9091933721697930e-03,
       -9.9999376634450510e-01, 2.4643451696785648e-03, 0., 0., 0., 1. ]
mean-rme21: 2.2611954825084023e-03
max-rme21: 7.5593779242102421e-03
Hcamera2end22: !!opencv-matrix
   rows: 4
   cols: 4
   dt: d
   data: [ 9.9999786049063888e-01, -1.3673928843654631e-03,
       -1.5521761641545523e-03, -8.5045103424803530e-03,
       1.5565271220840757e-03, 3.1866400769134939e-03,
       9.9999371125439485e-01, 2.7952446930027533e-02,
       -1.3624380584083466e-03, -9.9999398776278636e-01,
       3.1887616431782728e-03, 2.9376688952005854e-02, 0., 0., 0., 1. ]
Hobj2base22: !!opencv-matrix
   rows: 4
   cols: 4
   dt: d
   data: [ 9.9999525893737939e-01, -1.2523207351648189e-03,
       -2.8131469104748590e-03, -7.3304841455830783e-01,
       -1.2574740153195173e-03, -9.9999753339840636e-01,
       -1.8308348379501350e-03, 9.6020256980435856e-02,
       -2.8108471791319796e-03, 1.8343636169887187e-03,
       -9.9999436710826339e-01, 2.5296367166427131e-03, 0., 0., 0., 1. ]
mean-rme22: 2.2176427155900921e-03
max-rme22: 7.6943999746381664e-03
Hcamera2end23: !!opencv-matrix
   rows: 4
   cols: 4
   dt: d
   data: [ 9.9999761106100771e-01, -1.5230833384938984e-03,
       -1.5678295256759723e-03, -8.5773908510672174e-03,
       1.5729130730467384e-03, 3.3422241740093117e-03,
       9.9999317771774587e-01, 2.7877655539810014e-02,
       -1.5178329098480272e-03, -9.9999325485460877e-01,
       3.3446118673340353e-03, 2.9219905998376500e-02, 0., 0., 0., 1. ]
Hobj2base23: !!opencv-matrix
   rows: 4
   cols: 4
   dt: d
   data: [ 9.9999426648499745e-01, -1.4980477373561039e-03,
       -3.0369145704910454e-03, -7.3294135762523371e-01,
       -1.5036394083696209e-03, -9.9999717712052050e-01,
       -1.8397879008247068e-03, 9.6070837162299014e-02,
       -3.0341499075451773e-03, 1.8443437768012180e-03,
       -9.9999369614531664e-01, 2.6739741212412492e-03, 0., 0., 0., 1. ]
mean-rme23: 2.1985960686538991e-03
max-rme23: 7.7085363802926188e-03
Hcamera2end24: !!opencv-matrix
   rows: 4
   cols: 4
   dt: d
   data: [ 9.9999592228196565e-01, -2.0721727804464368e-03,
       -1.9650749117794196e-03, -8.6707819167810719e-03,
       1.9719035157929406e-03, 3.2985057580291466e-03,
       9.9999261570088038e-01, 2.7888044879835431e-02,
       -2.0656756679913357e-03, -9.9999241295108454e-01,
       3.3025784324437479e-03, 2.9190887340421235e-02, 0., 0., 0., 1. ]
Hobj2base24: !!opencv-matrix
   rows: 4
   cols: 4
   dt: d
   data: [ 9.9999340794372138e-01, -1.9715706340313337e-03,
       -3.0490946749832551e-03, -7.3285537096285691e-01,
       -1.9786187081372018e-03, -9.9999537391044901e-01,
       -2.3102436471040440e-03, 9.6053851658239736e-02,
       -3.0445257610661517e-03, 2.3162614136147085e-03,
       -9.9999268287120691e-01, 2.6314746018795297e-03, 0., 0., 0., 1. ]
mean-rme24: 2.2183687456737910e-03
max-rme24: 7.6878348459478163e-03
