%YAML:1.0
---
Hcamera2end0: !!opencv-matrix
   rows: 4
   cols: 4
   dt: d
   data: [ 9.9982149153640087e-01, -1.1885119339142262e-02,
       -1.4687715963385493e-02, -1.2463866927557236e-02,
       1.4931817330673350e-02, 2.0717172370213532e-02,
       9.9967386661860191e-01, 2.6739884903363150e-02,
       -1.1576955261645674e-02, -9.9971473066434158e-01,
       2.0890940610528985e-02, 3.3480984504763979e-02, 0., 0., 0., 1. ]
Hobj2base0: !!opencv-matrix
   rows: 4
   cols: 4
   dt: d
   data: [ 9.9976355307054388e-01, -7.5397644930860304e-03,
       -2.0395830533484302e-02, -7.4026486306784633e-01,
       -7.8337054755661488e-03, -9.9986605165307307e-01,
       -1.4370518787309919e-02, 9.0617116779723242e-02,
       -2.0284748218400352e-02, 1.4526895851596845e-02,
       -9.9968870068968618e-01, 4.5762533978025710e-03, 0., 0., 0., 1. ]
mean-rme0: 1.1135626848212776e-03
max-rme0: 3.4243889264531785e-03
Hcamera2end1: !!opencv-matrix
   rows: 4
   cols: 4
   dt: d
   data: [ 9.9989425553958877e-01, -1.3855511632021224e-02,
       4.4161676085060445e-03, -1.5747235539291686e-02,
       -4.4287569878952160e-03, -8.7806751359309487e-04,
       9.9998980750254840e-01, 2.8386374310656708e-02,
       -1.3851492716442612e-02, -9.9990362225309326e-01,
       -9.3933735677875774e-04, 3.2062501476917075e-02, 0., 0., 0., 1. ]
Hobj2base1: !!opencv-matrix
   rows: 4
   cols: 4
   dt: d
   data: [ 9.9995024085507445e-01, -9.9688560719965857e-03,
       3.7110981438847484e-04, -7.3280650007575565e-01,
       -9.9699722942549907e-03, -9.9994537358398805e-01,
       3.1383913760948379e-03, 9.2439916055344365e-02,
       3.3980337006348329e-04, -3.1419351669911013e-03,
       -9.9999500637606942e-01, -4.2847393994962672e-04, 0., 0., 0., 1. ]
mean-rme1: 1.8624476145665838e-03
max-rme1: 6.2110438354293085e-03
Hcamera2end2: !!opencv-matrix
   rows: 4
   cols: 4
   dt: d
   data: [ 9.9991790701796246e-01, -1.2518539648388227e-02,
       2.7322865679061037e-03, -1.3314775891479121e-02,
       -2.7333222502205707e-03, -6.5623322761165781e-05,
       9.9999626231454286e-01, 2.8832215250055269e-02,
       -1.2518313556301314e-02, -9.9992163785901300e-01,
       -9.9835138508197474e-05, 3.2282784667820232e-02, 0., 0., 0., 1. ]
Hobj2base2: !!opencv-matrix
   rows: 4
   cols: 4
   dt: d
   data: [ 9.9995212388049026e-01, -9.7570040999830267e-03,
       7.4217106486343170e-04, -7.3322731347546499e-01,
       -9.7586463074073784e-03, -9.9994986933208163e-01,
       2.2422410663565520e-03, 9.4372404003195090e-02,
       7.2025630405464936e-04, -2.2493763014768834e-03,
       -9.9999721076466552e-01, -7.5795359693126008e-04, 0., 0., 0., 1. ]
mean-rme2: 1.8123876748809596e-03
max-rme2: 6.0947400545264818e-03
Hcamera2end3: !!opencv-matrix
   rows: 4
   cols: 4
   dt: d
   data: [ 9.9991841350078259e-01, -1.2436201722520621e-02,
       -2.9167154120353931e-03, -1.6302221618884210e-02,
       2.8935080524076116e-03, -1.8836978232712465e-03,
       9.9999403962906752e-01, 2.7736347486390971e-02,
       -1.2441621808618117e-02, -9.9992089315566723e-01,
       -1.8475598891347644e-03, 3.3377444137127371e-02, 0., 0., 0., 1. ]
Hobj2base3: !!opencv-matrix
   rows: 4
   cols: 4
   dt: d
   data: [ 9.9995874519047556e-01, -8.9367791078430354e-03,
       1.6253911120452209e-03, -7.3400858884592834e-01,
       -8.9334254142379513e-03, -9.9995797632689420e-01,
       -2.0590023289184943e-03, 8.9669474998668147e-02,
       1.6437236561365383e-03, 2.0443970749011828e-03,
       -9.9999655930065190e-01, 9.3379749391008730e-04, 0., 0., 0., 1. ]
mean-rme3: 1.9663843842848078e-03
max-rme3: 6.5604915061836522e-03
Hcamera2end4: !!opencv-matrix
   rows: 4
   cols: 4
   dt: d
   data: [ 9.9996719174807713e-01, -7.9541718027868885e-03,
       -1.5318545610151523e-03, -1.6443636238891363e-02,
       1.5380708795124038e-03, 7.7545843106496815e-04,
       9.9999851649999527e-01, 2.7818365058504785e-02,
       -7.9529721132384785e-03, -9.9996806439763530e-01,
       7.8766706964983335e-04, 3.3420566648609103e-02, 0., 0., 0., 1. ]
Hobj2base4: !!opencv-matrix
   rows: 4
   cols: 4
   dt: d
   data: [ 9.9998522972863513e-01, -5.2470862362622344e-03,
       -1.4171840382099757e-03, -7.3504014726044375e-01,
       -5.2477101774658632e-03, -9.9998613522800306e-01,
       -4.3690920719024345e-04, 8.9162707703220295e-02,
       -1.4148718889888641e-03, 4.4433972502334808e-04,
       -9.9999890034926864e-01, 1.5819496528778287e-03, 0., 0., 0., 1. ]
mean-rme4: 2.0119617378003400e-03
max-rme4: 5.9859591157397363e-03
Hcamera2end5: !!opencv-matrix
   rows: 4
   cols: 4
   dt: d
   data: [ 9.9994454970888647e-01, -1.0404916581467801e-02,
       -1.6233355860468864e-03, -1.6083824320403374e-02,
       1.6062422389247072e-03, -1.6509605942602867e-03,
       9.9999734715397426e-01, 2.7743263427491043e-02,
       -1.0407569041910023e-02, -9.9994450448014804e-01,
       -1.6341562315091984e-03, 3.3554259169208046e-02, 0., 0., 0., 1. ]
Hobj2base5: !!opencv-matrix
   rows: 4
   cols: 4
   dt: d
   data: [ 9.9996887733648920e-01, -7.8281466845536093e-03,
       9.8207835054175377e-04, -7.3413040152688613e-01,
       -7.8273565068920775e-03, -9.9996904104674367e-01,
       -8.0587726686992588e-04, 8.9894974661801033e-02,
       9.8835647187881068e-04, 7.9816510845552731e-04,
       -9.9999919304164631e-01, 1.2500697677137009e-03, 0., 0., 0., 1. ]
mean-rme5: 1.9292818842266738e-03
max-rme5: 6.4352813072017789e-03
Hcamera2end6: !!opencv-matrix
   rows: 4
   cols: 4
   dt: d
   data: [ 9.9997145949983035e-01, -6.5751411063879545e-03,
       -3.7212504901076868e-03, -1.5427040664508703e-02,
       3.7359617102747716e-03, 2.2265358825058756e-03,
       9.9999054251930963e-01, 2.7580565505711748e-02,
       -6.5667934243738872e-03, -9.9997590473840670e-01,
       2.2510368114713186e-03, 3.3742405180339233e-02, 0., 0., 0., 1. ]
Hobj2base6: !!opencv-matrix
   rows: 4
   cols: 4
   dt: d
   data: [ 9.9998475637125073e-01, -4.8871453198883622e-03,
       -2.5695983640531598e-03, -7.3575026064470306e-01,
       -4.8939534003199373e-03, -9.9998451352082030e-01,
       -2.6498940816296898e-03, 8.9381565325690415e-02,
       -2.5566081525623583e-03, 2.6624291822792993e-03,
       -9.9999318758959732e-01, 2.1466579812793735e-03, 0., 0., 0., 1. ]
mean-rme6: 2.0647431009190439e-03
max-rme6: 6.6657402807769051e-03
Hcamera2end7: !!opencv-matrix
   rows: 4
   cols: 4
   dt: d
   data: [ 9.9997231439556300e-01, -7.1058692518203613e-03,
       -2.2084076972427313e-03, -1.5859831539112558e-02,
       2.2281252027689926e-03, 2.7681006471279579e-03,
       9.9999368651851428e-01, 2.7884521389134258e-02,
       -7.0997112942705384e-03, -9.9997092169771806e-01,
       2.7838567769559175e-03, 3.3776278207093120e-02, 0., 0., 0., 1. ]
Hobj2base7: !!opencv-matrix
   rows: 4
   cols: 4
   dt: d
   data: [ 9.9997926622058730e-01, -5.8238214106070543e-03,
       -2.7477687517779292e-03, -7.3586816884058970e-01,
       -5.8291426273681486e-03, -9.9998114301257002e-01,
       -1.9325412036189352e-03, 8.9492129668415701e-02,
       -2.7364621622986002e-03, 1.9485182706970520e-03,
       -9.9999435750977250e-01, 2.0166632269598738e-03, 0., 0., 0., 1. ]
mean-rme7: 2.0432177910874355e-03
max-rme7: 6.2719355255287101e-03
Hcamera2end8: !!opencv-matrix
   rows: 4
   cols: 4
   dt: d
   data: [ 9.9999456370697837e-01, -2.2519525230667880e-03,
       -2.4085818075934334e-03, -1.5718259911856689e-02,
       2.4102550603351089e-03, 7.4060467727632417e-04,
       9.9999682108257526e-01, 2.7653462067117187e-02,
       -2.2501615573433660e-03, -9.9999719010332522e-01,
       7.4602843109672357e-04, 3.3700305782305658e-02, 0., 0., 0., 1. ]
