%YAML:1.0
---
Hcamera2end0: !!opencv-matrix
   rows: 4
   cols: 4
   dt: d
   data: [ 9.9994248069254388e-01, 4.2745726102738166e-03,
       9.8368356416560412e-03, -1.8287629639673370e-02,
       -9.7805704671048675e-03, -1.2990121303050328e-02,
       9.9986778985517388e-01, 2.8137661196481221e-02,
       4.4017891566332217e-03, -9.9990648801652038e-01,
       -1.2947566361637852e-02, 3.2499167963560505e-02, 0., 0., 0., 1. ]
Hobj2base0: !!opencv-matrix
   rows: 4
   cols: 4
   dt: d
   data: [ 9.9992596510858300e-01, 1.1090381008792289e-03,
       1.2117521865445938e-02, -7.3140260513060451e-01,
       9.9549173666113188e-04, -9.9995558215128377e-01,
       9.3724447552265416e-03, 8.8011457699536402e-02,
       1.2127378029524833e-02, -9.3596879744109150e-03,
       -9.9988265458660242e-01, -5.3061288518126604e-04, 0., 0., 0., 1. ]
mean-rme0: 1.3580570165797779e-03
max-rme0: 5.3659993726234700e-03
Hcamera2end1: !!opencv-matrix
   rows: 4
   cols: 4
   dt: d
   data: [ 9.9993366502317127e-01, 6.4394033049765655e-03,
       9.5498501770549561e-03, -1.9009423751893243e-02,
       -9.5685106518687436e-03, 2.8733028493875823e-03,
       9.9995009262194723e-01, 2.8538596338844830e-02,
       6.4116423195164328e-03, -9.9997513879886613e-01,
       2.9347277480249456e-03, 3.2885518375790936e-02, 0., 0., 0., 1. ]
Hobj2base1: !!opencv-matrix
   rows: 4
   cols: 4
   dt: d
   data: [ 9.9998933150927494e-01, 4.4821326963977995e-03,
       -1.1168500908151451e-03, -7.3649740170856837e-01,
       4.4924258194774741e-03, -9.9994581447410225e-01,
       9.3907521519998195e-03, 8.6465803400252089e-02,
       -1.0746989764413792e-03, -9.3956693330320470e-03,
       -9.9995528221010677e-01, 1.9437217957551298e-03, 0., 0., 0., 1. ]
mean-rme1: 1.5996166975635348e-03
max-rme1: 5.0352796516843212e-03
Hcamera2end2: !!opencv-matrix
   rows: 4
   cols: 4
   dt: d
   data: [ 9.9996867916879051e-01, 5.5445740607275237e-03,
       5.6478650753742964e-03, -1.8989304565594251e-02,
       -5.6336397130954795e-03, -2.5779111043995329e-03,
       9.9998080805479506e-01, 2.8930915071564155e-02,
       5.5590273436599219e-03, -9.9998130586167611e-01,
       -2.5465942294602417e-03, 3.2523053829901824e-02, 0., 0., 0., 1. ]
Hobj2base2: !!opencv-matrix
   rows: 4
   cols: 4
   dt: d
   data: [ 9.9998863527051352e-01, 3.2357650043278044e-03,
       3.5013075632773995e-03, -7.3447782414883334e-01,
       3.2159233154544472e-03, -9.9997882331767318e-01,
       5.6578046476337520e-03, 8.5853256396106276e-02,
       3.5195407434795403e-03, -5.6464804115871235e-03,
       -9.9997786480097473e-01, -3.2645470189382464e-04, 0., 0., 0., 1. ]
mean-rme2: 1.7136018824721647e-03
max-rme2: 5.2849177959550520e-03
Hcamera2end3: !!opencv-matrix
   rows: 4
   cols: 4
   dt: d
   data: [ 9.9995255145665385e-01, 9.2201664740930132e-03,
       3.1437820404727041e-03, -1.7946026832888356e-02,
       -3.1262382049929887e-03, -1.9165634750275551e-03,
       9.9999327668696425e-01, 2.9546004690808710e-02,
       9.2261297418597850e-03, -9.9995565667415265e-01,
       -1.8876481001945944e-03, 3.2765962630477929e-02, 0., 0., 0., 1. ]
Hobj2base3: !!opencv-matrix
   rows: 4
   cols: 4
   dt: d
   data: [ 9.9997069606443201e-01, 6.5180874194222622e-03,
       4.0151648544085924e-03, -7.3489270925782479e-01,
       6.5021108320618233e-03, -9.9997094325771663e-01,
       3.9793460518680428e-03, 8.5919140838274177e-02,
       4.0409859122363997e-03, -3.9531223944753724e-03,
       -9.9998402150043963e-01, -8.9466810697542206e-04, 0., 0., 0., 1. ]
mean-rme3: 1.8757526665710931e-03
max-rme3: 5.7334763078266404e-03
Hcamera2end4: !!opencv-matrix
   rows: 4
   cols: 4
   dt: d
   data: [ 9.9995299570858898e-01, 8.9574493758932620e-03,
       3.7108589432912611e-03, -1.8453206573898741e-02,
       -3.6956914984732207e-03, -1.7092360878463442e-03,
       9.9999171015381128e-01, 2.9011240245393404e-02,
       8.9637178540384714e-03, -9.9995842044190730e-01,
       -1.6760517769085492e-03, 3.2729451315223965e-02, 0., 0., 0., 1. ]
Hobj2base4: !!opencv-matrix
   rows: 4
   cols: 4
   dt: d
   data: [ 9.9997162102143511e-01, 6.6550956282605683e-03,
       3.5308432338454357e-03, -7.3493860311812176e-01,
       6.6381474617636070e-03, -9.9996649376980939e-01,
       4.7902333961758400e-03, 8.5438478069269491e-02,
       3.5626043899325130e-03, -4.7666591961943328e-03,
       -9.9998229324826959e-01, -2.8756359042941273e-04, 0., 0., 0., 1. ]
mean-rme4: 1.7520617124754804e-03
max-rme4: 5.5468396495997052e-03
Hcamera2end5: !!opencv-matrix
   rows: 4
   cols: 4
   dt: d
   data: [ 9.9996335622698218e-01, 5.8227904024163576e-03,
       6.2754533859418656e-03, -1.9244899072056759e-02,
       -6.2791982352259591e-03, 6.2507802393685363e-04,
       9.9998009027529489e-01, 2.9100334730632466e-02,
       5.8187518242606359e-03, -9.9998285204767079e-01,
       6.6161757393856657e-04, 3.3030126798779855e-02, 0., 0., 0., 1. ]
Hobj2base5: !!opencv-matrix
   rows: 4
   cols: 4
   dt: d
   data: [ 9.9999076949734045e-01, 4.0977927773705588e-03,
       1.2919034293029351e-03, -7.3554057268375539e-01,
       4.0895681692485293e-03, -9.9997175512295056e-01,
       6.3059010866757361e-03, 8.5909500961073360e-02,
       1.3177072155772078e-03, -6.3005595528967647e-03,
       -9.9997928308391182e-01, 5.9880986572912289e-04, 0., 0., 0., 1. ]
mean-rme5: 1.8430818450021528e-03
max-rme5: 5.4647730788015270e-03
Hcamera2end6: !!opencv-matrix
   rows: 4
   cols: 4
   dt: d
   data: [ 9.9996653233171640e-01, 7.2630678817369567e-03,
       3.7659077826971759e-03, -1.7620902954280045e-02,
       -3.7819294163722308e-03, 2.1934329663904073e-03,
       9.9999044288518624e-01, 3.0291053334020906e-02,
       7.2547382014843597e-03, -9.9997121793417976e-01,
       2.2208279673785469e-03, 3.3122261412890250e-02, 0., 0., 0., 1. ]
Hobj2base6: !!opencv-matrix
   rows: 4
   cols: 4
   dt: d
   data: [ 9.9998479807008378e-01, 5.5073595741207725e-03,
       -2.6947960036261134e-04, -7.3621162407606089e-01,
       5.5084844698613253e-03, -9.9997528533501878e-01,
       4.3686746266545983e-03, 8.6675077981042251e-02,
       -2.4541307823324436e-04, -4.3700926385626384e-03,
       -9.9999042098549706e-01, -3.4682408533677950e-04, 0., 0., 0., 1. ]
mean-rme6: 1.9071302556192492e-03
max-rme6: 5.5773511297778910e-03
Hcamera2end7: !!opencv-matrix
   rows: 4
   cols: 4
   dt: d
   data: [ 9.9997626054309008e-01, 6.7969741462319214e-03,
       1.1311466365553154e-03, -1.7202045697034301e-02,
       -1.1389141539550102e-03, 1.1390285466841288e-03,
       9.9999870274341840e-01, 2.9233421838517407e-02,
       6.7956769205029539e-03, -9.9997625159621928e-01,
       1.1467426768242417e-03, 3.3164872746169180e-02, 0., 0., 0., 1. ]
Hobj2base7: !!opencv-matrix
   rows: 4
   cols: 4
   dt: d
   data: [ 9.9998518436669093e-01, 5.3124201012318311e-03,
       1.1871140565508607e-03, -7.3586517563871534e-01,
       5.3099145204099753e-03, -9.9998368901916979e-01,
       2.1039257113298145e-03, 8.6401413189110460e-02,
       1.1982716307966075e-03, -2.0975910661717033e-03,
       -9.9999708212415217e-01, 2.8419494293890901e-04, 0., 0., 0., 1. ]
mean-rme7: 1.9427034193117423e-03
max-rme7: 5.4978960880217864e-03
Hcamera2end8: !!opencv-matrix
   rows: 4
   cols: 4
   dt: d
   data: [ 9.9997173972684639e-01, 7.5088636871575663e-03,
       -3.6974828181353565e-04, -1.6349658949023790e-02,
       3.6035348409701150e-04, 1.2524754447884590e-03,
       9.9999915072495271e-01, 2.9808709959264022e-02,
       7.5093204107107275e-03, -9.9997102371588131e-01,
       1.2497342042989690e-03, 3.3200038879142836e-02, 0., 0., 0., 1. ]
