%YAML:1.0
---
Hcamera2end0: !!opencv-matrix
   rows: 4
   cols: 4
   dt: d
   data: [ 9.9993929688409977e-01, -2.4757570641778491e-03,
       -1.0736534538259693e-02, -1.5495005066091836e-02,
       1.0724414432288356e-02, -4.8578990782981446e-03,
       9.9993069147397884e-01, 2.7944662299415855e-02,
       -2.5277424743424719e-03, -9.9998513561127711e-01,
       -4.8310531438973126e-03, 3.2916098586040776e-02, 0., 0., 0., 1. ]
Hobj2base0: !!opencv-matrix
   rows: 4
   cols: 4
   dt: d
   data: [ 9.9997767743173116e-01, -3.0107290200197794e-03,
       5.9649098072583374e-03, -7.3270955061341991e-01,
       -2.9508141824228697e-03, -9.9994536429769498e-01,
       -1.0028016514298351e-02, 8.7520614453148113e-02,
       5.9947755505546669e-03, 1.0010191322758977e-02,
       -9.9993192705092704e-01, -1.4213638314661732e-03, 0., 0., 0., 1. ]
mean-rme0: 1.1051616741100145e-03
max-rme0: 3.3640568694566775e-03
Hcamera2end1: !!opencv-matrix
   rows: 4
   cols: 4
   dt: d
   data: [ 9.9995701795718883e-01, -3.9356270548121432e-03,
       -8.3948244681939909e-03, -1.5647499708961895e-02,
       8.3902321115398616e-03, -1.1819300647015751e-03,
       9.9996410287891657e-01, 2.8327060060823913e-02,
       -3.9454078725580707e-03, -9.9999155690486075e-01,
       -1.1488584384387046e-03, 3.2993186625435135e-02, 0., 0., 0., 1. ]
Hobj2base1: !!opencv-matrix
   rows: 4
   cols: 4
   dt: d
   data: [ 9.9999064686370209e-01, -3.6998915609729004e-03,
       2.2398632886335853e-03, -7.3362990307143916e-01,
       -3.6831519895095255e-03, -9.9996559903752202e-01,
       -7.4320342405060367e-03, 8.8143386647212996e-02,
       2.2672839559479472e-03, 7.4237149707490546e-03,
       -9.9996987348594479e-01, -9.4397681045037859e-04, 0., 0., 0., 1. ]
mean-rme1: 1.0680945273348636e-03
max-rme1: 3.2373465028471271e-03
Hcamera2end2: !!opencv-matrix
   rows: 4
   cols: 4
   dt: d
   data: [ 9.9998253796992254e-01, -5.9068509923613432e-03,
       1.8129144097978360e-04, -1.7456711697631674e-02,
       -1.8061635132970034e-04, 1.1482250474204037e-04,
       9.9999997709676280e-01, 3.0382079627855399e-02,
       -5.9068716734126756e-03, -9.9998254781128393e-01,
       1.1375362583387894e-04, 3.3050024677216100e-02, 0., 0., 0., 1. ]
Hobj2base2: !!opencv-matrix
   rows: 4
   cols: 4
   dt: d
   data: [ 9.9998119891483972e-01, -5.9061404306694175e-03,
       1.6490367045579955e-03, -7.3387410352290583e-01,
       -5.9071434502091357e-03, -9.9998237024110148e-01,
       6.0403911066169694e-04, 8.8926407674217792e-02,
       1.6454400926252946e-03, -6.1376885043942146e-04,
       -9.9999845790616071e-01, -1.9492314963956772e-03, 0., 0., 0., 1. ]
mean-rme2: 1.4937771879090151e-03
max-rme2: 4.6425171697639656e-03
Hcamera2end3: !!opencv-matrix
   rows: 4
   cols: 4
   dt: d
   data: [ 9.9994605465815478e-01, -9.5082462703098662e-03,
       4.1810317451265525e-03, -1.7177851941307703e-02,
       -4.1492035274958696e-03, 3.3646993625372490e-03,
       9.9998573135234647e-01, 3.0029589371643291e-02,
       -9.5221785153416089e-03, -9.9994913473189373e-01,
       3.3250662037148659e-03, 3.3508344962203986e-02, 0., 0., 0., 1. ]
Hobj2base3: !!opencv-matrix
   rows: 4
   cols: 4
   dt: d
   data: [ 9.9996176577252671e-01, -8.6834871046018447e-03,
       -1.0315254696795977e-03, -7.3490751473805527e-01,
       -8.6792159933948634e-03, -9.9995403050125886e-01,
       4.0753029368671284e-03, 9.0927575350898557e-02,
       -1.0668658914704495e-03, -4.0661942884535809e-03,
       -9.9999116389155063e-01, -7.1615704511486365e-05, 0., 0., 0., 1. ]
mean-rme3: 1.5667334858290272e-03
max-rme3: 5.5113865883983371e-03
Hcamera2end4: !!opencv-matrix
   rows: 4
   cols: 4
   dt: d
   data: [ 9.9996028407594728e-01, -8.5465312955782628e-03,
       2.5272660256780498e-03, -1.6536028678897183e-02,
       -2.5029495116807650e-03, 2.8546911035773892e-03,
       9.9999279296525201e-01, 2.9897607284518558e-02,
       -8.5536842642701151e-03, -9.9995940294669816e-01,
       2.8331861905495082e-03, 3.3371537330955513e-02, 0., 0., 0., 1. ]
Hobj2base4: !!opencv-matrix
   rows: 4
   cols: 4
   dt: d
   data: [ 9.9996629209276289e-01, -8.0774708344921228e-03,
       -1.4728011302026489e-03, -7.3470007977006513e-01,
       -8.0740580826002498e-03, -9.9996473937612507e-01,
       2.3085905911298600e-03, 9.0994769036201129e-02,
       -1.4913967714845885e-03, -2.2966212915029901e-03,
       -9.9999625062612796e-01, -2.9199559915260023e-04, 0., 0., 0., 1. ]
mean-rme4: 1.5275365166250406e-03
max-rme4: 5.3900620755668038e-03
Hcamera2end5: !!opencv-matrix
   rows: 4
   cols: 4
   dt: d
   data: [ 9.9994275903187857e-01, -1.0698189065639751e-02,
       1.6556095635262506e-04, -1.5185810960565786e-02,
       -1.5192674861977309e-04, 1.2752408423224448e-03,
       9.9999917533918870e-01, 3.1259595867975012e-02,
       -1.0698391373355910e-02, -9.9994195957140952e-01,
       1.2735425052212701e-03, 3.3387914197154353e-02, 0., 0., 0., 1. ]
Hobj2base5: !!opencv-matrix
   rows: 4
   cols: 4
   dt: d
   data: [ 9.9993927493992985e-01, -1.1019450948992170e-02,
       -1.3466027664487282e-04, -7.3412780826597235e-01,
       -1.1019384756928825e-02, -9.9993916818973960e-01,
       4.8278317083878960e-04, 9.2368521423218400e-02,
       -1.3997209048653131e-04, -4.8126998040191524e-04,
       -9.9999987439350169e-01, -1.9621483672407902e-03, 0., 0., 0., 1. ]
mean-rme5: 1.7330687580962715e-03
max-rme5: 6.6936991867089304e-03
Hcamera2end6: !!opencv-matrix
   rows: 4
   cols: 4
   dt: d
   data: [ 9.9993640530869965e-01, -1.1259268209431388e-02,
       6.4359747045982657e-04, -1.5288969157044101e-02,
       -6.4586900723768211e-04, -1.9811321337925847e-04,
       9.9999977180216393e-01, 3.1014988580002890e-02,
       -1.1259138134927753e-02, -9.9993659280503511e-01,
       -2.0537262681119550e-04, 3.3190732357955818e-02, 0., 0., 0., 1. ]
Hobj2base6: !!opencv-matrix
   rows: 4
   cols: 4
   dt: d
   data: [ 9.9992953509028848e-01, -1.1821126303821197e-02,
       1.0889568534646415e-03, -7.3335284164644243e-01,
       -1.1822132876596452e-02, -9.9992969052611014e-01,
       9.2259341362106295e-04, 9.2659949295531230e-02,
       1.0779741962116971e-03, -9.3540219577801110e-04,
       -9.9999898149666411e-01, -2.3190569755150666e-03, 0., 0., 0., 1. ]
mean-rme6: 1.7953653150020910e-03
max-rme6: 6.6134441178469089e-03
Hcamera2end7: !!opencv-matrix
   rows: 4
   cols: 4
   dt: d
   data: [ 9.9993956321203037e-01, -1.0859086188046606e-02,
       1.7176060358791104e-03, -1.5014775399103973e-02,
       -1.7215473316463002e-03, -3.5361204007733349e-04,
       9.9999845561546241e-01, 3.1977661063504990e-02,
       -1.0858462051267410e-02, -9.9994097586091835e-01,
       -3.7228509975251178e-04, 3.3106432918614502e-02, 0., 0., 0., 1. ]
Hobj2base7: !!opencv-matrix
   rows: 4
   cols: 4
   dt: d
   data: [ 9.9993630097067210e-01, -1.1266592723999123e-02,
       6.7667531438048514e-04, -7.3329960717865306e-01,
       -1.1267851759216848e-02, -9.9993473608159400e-01,
       1.8865561653777412e-03, 9.2966597832946557e-02,
       6.5537609193171956e-04, -1.8940606707127947e-03,
       -9.9999799150615964e-01, -3.2488670653222531e-03, 0., 0., 0., 1. ]
mean-rme7: 1.8728960689923895e-03
max-rme7: 6.5252339474805125e-03
Hcamera2end8: !!opencv-matrix
   rows: 4
   cols: 4
   dt: d
   data: [ 9.9993016776169330e-01, -1.1301883728354396e-02,
       3.4535524120248738e-03, -1.5604202774593777e-02,
       -3.4515934237704209e-03, 1.9283374226275463e-04,
       9.9999402464113996e-01, 3.0701990870435000e-02,
       -1.1302482156979037e-02, -9.9993611307889985e-01,
       1.5381076869791510e-04, 3.3169964019273676e-02, 0., 0., 0., 1. ]
