%YAML:1.0
---
Hcamera2end0: !!opencv-matrix
   rows: 4
   cols: 4
   dt: d
   data: [ 9.9989841845922511e-01, -5.8483721133000093e-03,
       1.2998050098565592e-02, -1.2850570976509788e-02,
       -1.2893598743043525e-02, 1.7556527579951187e-02,
       9.9976273357771628e-01, 2.4735046546481825e-02,
       -6.0751851160135550e-03, -9.9982876778124308e-01,
       1.7479337597500089e-02, 3.4623485471887476e-02, 0., 0., 0., 1. ]
Hobj2base0: !!opencv-matrix
   rows: 4
   cols: 4
   dt: d
   data: [ 9.9987790093544149e-01, -5.4694616563758262e-03,
       -1.4637903201100286e-02, -7.4001803252601295e-01,
       -5.2527374345517569e-03, -9.9987662638517394e-01,
       1.4803403596712655e-02, 9.7131099740817337e-02,
       -1.4717063918424967e-02, -1.4724707052873449e-02,
       -9.9978327203040784e-01, 9.2421432505475163e-03, 0., 0., 0., 1. ]
mean-rme0: 7.8395272261814705e-04
max-rme0: 2.3241930254682130e-03
Hcamera2end1: !!opencv-matrix
   rows: 4
   cols: 4
   dt: d
   data: [ 9.9985938311775868e-01, -1.6637375026586083e-02,
       2.1004151017610852e-03, -1.4826257090008758e-02,
       -2.0249957486436470e-03, 4.5486782405793624e-03,
       9.9998760438241530e-01, 2.7610425374134183e-02,
       -1.6646722908517202e-02, -9.9985124257485858e-01,
       4.5143480059294250e-03, 3.4130413241416274e-02, 0., 0., 0., 1. ]
Hobj2base1: !!opencv-matrix
   rows: 4
   cols: 4
   dt: d
   data: [ 9.9986683056301062e-01, -1.6169430687450293e-02,
       -2.2069551702420323e-03, -7.3529627921998786e-01,
       -1.6157968542705580e-02, -9.9985636168440006e-01,
       5.1162536885832133e-03, 9.4490467638725609e-02,
       -2.2893650763157339e-03, -5.0799124477440777e-03,
       -9.9998447652804567e-01, 2.2639302713612125e-03, 0., 0., 0., 1. ]
mean-rme1: 1.6758606465370374e-03
max-rme1: 3.7006472703995097e-03
Hcamera2end2: !!opencv-matrix
   rows: 4
   cols: 4
   dt: d
   data: [ 9.9988416213226583e-01, -1.5197303822833828e-02,
       -8.3921008881406717e-04, -1.4246387527633445e-02,
       8.3303041874284358e-04, -4.1295507908101214e-04,
       9.9999956776411847e-01, 2.7641428568351039e-02,
       -1.5197643810082408e-02, -9.9988442903398522e-01,
       -4.0024742687783110e-04, 3.3877083963860424e-02, 0., 0., 0., 1. ]
Hobj2base2: !!opencv-matrix
   rows: 4
   cols: 4
   dt: d
   data: [ 9.9988732057674401e-01, -1.4841232458138700e-02,
       2.2547658377241918e-03, -7.3398599778969176e-01,
       -1.4847817907614313e-02, -9.9988546461756589e-01,
       2.9325671171388421e-03, 9.4152233895786835e-02,
       2.2109846769721173e-03, -2.9657150297502616e-03,
       -9.9999315801715372e-01, 9.9018262309186200e-04, 0., 0., 0., 1. ]
mean-rme2: 1.7594702533721988e-03
max-rme2: 5.2661521563601710e-03
Hcamera2end3: !!opencv-matrix
   rows: 4
   cols: 4
   dt: d
   data: [ 9.9992033608134478e-01, -1.2594765867004037e-02,
       -8.3268464971703645e-04, -1.5008165334779803e-02,
       8.2067360447025256e-04, -9.5879195410164542e-04,
       9.9999920360609496e-01, 2.7988885443210453e-02,
       -1.2595554207951713e-02, -9.9992022311319650e-01,
       -9.4837938107583675e-04, 3.3775309286407512e-02, 0., 0., 0., 1. ]
Hobj2base3: !!opencv-matrix
   rows: 4
   cols: 4
   dt: d
   data: [ 9.9992102108435177e-01, -1.2512689363802055e-02,
       1.1765196608257945e-03, -7.3426051700067341e-01,
       -1.2515848646078433e-02, -9.9991798128457576e-01,
       2.7173951583328191e-03, 9.2911588367188491e-02,
       1.1424212426996243e-03, -2.7319056834138574e-03,
       -9.9999561577290952e-01, 8.8599578969858787e-04, 0., 0., 0., 1. ]
mean-rme3: 1.7379678968030693e-03
max-rme3: 6.1731151504500481e-03
Hcamera2end4: !!opencv-matrix
   rows: 4
   cols: 4
   dt: d
   data: [ 9.9992841800413679e-01, -1.1894566469087374e-02,
       -1.2954367050477698e-03, -1.4899405786069974e-02,
       1.2627696403654208e-03, -2.7534851890491652e-03,
       9.9999541185554897e-01, 2.8037725476514005e-02,
       -1.1898078860878930e-02, -9.9992546602625643e-01,
       -2.7382679916612140e-03, 3.3654976746908552e-02, 0., 0., 0., 1. ]
Hobj2base4: !!opencv-matrix
   rows: 4
   cols: 4
   dt: d
   data: [ 9.9992132446008397e-01, -1.2280120307163068e-02,
       2.5580334699004926e-03, -7.3381339601249196e-01,
       -1.2285708046571697e-02, -9.9992215091503089e-01,
       2.1802493554745148e-03, 9.2874611341060898e-02,
       2.5310606049506993e-03, -2.2115050755638771e-03,
       -9.9999435147280402e-01, 4.7911372439156109e-04, 0., 0., 0., 1. ]
mean-rme4: 1.6610906759943215e-03
max-rme4: 7.0709031375008058e-03
Hcamera2end5: !!opencv-matrix
   rows: 4
   cols: 4
   dt: d
   data: [ 9.9993190066143778e-01, -1.1598380934978170e-02,
       1.2929034347388766e-03, -1.4206242120833140e-02,
       -1.3461215751833545e-03, -4.5817785257642463e-03,
       9.9998859756611491e-01, 2.8860004162628562e-02,
       -1.1592324888013213e-02, -9.9992223940925906e-01,
       -4.5970793404908061e-03, 3.3491712881866857e-02, 0., 0., 0., 1. ]
Hobj2base5: !!opencv-matrix
   rows: 4
   cols: 4
   dt: d
   data: [ 9.9992340400030488e-01, -1.1801626870492981e-02,
       3.7293076639965928e-03, -7.3320002773114379e-01,
       -1.1817207010761244e-02, -9.9992142201199941e-01,
       4.1837088768291114e-03, 9.4244553091517858e-02,
       3.6796400514046142e-03, -4.2274584221375236e-03,
       -9.9998429429885638e-01, -5.9764997653084415e-04, 0., 0., 0., 1. ]
mean-rme5: 1.7515133859375644e-03
max-rme5: 7.8914479493273904e-03
Hcamera2end6: !!opencv-matrix
   rows: 4
   cols: 4
   dt: d
   data: [ 9.9992770014802912e-01, -1.1922058017585387e-02,
       1.5681228582144630e-03, -1.4371533318798433e-02,
       -1.6272236080975295e-03, -4.9491776570147472e-03,
       9.9998642879983535e-01, 2.9191507964363834e-02,
       -1.1914135302336329e-02, -9.9991668161559544e-01,
       -4.9682196864659911e-03, 3.3471943254473495e-02, 0., 0., 0., 1. ]
Hobj2base6: !!opencv-matrix
   rows: 4
   cols: 4
   dt: d
   data: [ 9.9991443889847953e-01, -1.2632714928110278e-02,
       3.3954964120130569e-03, -7.3303711675751348e-01,
       -1.2647628770651584e-02, -9.9991030277415582e-01,
       4.4072545395889519e-03, 9.4223416249815437e-02,
       3.3395162551902871e-03, -4.4498224281470837e-03,
       -9.9998452323600495e-01, -8.6272190159443485e-04, 0., 0., 0., 1. ]
mean-rme6: 1.6821803451467973e-03
max-rme6: 7.9563060526214313e-03
Hcamera2end7: !!opencv-matrix
   rows: 4
   cols: 4
   dt: d
   data: [ 9.9998339874793674e-01, -5.5298403758520416e-03,
       -1.6195968456972280e-03, -1.2894309505978011e-02,
       1.6070224175138269e-03, -2.2776090711615904e-03,
       9.9999611498038776e-01, 3.0726258318791225e-02,
       -5.5335077007811120e-03, -9.9998211652125901e-01,
       -2.2686846825499263e-03, 3.3454565225479606e-02, 0., 0., 0., 1. ]
Hobj2base7: !!opencv-matrix
   rows: 4
   cols: 4
   dt: d
   data: [ 9.9997915519596781e-01, -6.0943755743338808e-03,
       2.1325477526744465e-03, -7.3444405279667013e-01,
       -6.0974475046760923e-03, -9.9998037792809091e-01,
       1.4369734585301772e-03, 9.3673368995051867e-02,
       2.1237484517224615e-03, -1.4499466030731822e-03,
       -9.9999669366821520e-01, -2.2765897592284022e-03, 0., 0., 0., 1. ]
mean-rme7: 1.7871065995185107e-03
max-rme7: 8.0780537666305663e-03
Hcamera2end8: !!opencv-matrix
   rows: 4
   cols: 4
   dt: d
   data: [ 9.9998248470573026e-01, -5.6313448431110358e-03,
       -1.8216028689040007e-03, -1.3269384484888538e-02,
       1.8116197651723872e-03, -1.7773673219392272e-03,
       9.9999677949442878e-01, 2.9826325421479470e-02,
       -5.6345643647463372e-03, -9.9998256430832877e-01,
       -1.7671343352052560e-03, 3.3594648728775191e-02, 0., 0., 0., 1. ]
