%YAML:1.0
---
Hcamera2end0: !!opencv-matrix
   rows: 4
   cols: 4
   dt: d
   data: [ 9.9997003481097424e-01, -4.3270622439321119e-04,
       -7.7293108012472019e-03, -1.2538126890058005e-02,
       7.7357015301239241e-03, 1.7505089344515112e-02,
       9.9981684861222342e-01, 2.9339819569654670e-02,
       -2.9732469750035550e-04, -9.9984668055275572e-01,
       1.7507912087406097e-02, 3.1809671449700566e-02, 0., 0., 0., 1. ]
Hobj2base0: !!opencv-matrix
   rows: 4
   cols: 4
   dt: d
   data: [ 9.9984457328089416e-01, 2.7335140407642325e-03,
       -1.7417151940989670e-02, -7.4007762560804979e-01,
       2.6087935191704149e-03, -9.9997082414371863e-01,
       -7.1794886800203555e-03, 9.1269182312116517e-02,
       -1.7436269013780151e-02, 7.1329350425439024e-03,
       -9.9982253313303460e-01, 2.8342042216466246e-03, 0., 0., 0., 1. ]
mean-rme0: 1.3642281725254504e-03
max-rme0: 4.8144368795194348e-03
Hcamera2end1: !!opencv-matrix
   rows: 4
   cols: 4
   dt: d
   data: [ 9.9999487281334232e-01, 2.2555870886559657e-03,
       -2.2730318767739972e-03, -1.5026390264653623e-02,
       2.2620460102200633e-03, 4.8611698240226264e-03,
       9.9998562598458851e-01, 2.9687388236183443e-02,
       2.2666042607808069e-03, -9.9998564057431705e-01,
       4.8560426581230054e-03, 3.1497224223027157e-02, 0., 0., 0., 1. ]
Hobj2base1: !!opencv-matrix
   rows: 4
   cols: 4
   dt: d
   data: [ 9.9998122967625591e-01, 2.8855710595100410e-03,
       -5.4049768569057292e-03, -7.3648914658671816e-01,
       2.8763092722580734e-03, -9.9999438324908652e-01,
       -1.7205566685136624e-03, 9.0034479547335497e-02,
       -5.4099112870259411e-03, 1.7049779880581159e-03,
       -9.9998391282556498e-01, 6.9914750007496072e-04, 0., 0., 0., 1. ]
mean-rme1: 1.5684782219930328e-03
max-rme1: 5.1622897234595566e-03
Hcamera2end2: !!opencv-matrix
   rows: 4
   cols: 4
   dt: d
   data: [ 9.9999060793294436e-01, 5.1128311599720096e-04,
       4.3037931497293871e-03, -1.5440531931883264e-02,
       -4.3072855881487364e-03, 7.0381879193108787e-03,
       9.9996595502130692e-01, 2.8920903820023432e-02,
       4.8097480442077230e-04, -9.9997510094021225e-01,
       7.0403240585750204e-03, 3.1830531225363917e-02, 0., 0., 0., 1. ]
Hobj2base2: !!opencv-matrix
   rows: 4
   cols: 4
   dt: d
   data: [ 9.9996966116301444e-01, 1.5081305100667817e-03,
       -7.6421394838541998e-03, -7.3726451844156937e-01,
       1.5419294208340929e-03, -9.9998904852413650e-01,
       4.4187425194467181e-03, 9.1663879455733954e-02,
       -7.6353917507383908e-03, -4.4303920996460119e-03,
       -9.9996103545020998e-01, 3.0465095760575794e-03, 0., 0., 0., 1. ]
mean-rme2: 1.6100082223510022e-03
max-rme2: 4.9836875100600642e-03
Hcamera2end3: !!opencv-matrix
   rows: 4
   cols: 4
   dt: d
   data: [ 9.9996406057816056e-01, -3.7312931647171662e-03,
       7.6128183582580937e-03, -1.5884276884081009e-02,
       -7.5989140859955917e-03, 3.7265132347606977e-03,
       9.9996418416052513e-01, 2.8488727611514445e-02,
       -3.7595287936860230e-03, -9.9998609517854287e-01,
       3.6980255298412201e-03, 3.2007606176281567e-02, 0., 0., 0., 1. ]
Hobj2base3: !!opencv-matrix
   rows: 4
   cols: 4
   dt: d
   data: [ 9.9998077287025400e-01, -3.0925621095022429e-03,
       -5.3749371538972081e-03, -7.3602005358426170e-01,
       -3.0552988459034290e-03, -9.9997133897519208e-01,
       6.9272200140610462e-03, 9.2745097411301158e-02,
       -5.3962059608297719e-03, -6.9106647842199507e-03,
       -9.9996156109795931e-01, 3.5844338577897322e-03, 0., 0., 0., 1. ]
mean-rme3: 1.7101272032074601e-03
max-rme3: 4.5121248303701122e-03
Hcamera2end4: !!opencv-matrix
   rows: 4
   cols: 4
   dt: d
   data: [ 9.9996480042354219e-01, -5.1154157971806027e-03,
       6.6505965993507686e-03, -1.4822011740745090e-02,
       -6.6534181923709450e-03, -5.3476637020954954e-04,
       9.9997772277750607e-01, 2.7610887875430298e-02,
       -5.1117453245215771e-03, -9.9998677318560125e-01,
       -5.6878254718628618e-04, 3.1905505013404258e-02, 0., 0., 0., 1. ]
Hobj2base4: !!opencv-matrix
   rows: 4
   cols: 4
   dt: d
   data: [ 9.9998793374236461e-01, -4.4636439991335968e-03,
       -2.0514024288898003e-03, -7.3454603637872606e-01,
       -4.4505590486786442e-03, -9.9997000154076332e-01,
       6.3394434077655021e-03, 9.3909222792558450e-02,
       -2.0796379085025784e-03, -6.3302370267657015e-03,
       -9.9997780135628744e-01, 3.6021461057081762e-03, 0., 0., 0., 1. ]
mean-rme4: 1.9078416677601334e-03
max-rme4: 4.3695324000798674e-03
Hcamera2end5: !!opencv-matrix
   rows: 4
   cols: 4
   dt: d
   data: [ 9.9996873281406451e-01, -2.6136469241093271e-03,
       7.4633935974326967e-03, -1.5244315767757177e-02,
       -7.4693609231302584e-03, -2.2808717266697975e-03,
       9.9996950267073981e-01, 2.7035792753151898e-02,
       -2.5965441714171185e-03, -9.9999398321886046e-01,
       -2.3003226824314105e-03, 3.1684181109260447e-02, 0., 0., 0., 1. ]
Hobj2base5: !!opencv-matrix
   rows: 4
   cols: 4
   dt: d
   data: [ 9.9999635240100748e-01, -2.5677612624102931e-03,
       -8.3772715081419178e-04, -7.3413469536163267e-01,
       -2.5617618447322391e-03, -9.9997161477887375e-01,
       7.0856907060690777e-03, 9.3115515547194633e-02,
       -8.5589773385623749e-04, -7.0835188028595458e-03,
       -9.9997454527624763e-01, 3.7880542517528207e-03, 0., 0., 0., 1. ]
mean-rme5: 1.9868914697456171e-03
max-rme5: 4.6725794579814406e-03
Hcamera2end6: !!opencv-matrix
   rows: 4
   cols: 4
   dt: d
   data: [ 9.9996884918790818e-01, -2.2883132909220475e-03,
       7.5540900241539274e-03, -1.4959911295513283e-02,
       -7.5581354465665100e-03, -1.7644032564920753e-03,
       9.9996988028126110e-01, 2.6433545856893888e-02,
       -2.2749159065308866e-03, -9.9999582524300124e-01,
       -1.7816436756947773e-03, 3.1755361370933648e-02, 0., 0., 0., 1. ]
Hobj2base6: !!opencv-matrix
   rows: 4
   cols: 4
   dt: d
   data: [ 9.9999688968813516e-01, -2.2182158813391882e-03,
       -1.1402334670538288e-03, -7.3425892517407743e-01,
       -2.2097967048917309e-03, -9.9997067367609094e-01,
       7.3327066153702752e-03, 9.3462430442116731e-02,
       -1.1564655544652577e-03, -7.3301641242075853e-03,
       -9.9997246526158534e-01, 4.4770400859631227e-03, 0., 0., 0., 1. ]
mean-rme6: 1.9591345776070650e-03
max-rme6: 4.5791043003814980e-03
Hcamera2end7: !!opencv-matrix
   rows: 4
   cols: 4
   dt: d
   data: [ 9.9993857782664941e-01, -4.1212051398636981e-03,
       1.0288646276990799e-02, -1.5578512308984603e-02,
       -1.0290327999283182e-02, -3.8706880049033110e-04,
       9.9994697825805301e-01, 2.5867607020041716e-02,
       -4.1170042124151589e-03, -9.9999143288627179e-01,
       -4.2945357852475219e-04, 3.1850735256904961e-02, 0., 0., 0., 1. ]
Hobj2base7: !!opencv-matrix
   rows: 4
   cols: 4
   dt: d
   data: [ 9.9998955415886237e-01, -3.7833099119012011e-03,
       -2.5647883480117988e-03, -7.3460012977413325e-01,
       -3.7589928365843761e-03, -9.9994856023916712e-01,
       9.4205545734554596e-03, 9.3868973804318079e-02,
       -2.6002972934059498e-03, -9.4108151468114253e-03,
       -9.9995233637021852e-01, 5.6507236366573959e-03, 0., 0., 0., 1. ]
mean-rme7: 1.9836716184836894e-03
max-rme7: 4.4390812834312898e-03
Hcamera2end8: !!opencv-matrix
   rows: 4
   cols: 4
   dt: d
   data: [ 9.9995836887751688e-01, -2.5237778457906589e-03,
       8.7687545980549876e-03, -1.5533160899092674e-02,
       -8.7653770653206963e-03, 1.3462486452783251e-03,
       9.9996067711659964e-01, 2.6181946154109972e-02,
       -2.5354835275671122e-03, -9.9999590907161751e-01,
       1.3240707349886360e-03, 3.1679263966610298e-02, 0., 0., 0., 1. ]
Hobj2base8: !!opencv-matrix
   rows: 4
   cols: 4
   dt: d
   data: [ 9.9999189498033392e-01, -1.7073068331934515e-03,
       -3.6462414920154199e-03, -7.3517970963648582e-01,
       -1.6777481394504355e-03, -9.9996583273903417e-01,
       8.0943508517446802e-03, 9.3230115016940715e-02,
       -3.6599364504502651e-03, -8.0881677719926281e-03,
       -9.9996059242715729e-01, 5.1151161795298340e-03, 0., 0., 0., 1. ]
mean-rme8: 2.0537991536840636e-03
max-rme8: 4.6923437869584861e-03
Hcamera2end9: !!opencv-matrix
   rows: 4
   cols: 4
   dt: d
   data: [ 9.9995072470337665e-01, 4.5843797869892736e-03,
       8.8052045496136624e-03, -1.4804028650324029e-02,
       -8.8236869575982844e-03, 4.0271102971070061e-03,
       9.9995296135924761e-01, 2.5960366294739568e-02,
       4.5487046140855192e-03, -9.9998138274901061e-01,
       4.0673629921877952e-03, 3.1747652620289453e-02, 0., 0., 0., 1. ]
Hobj2base9: !!opencv-matrix
   rows: 4
   cols: 4
   dt: d
   data: [ 9.9997611424663713e-01, 5.1704875653586701e-03,
       -4.5866103532967223e-03, -7.3660714193807508e-01,
       5.2051373703468776e-03, -9.9995776157880178e-01,
       7.5750645718953239e-03, 9.2587408457048770e-02,
       -4.5472498449409737e-03, -7.5987575727244159e-03,
       -9.9996078993238480e-01, 5.7289130111062144e-03, 0., 0., 0., 1. ]
mean-rme9: 2.0856867669784411e-03
max-rme9: 5.8966585678761896e-03
Hcamera2end10: !!opencv-matrix
   rows: 4
   cols: 4
   dt: d
   data: [ 9.9994520632511119e-01, 2.4417077207272149e-03,
       1.0179509361322494e-02, -1.6251815369153041e-02,
       -1.0189064698660650e-02, 3.9333983721455690e-03,
       9.9994035389007707e-01, 2.6959538839018436e-02,
       2.4015220168090382e-03, -9.9998928316290092e-01,
       3.9580615647356598e-03, 3.1832050250972431e-02, 0., 0., 0., 1. ]
Hobj2base10: !!opencv-matrix
   rows: 4
   cols: 4
   dt: d
   data: [ 9.9998504451241899e-01, 3.1890433517578424e-03,
       -4.4430568301721861e-03, -7.3638129408070818e-01,
       3.2276827833926432e-03, -9.9995679940415472e-01,
       8.7167304219445945e-03, 9.1983391778708928e-02,
       -4.4150668562685800e-03, -8.7309408370274035e-03,
       -9.9995213778298142e-01, 4.8551517303106924e-03, 0., 0., 0., 1. ]
mean-rme10: 2.0937359520962658e-03
max-rme10: 6.1191709387148352e-03
Hcamera2end11: !!opencv-matrix
   rows: 4
   cols: 4
   dt: d
   data: [ 9.9995191390254079e-01, 4.4067988264893578e-03,
       8.7607081191282566e-03, -1.5137556585963184e-02,
       -8.7815321894591548e-03, 4.7284987928438715e-03,
       9.9995026175883950e-01, 2.7268679467542824e-02,
       4.3651546423008267e-03, -9.9997911049344868e-01,
       4.7669698635374180e-03, 3.1947430950224003e-02, 0., 0., 0., 1. ]
Hobj2base11: !!opencv-matrix
   rows: 4
   cols: 4
   dt: d
   data: [ 9.9997315660103991e-01, 5.5384603680983593e-03,
       -4.7970338859619072e-03, -7.3697815652445731e-01,
       5.5739029317244341e-03, -9.9995703417395365e-01,
       7.4068490019702088e-03, 9.2088443670979389e-02,
       -4.7558052377885233e-03, -7.4333883782079571e-03,
       -9.9996106276882557e-01, 4.7736562990223315e-03, 0., 0., 0., 1. ]
mean-rme11: 2.0633583917398094e-03
max-rme11: 5.8491275122473929e-03
Hcamera2end12: !!opencv-matrix
   rows: 4
   cols: 4
   dt: d
   data: [ 9.9998453594011760e-01, 1.7256842068518595e-03,
       5.2867659912082046e-03, -1.6270276174976468e-02,
       -5.2997041562223360e-03, 7.5809801990638359e-03,
       9.9995722002247567e-01, 2.8869764919807583e-02,
       1.6855315138238429e-03, -9.9996977491984207e-01,
       7.5900085820954644e-03, 3.1642464482686858e-02, 0., 0., 0., 1. ]
Hobj2base12: !!opencv-matrix
   rows: 4
   cols: 4
   dt: d
   data: [ 9.9996732355475815e-01, 3.2050573360638732e-03,
       -7.4215517384327101e-03, -7.3738558220297823e-01,
       3.2366280116500304e-03, -9.9998574851390409e-01,
       4.2458224410197613e-03, 9.0303674455154387e-02,
       -7.4078378659290867e-03, -4.2697045048817822e-03,
       -9.9996344611270294e-01, 2.7456465915787517e-03, 0., 0., 0., 1. ]
mean-rme12: 2.1904010168445837e-03
max-rme12: 7.3849142336876450e-03
Hcamera2end13: !!opencv-matrix
   rows: 4
   cols: 4
   dt: d
   data: [ 9.9998176805546724e-01, 2.8522357439525635e-03,
       5.3224343981480068e-03, -1.5923676597105866e-02,
       -5.3459297452948815e-03, 8.2942010705822078e-03,
       9.9995131244664048e-01, 2.8874826748815207e-02,
       2.8079515344893637e-03, -9.9996153475014304e-01,
       8.3092977030725379e-03, 3.1666660774934512e-02, 0., 0., 0., 1. ]
Hobj2base13: !!opencv-matrix
   rows: 4
   cols: 4
   dt: d
   data: [ 9.9996165145805527e-01, 4.1960566744993141e-03,
       -7.6869188667042171e-03, -7.3773624498179935e-01,
       4.2299874831919406e-03, -9.9998135947561928e-01,
       4.4031701288732988e-03, 9.0462038153055521e-02,
       -7.6682996270974564e-03, -4.4355168443093920e-03,
       -9.9996076091572328e-01, 2.9100533258284724e-03, 0., 0., 0., 1. ]
mean-rme13: 2.1127573620012005e-03
max-rme13: 7.2957475841097241e-03
Hcamera2end14: !!opencv-matrix
   rows: 4
   cols: 4
   dt: d
   data: [ 9.9998011397465336e-01, 3.3732951276660870e-03,
       5.3284646213362357e-03, -1.6184602903283298e-02,
       -5.3559017956555108e-03, 8.1775415800822149e-03,
       9.9995221992336303e-01, 2.9052289223640042e-02,
       3.3295602103673924e-03, -9.9996087358140584e-01,
       8.1954459987145789e-03, 3.1727045982762714e-02, 0., 0., 0., 1. ]
Hobj2base14: !!opencv-matrix
   rows: 4
   cols: 4
   dt: d
   data: [ 9.9996470954134942e-01, 4.5799201932183245e-03,
       -7.0430109263344195e-03, -7.3760527760356109e-01,
       4.6108185104297948e-03, -9.9997979034886186e-01,
       4.3771276550992593e-03, 9.0200792777441252e-02,
       -7.0228216942047565e-03, -4.4094472294050405e-03,
       -9.9996561778422222e-01, 2.5712197615840289e-03, 0., 0., 0., 1. ]
mean-rme14: 2.1042176452926915e-03
max-rme14: 7.1636263407352518e-03
Hcamera2end15: !!opencv-matrix
   rows: 4
   cols: 4
   dt: d
   data: [ 9.9997840423589868e-01, 3.6344846489317689e-03,
       5.4755440973808739e-03, -1.6035908055045695e-02,
       -5.5044949553291781e-03, 8.0039779534750721e-03,
       9.9995281732300101e-01, 2.8859775995252503e-02,
       3.5904870299778044e-03, -9.9996136268270730e-01,
       8.0238111038705151e-03, 3.1713139906137167e-02, 0., 0., 0., 1. ]
Hobj2base15: !!opencv-matrix
   rows: 4
   cols: 4
   dt: d
   data: [ 9.9996329447197796e-01, 4.6089677205114667e-03,
       -7.2226813095722046e-03, -7.3760564940740536e-01,
       4.6428340445248979e-03, -9.9997827456893695e-01,
       4.6791540011604377e-03, 9.0336053944773995e-02,
       -7.2009583239566726e-03, -4.7125159610189645e-03,
       -9.9996296851060129e-01, 2.8527413517787569e-03, 0., 0., 0., 1. ]
mean-rme15: 2.0620201013938815e-03
max-rme15: 7.2680339000369409e-03
Hcamera2end16: !!opencv-matrix
   rows: 4
   cols: 4
   dt: d
   data: [ 9.9997580561183508e-01, 4.4690630480757904e-03,
       5.3306347120849534e-03, -1.6010575244562023e-02,
       -5.3688207082052963e-03, 8.5765147624199400e-03,
       9.9994880826906996e-01, 2.8832631060952851e-02,
       4.4231160017014588e-03, -9.9995323434148786e-01,
       8.6003008571314821e-03, 3.1650691257361308e-02, 0., 0., 0., 1. ]
Hobj2base16: !!opencv-matrix
   rows: 4
   cols: 4
   dt: d
   data: [ 9.9995523739212311e-01, 5.4132814303062392e-03,
       -7.7601286212873937e-03, -7.3778333443933486e-01,
       5.4505848617107909e-03, -9.9997365399062677e-01,
       4.7940013871600609e-03, 9.0268540839279793e-02,
       -7.7339728941800212e-03, -4.8360840347439248e-03,
       -9.9995839811188225e-01, 2.8820695061224717e-03, 0., 0., 0., 1. ]
mean-rme16: 2.0832447681456111e-03
max-rme16: 7.2374943194847274e-03
Hcamera2end17: !!opencv-matrix
   rows: 4
   cols: 4
   dt: d
   data: [ 9.9998075243389928e-01, 3.8991445650408156e-03,
       4.8261199108186404e-03, -1.5958134724570697e-02,
       -4.8527401254322569e-03, 6.8468252351947534e-03,
       9.9996478532870037e-01, 2.9111016086402267e-02,
       3.8659636583531381e-03, -9.9996895834613775e-01,
       6.8656149857591053e-03, 3.1680483086690851e-02, 0., 0., 0., 1. ]
Hobj2base17: !!opencv-matrix
   rows: 4
   cols: 4
   dt: d
   data: [ 9.9997057821570756e-01, 4.2552367439315023e-03,
       -6.3824496235042830e-03, -7.3710272516820285e-01,
       4.2836168042363482e-03, -9.9998097046977974e-01,
       4.4395185991135478e-03, 9.0370323257549789e-02,
       -6.3634369658179778e-03, -4.4667279490143976e-03,
       -9.9996977704899215e-01, 2.2554070607660290e-03, 0., 0., 0., 1. ]
mean-rme17: 2.1369138237166334e-03
max-rme17: 7.4393232290614342e-03
Hcamera2end18: !!opencv-matrix
   rows: 4
   cols: 4
   dt: d
   data: [ 9.9997771428718629e-01, 4.3880787632889721e-03,
       5.0314703359436988e-03, -1.6328473313854081e-02,
       -5.0580880644633484e-03, 6.0760642271109333e-03,
       9.9996874810597980e-01, 2.8629272247231542e-02,
       4.3573700905985115e-03, -9.9997191270968977e-01,
       6.0981241065070080e-03, 3.1643908367651949e-02, 0., 0., 0., 1. ]
Hobj2base18: !!opencv-matrix
   rows: 4
   cols: 4
   dt: d
   data: [ 9.9997493491203437e-01, 4.4271783119995915e-03,
       -5.5253633243811931e-03, -7.3680354008580784e-01,
       4.4518486936516131e-03, -9.9998014162495097e-01,
       4.4606500592416966e-03, 8.9932053138043935e-02,
       -5.5055055064443239e-03, -4.4851363341531746e-03,
       -9.9997478616272217e-01, 2.4931004278982011e-03, 0., 0., 0., 1. ]
mean-rme18: 2.1539558605211885e-03
max-rme18: 7.5999823278621870e-03
Hcamera2end19: !!opencv-matrix
   rows: 4
   cols: 4
   dt: d
   data: [ 9.9997077964488357e-01, 4.8096460273705996e-03,
       5.9419829598376340e-03, -1.6760922191113626e-02,
       -5.9672560009677994e-03, 5.2574745420576052e-03,
       9.9996837490855595e-01, 2.8983065119532067e-02,
       4.7782540977344854e-03, -9.9997461281101074e-01,
       5.2860213059038319e-03, 3.1683618771302664e-02, 0., 0., 0., 1. ]
Hobj2base19: !!opencv-matrix
   rows: 4
   cols: 4
   dt: d
   data: [ 9.9997788389260145e-01, 4.7696420117210722e-03,
       -4.6348938234832132e-03, -7.3656568605175754e-01,
       4.7942202903598638e-03, -9.9997442890091692e-01,
       5.3063166219300528e-03, 8.9776242842191253e-02,
       -4.6094660734665623e-03, -5.3284199688739577e-03,
       -9.9997518007356168e-01, 2.0792240581274089e-03, 0., 0., 0., 1. ]
mean-rme19: 2.1412949844229418e-03
max-rme19: 7.7774404516109952e-03
Hcamera2end20: !!opencv-matrix
   rows: 4
   cols: 4
   dt: d
   data: [ 9.9995903010225784e-01, 6.9059786920457542e-03,
       5.8519719118287862e-03, -1.6674614301879734e-02,
       -5.8837948278046750e-03, 4.5967388735870252e-03,
       9.9997212508657074e-01, 2.8960797950821078e-02,
       6.8788862017133265e-03, -9.9996558813292813e-01,
       4.6371839073746646e-03, 3.1585743778667422e-02, 0., 0., 0., 1. ]
Hobj2base20: !!opencv-matrix
   rows: 4
   cols: 4
   dt: d
   data: [ 9.9996951834267500e-01, 6.5722281850072893e-03,
       -4.2152345370973501e-03, -7.3658145543086562e-01,
       6.5940317440190107e-03, -9.9996484415301223e-01,
       5.1796914387555260e-03, 8.9596913008928150e-02,
       -4.1810442328935162e-03, -5.2073289435221456e-03,
       -9.9997770104857664e-01, 2.0069664405418667e-03, 0., 0., 0., 1. ]
mean-rme20: 2.1950247832421368e-03
max-rme20: 8.2409457789514584e-03
Hcamera2end21: !!opencv-matrix
   rows: 4
   cols: 4
   dt: d
   data: [ 9.9996382197376987e-01, 6.1771202630277744e-03,
       5.8478995260465641e-03, -1.6769838412201369e-02,
       -5.8753842807183210e-03, 4.4407087744463558e-03,
       9.9997287961480963e-01, 2.8936159215515119e-02,
       6.1509839184094774e-03, -9.9997106122669199e-01,
       4.4768410736614195e-03, 3.1569306790744572e-02, 0., 0., 0., 1. ]
Hobj2base21: !!opencv-matrix
   rows: 4
   cols: 4
   dt: d
   data: [ 9.9997521652032872e-01, 5.8821808904654408e-03,
       -3.8686293559220810e-03, -7.3643975756716340e-01,
       5.9029513781493478e-03, -9.9996810686633952e-01,
       5.3796296504659523e-03, 8.9745632497621297e-02,
       -3.8368620184811974e-03, -5.4023326555119600e-03,
       -9.9997804640488508e-01, 1.9483375158211179e-03, 0., 0., 0., 1. ]
mean-rme21: 2.1760109584920387e-03
max-rme21: 8.2101989930565278e-03
Hcamera2end22: !!opencv-matrix
   rows: 4
   cols: 4
   dt: d
   data: [ 9.9997268258087280e-01, 5.2503674383257660e-03,
       5.2026660257567178e-03, -1.6672971756998046e-02,
       -5.2270003601483017e-03, 4.6317571714705741e-03,
       9.9997561234899102e-01, 2.8935634369148693e-02,
       5.2261419085214457e-03, -9.9997548993326191e-01,
       4.6590743163096304e-03, 3.1590915391734808e-02, 0., 0., 0., 1. ]
Hobj2base22: !!opencv-matrix
   rows: 4
   cols: 4
   dt: d
   data: [ 9.9997943239663589e-01, 4.9059614498081754e-03,
       -4.1311409991649315e-03, -7.3638234562309890e-01,
       4.9267121299563302e-03, -9.9997522363365388e-01,
       5.0278848844745152e-03, 8.9998317799728070e-02,
       -4.1063720350848053e-03, -5.0481344154035971e-03,
       -9.9997882679966410e-01, 1.9622661344284149e-03, 0., 0., 0., 1. ]
mean-rme22: 2.2270827198479612e-03
max-rme22: 8.3589794482390178e-03
Hcamera2end23: !!opencv-matrix
   rows: 4
   cols: 4
   dt: d
   data: [ 9.9998378718987813e-01, 3.8458548472316734e-03,
       4.1993758920287469e-03, -1.6960744419479479e-02,
       -4.2180968831287222e-03, 4.8727312580199023e-03,
       9.9997923185872795e-01, 2.9181922355962626e-02,
       3.8253125458016309e-03, -9.9998073275967725e-01,
       4.8888744456972999e-03, 3.1556138902507129e-02, 0., 0., 0., 1. ]
Hobj2base23: !!opencv-matrix
   rows: 4
   cols: 4
   dt: d
   data: [ 9.9998384368330562e-01, 3.7403279245670240e-03,
       -4.2804578468884592e-03, -7.3622274710013269e-01,
       3.7582884750415250e-03, -9.9998413590154422e-01,
       4.1956183073212179e-03, 8.9531088092691002e-02,
       -4.2646969529680405e-03, -4.2116377169769776e-03,
       -9.9998203707248701e-01, 1.5077529921993132e-03, 0., 0., 0., 1. ]
mean-rme23: 2.2673197948992509e-03
max-rme23: 8.2223401440240235e-03
Hcamera2end24: !!opencv-matrix
   rows: 4
   cols: 4
   dt: d
   data: [ 9.9998687960616506e-01, 2.6992640414351112e-03,
       4.3536868467780668e-03, -1.7047497321736760e-02,
       -4.3660932849582546e-03, 4.6075015406067399e-03,
       9.9997985387655697e-01, 2.9197401210684072e-02,
       2.6791500428746786e-03, -9.9998574234995363e-01,
       4.6192263269776435e-03, 3.1593925209057697e-02, 0., 0., 0., 1. ]
Hobj2base24: !!opencv-matrix
   rows: 4
   cols: 4
   dt: d
   data: [ 9.9998844845394885e-01, 2.5669740896515315e-03,
       -4.0636932324005139e-03, -7.3604690418047680e-01,
       2.5835336628137551e-03, -9.9998835973680689e-01,
       4.0750146876553780e-03, 8.9642201884282707e-02,
       -4.0531854728235901e-03, -4.0854663031968099e-03,
       -9.9998344018919094e-01, 1.4600394446667108e-03, 0., 0., 0., 1. ]
mean-rme24: 2.2456226624848583e-03
max-rme24: 8.2953150470495562e-03
