%YAML:1.0
---
Hcamera2end0: !!opencv-matrix
   rows: 4
   cols: 4
   dt: d
   data: [ 9.9991590918450501e-01, -1.2858418515707229e-02,
       1.6839337871657973e-03, -1.3290070352363743e-02,
       -1.7142534489497409e-03, -2.3473043867132670e-03,
       9.9999577573969234e-01, 2.6977390832853672e-02,
       -1.2854411493234724e-02, -9.9991457196872136e-01,
       -2.3691495882618430e-03, 3.3892869958794050e-02, 0., 0., 0., 1. ]
Hobj2base0: !!opencv-matrix
   rows: 4
   cols: 4
   dt: d
   data: [ 9.9994689298266781e-01, -1.0146081007785020e-02,
       1.8078314336782322e-03, -7.3410273732177922e-01,
       -1.0145391996575926e-02, -9.9994845817527667e-01,
       -3.8988988444369122e-04, 9.3035778565832672e-02,
       1.8116941090990304e-03, 3.7152801999644291e-04,
       -9.9999828986423012e-01, 5.4479453117142751e-04, 0., 0., 0., 1. ]
mean-rme0: 1.6822733766664985e-03
max-rme0: 5.3625386619025328e-03
Hcamera2end1: !!opencv-matrix
   rows: 4
   cols: 4
   dt: d
   data: [ 9.9998752948212921e-01, -3.1473768970294459e-03,
       -3.8774861567648492e-03, -1.1927349077820327e-02,
       3.9334832545406817e-03, 1.7984879928942599e-02,
       9.9983052154023977e-01, 2.7640454330877699e-02,
       -3.0771073614850992e-03, -9.9983330516272051e-01,
       1.7997035802496231e-02, 3.4185616819766729e-02, 0., 0., 0., 1. ]
Hobj2base1: !!opencv-matrix
   rows: 4
   cols: 4
   dt: d
   data: [ 9.9986430225050993e-01, -1.5876564252211811e-04,
       -1.6472761716590522e-02, -7.4088524510092735e-01,
       -2.2860988728266057e-04, -9.9999099271150937e-01,
       -4.2381875099278508e-03, 9.1257965561887630e-02,
       -1.6471940463110363e-02, 4.2413782336201012e-03,
       -9.9985533247968372e-01, 3.1967045655398952e-03, 0., 0., 0., 1. ]
mean-rme1: 1.9914309512377862e-03
max-rme1: 6.0000426007509045e-03
Hcamera2end2: !!opencv-matrix
   rows: 4
   cols: 4
   dt: d
   data: [ 9.9996731604921307e-01, -4.0796858060674658e-03,
       -6.9801860331206549e-03, -1.1719567028755115e-02,
       7.0167038439947552e-03, 9.0064351752242588e-03,
       9.9993482287227098e-01, 2.8311215388175996e-02,
       -4.0165533108462836e-03, -9.9995111894990052e-01,
       9.0347667564180112e-03, 3.3982733878347722e-02, 0., 0., 0., 1. ]
Hobj2base2: !!opencv-matrix
   rows: 4
   cols: 4
   dt: d
   data: [ 9.9996736688810073e-01, -2.7342281732981900e-03,
       -7.6019178616223730e-03, -7.3800198405355388e-01,
       -2.7882995682744667e-03, -9.9997082636252488e-01,
       -7.1113858962980310e-03, 9.1082158903013591e-02,
       -7.5822519343577118e-03, 7.1323502539379384e-03,
       -9.9994581804988747e-01, 3.4546427894514148e-04, 0., 0., 0., 1. ]
mean-rme2: 1.9951754408822145e-03
max-rme2: 7.3254963848321530e-03
Hcamera2end3: !!opencv-matrix
   rows: 4
   cols: 4
   dt: d
   data: [ 9.9996697014045499e-01, -3.7642606837906710e-03,
       -7.2033998655336561e-03, -1.2426659293318975e-02,
       7.2355827325941832e-03, 8.6070748681973397e-03,
       9.9993678030400146e-01, 2.8177050707261831e-02,
       -3.7020225064263719e-03, -9.9995587332827729e-01,
       8.6340271973279759e-03, 3.3944044081882348e-02, 0., 0., 0., 1. ]
Hobj2base3: !!opencv-matrix
   rows: 4
   cols: 4
   dt: d
   data: [ 9.9996951610421769e-01, -2.7627453003220693e-03,
       -7.3030199713666902e-03, -7.3773575670081637e-01,
       -2.8119649266888157e-03, -9.9997334593712361e-01,
       -6.7379721404097160e-03, 9.0281464218444241e-02,
       -7.2842100153485681e-03, 6.7583025767875950e-03,
       -9.9995063159674702e-01, 2.8910986213863551e-04, 0., 0., 0., 1. ]
mean-rme3: 1.8654027311818192e-03
max-rme3: 7.2234293848684183e-03
Hcamera2end4: !!opencv-matrix
   rows: 4
   cols: 4
   dt: d
   data: [ 9.9996061348851428e-01, -4.7509373821208673e-03,
       -7.4966703052336530e-03, -1.2616467023152313e-02,
       7.5491916029227580e-03, 1.1135144073584402e-02,
       9.9990950504163267e-01, 2.8199798150255927e-02,
       -4.6670309423193276e-03, -9.9992671589494586e-01,
       1.1170571235695537e-02, 3.3985641809495350e-02, 0., 0., 0., 1. ]
Hobj2base4: !!opencv-matrix
   rows: 4
   cols: 4
   dt: d
   data: [ 9.9994713108875777e-01, -3.3475152912110415e-03,
       -9.7226112098484259e-03, -7.3846471938083158e-01,
       -3.4111804636145541e-03, -9.9997280248430309e-01,
       -6.5389708313781233e-03, 9.0112348069504827e-02,
       -9.7004574741306089e-03, 6.5717907045239774e-03,
       -9.9993135398972699e-01, 7.8175275641477753e-04, 0., 0., 0., 1. ]
mean-rme4: 1.7749395447998004e-03
max-rme4: 6.7925168624040078e-03
Hcamera2end5: !!opencv-matrix
   rows: 4
   cols: 4
   dt: d
   data: [ 9.9997934341670558e-01, -4.2790106361015167e-03,
       -4.7961242551152299e-03, -1.2178015223165755e-02,
       4.8455802666580085e-03, 1.1623298971096929e-02,
       9.9992070649272380e-01, 2.8247541163452197e-02,
       -4.2229245522207737e-03, -9.9992329155240944e-01,
       1.1643793162952609e-02, 3.4196639810910395e-02, 0., 0., 0., 1. ]
Hobj2base5: !!opencv-matrix
   rows: 4
   cols: 4
   dt: d
   data: [ 9.9995006360899585e-01, -3.2942691639874879e-03,
       -9.4349392706283269e-03, -7.3885444170930159e-01,
       -3.3287098805388844e-03, -9.9998784601906787e-01,
       -3.6369636617261006e-03, 9.1539261736098207e-02,
       -9.4228434613149673e-03, 3.6681882204590457e-03,
       -9.9994887590130488e-01, 1.4536787090844313e-03, 0., 0., 0., 1. ]
mean-rme5: 1.7967117072062188e-03
max-rme5: 6.5816433087955706e-03
Hcamera2end6: !!opencv-matrix
   rows: 4
   cols: 4
   dt: d
   data: [ 9.9998067769246790e-01, -4.0748656599772547e-03,
       -4.6946471183378071e-03, -1.2105911875887821e-02,
       4.7441214651161379e-03, 1.2217807321478369e-02,
       9.9991410555896232e-01, 2.8272740700459945e-02,
       -4.0171573577349020e-03, -9.9991705688727428e-01,
       1.2236902902892921e-02, 3.4244308889146105e-02, 0., 0., 0., 1. ]
Hobj2base6: !!opencv-matrix
   rows: 4
   cols: 4
   dt: d
   data: [ 9.9995507612225010e-01, -3.5181355370534823e-03,
       -8.8016168791877018e-03, -7.3900648953745485e-01,
       -3.5453760254999544e-03, -9.9998896802655057e-01,
       -3.0812552690507380e-03, 9.1668285984411194e-02,
       -8.7906795063231926e-03, 3.1123218885848224e-03,
       -9.9995651775778716e-01, 1.4658070302983467e-03, 0., 0., 0., 1. ]
mean-rme6: 1.7228723671219609e-03
max-rme6: 6.2965728178975278e-03
Hcamera2end7: !!opencv-matrix
   rows: 4
   cols: 4
   dt: d
   data: [ 9.9999095274491712e-01, -2.7218336717274440e-03,
       -3.2689523973965387e-03, -1.2561642893514880e-02,
       3.2971520118644884e-03, 1.0421308722614597e-02,
       9.9994026077217169e-01, 2.9109312031544779e-02,
       -2.6876043093528174e-03, -9.9994199229053859e-01,
       1.0430188737742929e-02, 3.4260407233038248e-02, 0., 0., 0., 1. ]
Hobj2base7: !!opencv-matrix
   rows: 4
   cols: 4
   dt: d
   data: [ 9.9997350866114476e-01, -1.9020131083690066e-03,
       -7.0259748117318267e-03, -7.3873748584559340e-01,
       -1.9154452359127689e-03, -9.9999634997288345e-01,
       -1.9055472860543055e-03, 9.1219826467454246e-02,
       -7.0223247908165493e-03, 1.9189546755362206e-03,
       -9.9997350193266921e-01, 5.0804359906891493e-04, 0., 0., 0., 1. ]
mean-rme7: 1.8387509980940500e-03
max-rme7: 6.6420611726537571e-03
Hcamera2end8: !!opencv-matrix
   rows: 4
   cols: 4
   dt: d
   data: [ 9.9998456898089327e-01, -4.2665196740056012e-03,
       -3.5578940355957462e-03, -1.2489397370811334e-02,
       3.5970539670362404e-03, 9.2061495897479695e-03,
       9.9995115281322078e-01, 2.9153282696413808e-02,
       -4.2335567618060222e-03, -9.9994852048473093e-01,
       9.2213544309965867e-03, 3.4372642029138298e-02, 0., 0., 0., 1. ]
