%YAML:1.0
---
Hcamera2end0: !!opencv-matrix
   rows: 4
   cols: 4
   dt: d
   data: [ 9.9996603843307774e-01, 6.9444983977886834e-03,
       -4.4380088395174089e-03, -1.7183479580306128e-02,
       4.4805514911627998e-03, -6.1225754858322823e-03,
       9.9997121894970320e-01, 2.6387816056248140e-02,
       6.9171264837042737e-03, -9.9995714308735417e-01,
       -6.1534827362268452e-03, 3.4964156226039572e-02, 0., 0., 0., 1. ]
Hobj2base0: !!opencv-matrix
   rows: 4
   cols: 4
   dt: d
   data: [ 9.9995804163304525e-01, 6.9469849964637334e-03,
       5.9711282739350413e-03, -7.3624261371240396e-01,
       6.9498992297752230e-03, -9.9997573990464783e-01,
       -4.6744288176065601e-04, 8.5229125740670625e-02,
       5.9677360951074622e-03, 5.0892200841260295e-04,
       -9.9998206340128326e-01, 4.2690394761383142e-03, 0., 0., 0., 1. ]
mean-rme0: 1.2448112202456635e-03
max-rme0: 3.6488714675682460e-03
Hcamera2end1: !!opencv-matrix
   rows: 4
   cols: 4
   dt: d
   data: [ 9.9996111525708165e-01, 8.4252513717866934e-03,
       2.6044410409359238e-03, -1.6961092047318171e-02,
       -2.5273604258793120e-03, -9.1465078990071724e-03,
       9.9995497590768101e-01, 2.6541195945342818e-02,
       8.4486935730445391e-03, -9.9992267527673129e-01,
       -9.1248585925036707e-03, 3.4578011769201493e-02, 0., 0., 0., 1. ]
Hobj2base1: !!opencv-matrix
   rows: 4
   cols: 4
   dt: d
   data: [ 9.9994057164759287e-01, 7.3925508386026755e-03,
       8.0127002429803557e-03, -7.3500252156016810e-01,
       7.3402974400643426e-03, -9.9995173037201690e-01,
       6.5312295550300136e-03, 8.7395389143907029e-02,
       8.0605959194446318e-03, -6.4720258117368134e-03,
       -9.9994656841019047e-01, 4.5061978708911266e-03, 0., 0., 0., 1. ]
mean-rme1: 1.1729914990126014e-03
max-rme1: 3.5869540486311580e-03
Hcamera2end2: !!opencv-matrix
   rows: 4
   cols: 4
   dt: d
   data: [ 9.9996370651052768e-01, 6.9368303216639660e-03,
       4.9463164896521271e-03, -1.6899914050887647e-02,
       -4.8829832082412459e-03, -9.1174118974661766e-03,
       9.9994651320722139e-01, 2.6286682418553895e-02,
       6.9815568976694005e-03, -9.9993437443933297e-01,
       -9.0832085687944097e-03, 3.4366332035276607e-02, 0., 0., 0., 1. ]
Hobj2base2: !!opencv-matrix
   rows: 4
   cols: 4
   dt: d
   data: [ 9.9996113317432334e-01, 4.7810345969226181e-03,
       7.4076884995372258e-03, -7.3449046313935207e-01,
       4.7253753916251069e-03, -9.9996061146119475e-01,
       7.5130788336796265e-03, 8.8022308348642928e-02,
       7.4433170113445369e-03, -7.4777827152097652e-03,
       -9.9994433834965646e-01, 4.7507634861593739e-03, 0., 0., 0., 1. ]
mean-rme2: 1.2902870022032666e-03
max-rme2: 4.5977183117006659e-03
Hcamera2end3: !!opencv-matrix
   rows: 4
   cols: 4
   dt: d
   data: [ 9.9994945975502181e-01, 8.5897992464919574e-03,
       5.2242975168955577e-03, -1.6790830050257756e-02,
       -5.1511837099252637e-03, -8.5119071030044235e-03,
       9.9995050514705797e-01, 2.6634008611008567e-02,
       8.6338428307837240e-03, -9.9992687871982666e-01,
       -8.4672292751841738e-03, 3.4150691225894238e-02, 0., 0., 0., 1. ]
Hobj2base3: !!opencv-matrix
   rows: 4
   cols: 4
   dt: d
   data: [ 9.9995762679536826e-01, 6.2019486334805351e-03,
       6.8029733883610772e-03, -7.3458338159299641e-01,
       6.1478449774654094e-03, -9.9994953738200798e-01,
       7.9452307480988686e-03, 8.7943559777919830e-02,
       6.8519060054946330e-03, -7.9030704574330653e-03,
       -9.9994529493439588e-01, 4.5793710566194024e-03, 0., 0., 0., 1. ]
mean-rme3: 1.2013077647634077e-03
max-rme3: 4.4991354527646188e-03
Hcamera2end4: !!opencv-matrix
   rows: 4
   cols: 4
   dt: d
   data: [ 9.9999092918829025e-01, 4.2576431875773271e-03,
       -1.1838761443727901e-04, -1.6918843125181864e-02,
       1.1802890597730365e-04, 8.4501639713185916e-05,
       9.9999998946432522e-01, 2.6164609457464308e-02,
       4.2576531466677241e-03, -9.9999093262587158e-01,
       8.3998348247238397e-05, 3.3944971276232062e-02, 0., 0., 0., 1. ]
Hobj2base4: !!opencv-matrix
   rows: 4
   cols: 4
   dt: d
   data: [ 9.9999185429260107e-01, 3.9200480696558798e-03,
       -9.6154645076008602e-04, -7.3705494927808202e-01,
       3.9225397959105996e-03, -9.9998891813446100e-01,
       2.6033228419876497e-03, 8.6270374302417172e-02,
       -9.5133064435018444e-04, -2.6070733403002365e-03,
       -9.9999614906188672e-01, 5.9498539662612183e-03, 0., 0., 0., 1. ]
mean-rme4: 1.5741595019465844e-03
max-rme4: 5.2288896413214825e-03
Hcamera2end5: !!opencv-matrix
   rows: 4
   cols: 4
   dt: d
   data: [ 9.9999059305884208e-01, 4.3343978783483752e-03,
       -1.6367301997344871e-04, -1.6968923257433061e-02,
       1.6474085891242125e-04, -2.4600796583040818e-04,
       9.9999995617026416e-01, 2.6312324613298840e-02,
       4.3343574235061560e-03, -9.9999057619315246e-01,
       -2.4671970407719179e-04, 3.3285509964499499e-02, 0., 0., 0., 1. ]
Hobj2base5: !!opencv-matrix
   rows: 4
   cols: 4
   dt: d
   data: [ 9.9999197689416874e-01, 3.8430523889937678e-03,
       -1.1300865576187307e-03, -7.3626881234161878e-01,
       3.8461923186451793e-03, -9.9998871250272225e-01,
       2.7895648041462817e-03, 8.6413434383257340e-02,
       -1.1193533580849604e-03, -2.7938889534099526e-03,
       -9.9999547060603033e-01, 5.8791527919514700e-03, 0., 0., 0., 1. ]
mean-rme5: 1.5741945274148764e-03
max-rme5: 5.4117381779469620e-03
Hcamera2end6: !!opencv-matrix
   rows: 4
   cols: 4
   dt: d
   data: [ 9.9997199673816706e-01, 7.4772631459221230e-03,
       -3.1028266127010838e-04, -1.6889608296197900e-02,
       2.9609605723607746e-04, 1.8983313457511253e-03,
       9.9999815433090999e-01, 2.7338325120961651e-02,
       7.4778383646705894e-03, -9.9997024299423432e-01,
       1.8960641981450310e-03, 3.2992653728261601e-02, 0., 0., 0., 1. ]
Hobj2base6: !!opencv-matrix
   rows: 4
   cols: 4
   dt: d
   data: [ 9.9997291841109992e-01, 6.9424688610950731e-03,
       -2.4422470187343234e-03, -7.3687281067993815e-01,
       6.9526564236863922e-03, -9.9996706036912641e-01,
       4.1879285311715603e-03, 8.6087415329540617e-02,
       -2.4130920085988741e-03, -4.2047952198357684e-03,
       -9.9998824827300714e-01, 5.2958361086638487e-03, 0., 0., 0., 1. ]
mean-rme6: 1.7812292222684934e-03
max-rme6: 5.9107309012801923e-03
Hcamera2end7: !!opencv-matrix
   rows: 4
   cols: 4
   dt: d
   data: [ 9.9997152722511817e-01, 7.3743445116654077e-03,
       1.6011814662670694e-03, -1.7026188910547201e-02,
       -1.6203355906219841e-03, 2.5921585614373521e-03,
       9.9999532760236753e-01, 2.6997463089763089e-02,
       7.3701595395493707e-03, -9.9996944941183863e-01,
       2.6040336683599286e-03, 3.3563804202136158e-02, 0., 0., 0., 1. ]
Hobj2base7: !!opencv-matrix
   rows: 4
   cols: 4
   dt: d
   data: [ 9.9997538451460177e-01, 6.5243604699893511e-03,
       -2.5812952818147529e-03, -7.3773588292130021e-01,
       6.5394851490139395e-03, -9.9996124165936973e-01,
       5.8949396127145302e-03, 8.6800062610558962e-02,
       -2.5427345241107839e-03, -5.9116748480752181e-03,
       -9.9997929308642708e-01, 5.8477990566922211e-03, 0., 0., 0., 1. ]
mean-rme7: 1.8236986836886457e-03
max-rme7: 6.1067319233663042e-03
Hcamera2end8: !!opencv-matrix
   rows: 4
   cols: 4
   dt: d
   data: [ 9.9994005005038389e-01, 1.0901582830934210e-02,
       -1.0255715557631944e-03, -1.6878792667973971e-02,
       1.0080609063840094e-03, 1.6116218986729214e-03,
       9.9999819324240014e-01, 2.7132691569945508e-02,
       1.0903215967994505e-02, -9.9993927723969123e-01,
       1.6005358225517075e-03, 3.3482463200570606e-02, 0., 0., 0., 1. ]
Hobj2base8: !!opencv-matrix
   rows: 4
   cols: 4
   dt: d
   data: [ 9.9994777067059837e-01, 9.9677098291305870e-03,
       -2.2584710896398500e-03, -7.3764282203685871e-01,
       9.9793244991564379e-03, -9.9993673041187314e-01,
       5.1911709424199834e-03, 8.5589045645830447e-02,
       -2.2065841114767551e-03, -5.2134378269183311e-03,
       -9.9998397539789807e-01, 5.4806734658971543e-03, 0., 0., 0., 1. ]
mean-rme8: 1.9494612167354549e-03
max-rme8: 6.9347188751481964e-03
Hcamera2end9: !!opencv-matrix
   rows: 4
   cols: 4
   dt: d
   data: [ 9.9995885481059643e-01, 9.0390259307250361e-03,
       -7.6465423833060268e-04, -1.6930412256707539e-02,
       7.5864071206829808e-04, 6.6869480437159456e-04,
       9.9999948865563348e-01, 2.7132318286731703e-02,
       9.0395326289863624e-03, -9.9995892358510508e-01,
       6.6180991772879505e-04, 3.3637201196566956e-02, 0., 0., 0., 1. ]
Hobj2base9: !!opencv-matrix
   rows: 4
   cols: 4
   dt: d
   data: [ 9.9996587373396850e-01, 8.0820049872204792e-03,
       -1.7124727289634116e-03, -7.3726688749627101e-01,
       8.0902882291976827e-03, -9.9995533325280905e-01,
       4.8865873195223924e-03, 8.5850456868590053e-02,
       -1.6729028152900878e-03, -4.9002749565054959e-03,
       -9.9998659426090342e-01, 5.3264001798983508e-03, 0., 0., 0., 1. ]
mean-rme9: 1.8813673729727212e-03
max-rme9: 7.2912239802871981e-03
Hcamera2end10: !!opencv-matrix
   rows: 4
   cols: 4
   dt: d
   data: [ 9.9996936982277573e-01, 7.7237222478558206e-03,
       -1.2663059972988400e-03, -1.6990343904749888e-02,
       1.2680998068483442e-03, -2.2735389209560530e-04,
       9.9999917011619932e-01, 2.7766688778646159e-02,
       7.7234279384667780e-03, -9.9997014576678500e-01,
       -2.3714137889618847e-04, 3.4772822301217504e-02, 0., 0., 0., 1. ]
Hobj2base10: !!opencv-matrix
   rows: 4
   cols: 4
   dt: d
   data: [ 9.9997578499727069e-01, 6.9461651396245548e-03,
       -4.2451024169112763e-04, -7.3782609788824027e-01,
       6.9477259532116495e-03, -9.9996867038938597e-01,
       3.7930652199242498e-03, 8.5691008215864201e-02,
       -3.9814968454759362e-04, -3.7959227516631989e-03,
       -9.9999271619711916e-01, 4.2683459958998953e-03, 0., 0., 0., 1. ]
mean-rme10: 1.9339668797278620e-03
max-rme10: 7.2937478175891524e-03
Hcamera2end11: !!opencv-matrix
   rows: 4
   cols: 4
   dt: d
   data: [ 9.9995831202098018e-01, 9.0227132975993600e-03,
       -1.4017363879552003e-03, -1.6952305530744022e-02,
       1.4072324122217802e-03, -6.0281226141456479e-04,
       9.9999882815647123e-01, 2.8474850488673074e-02,
       9.0218577405092402e-03, -9.9995911279518179e-01,
       -6.1548418598822430e-04, 3.4729397923138429e-02, 0., 0., 0., 1. ]
Hobj2base11: !!opencv-matrix
   rows: 4
   cols: 4
   dt: d
   data: [ 9.9996639974664758e-01, 8.1922345057706611e-03,
       2.9440028927505470e-04, -7.3765861011669009e-01,
       8.1908240898290810e-03, -9.9995628753931554e-01,
       4.5092584001261982e-03, 8.5515428556730264e-02,
       3.3132832257493436e-04, -4.5066955069200752e-03,
       -9.9998978990645226e-01, 3.5081732563087935e-03, 0., 0., 0., 1. ]
mean-rme11: 1.9773259478185969e-03
max-rme11: 7.0706489125035160e-03
Hcamera2end12: !!opencv-matrix
   rows: 4
   cols: 4
   dt: d
   data: [ 9.9996898065710349e-01, 7.7499721390982771e-03,
       -1.4055801067596159e-03, -1.7051430944486246e-02,
       1.4096312635860299e-03, -5.1729418737744837e-04,
       9.9999887267257681e-01, 2.8777538862724772e-02,
       7.7492363039230348e-03, -9.9996983471431133e-01,
       -5.2820274427078928e-04, 3.4658066816490592e-02, 0., 0., 0., 1. ]
Hobj2base12: !!opencv-matrix
   rows: 4
   cols: 4
   dt: d
   data: [ 9.9997417575442349e-01, 7.1830129183666465e-03,
       2.2836303549730600e-04, -7.3745153868664060e-01,
       7.1820495494147639e-03, -9.9996632230307614e-01,
       3.9714511113847200e-03, 8.5667244495283110e-02,
       2.5688232939394593e-04, -3.9697084370197283e-03,
       -9.9999208768189463e-01, 3.1817003385092792e-03, 0., 0., 0., 1. ]
mean-rme12: 1.9461447809999157e-03
max-rme12: 7.1317239573692320e-03
Hcamera2end13: !!opencv-matrix
   rows: 4
   cols: 4
   dt: d
   data: [ 9.9997248150847506e-01, 7.2622771609362428e-03,
       -1.5151093096448507e-03, -1.7102695487314173e-02,
       1.5165274489821745e-03, -1.8977192806235443e-04,
       9.9999883206487394e-01, 2.8728416664666651e-02,
       7.2619811538527351e-03, -9.9997361131034512e-01,
       -2.0078014848179393e-04, 3.4160876189056492e-02, 0., 0., 0., 1. ]
Hobj2base13: !!opencv-matrix
   rows: 4
   cols: 4
   dt: d
   data: [ 9.9997989840249613e-01, 6.3357717754229477e-03,
       -2.4655008249452543e-04, -7.3700090623384074e-01,
       6.3366182973397548e-03, -9.9997344613292305e-01,
       3.5992079127819482e-03, 8.5813966524301039e-02,
       -2.2373977572872429e-04, -3.6006978567170982e-03,
       -9.9999349243655433e-01, 3.3199200574729657e-03, 0., 0., 0., 1. ]
mean-rme13: 1.9486813845354799e-03
max-rme13: 6.9526260602521955e-03
Hcamera2end14: !!opencv-matrix
   rows: 4
   cols: 4
   dt: d
   data: [ 9.9997186667471005e-01, 7.3656117388537293e-03,
       -1.4190217787097567e-03, -1.7098406185078133e-02,
       1.4202515005428931e-03, -1.6172657490387543e-04,
       9.9999897836457319e-01, 2.8789226460170774e-02,
       7.3653747203518511e-03, -9.9997286043583566e-01,
       -1.7218304612209856e-04, 3.4396057874573394e-02, 0., 0., 0., 1. ]
Hobj2base14: !!opencv-matrix
   rows: 4
   cols: 4
   dt: d
   data: [ 9.9997898078425462e-01, 6.4684268821975938e-03,
       -4.4434598336475802e-04, -7.3724585496807615e-01,
       6.4699456842595097e-03, -9.9997292290061157e-01,
       3.5061757585720236e-03, 8.5804714486741498e-02,
       -4.2165451023394688e-04, -3.5089769558847021e-03,
       -9.9999375462459605e-01, 3.2621898027242642e-03, 0., 0., 0., 1. ]
mean-rme14: 1.9055202013547163e-03
max-rme14: 7.0241092055758764e-03
Hcamera2end15: !!opencv-matrix
   rows: 4
   cols: 4
   dt: d
   data: [ 9.9997580635051386e-01, 6.7720072498526455e-03,
       -1.5895381239611150e-03, -1.7153259447917395e-02,
       1.5872323113758379e-03, 3.4585258216190962e-04,
       9.9999868053892016e-01, 2.9155466074625457e-02,
       6.7725480603172631e-03, -9.9997700988762717e-01,
       3.3509546600596352e-04, 3.4293797620198990e-02, 0., 0., 0., 1. ]
Hobj2base15: !!opencv-matrix
   rows: 4
   cols: 4
   dt: d
   data: [ 9.9998353449542787e-01, 5.6932074420092717e-03,
       -7.1981042896528255e-04, -7.3717012794936154e-01,
       5.6954328070126774e-03, -9.9997888766595344e-01,
       3.1283010570308609e-03, 8.5855424465933056e-02,
       -7.0198516522832237e-04, -3.1323491799074617e-03,
       -9.9999484778944892e-01, 2.9345619970791077e-03, 0., 0., 0., 1. ]
mean-rme15: 1.9587745075776578e-03
max-rme15: 6.9177131450626622e-03
Hcamera2end16: !!opencv-matrix
   rows: 4
   cols: 4
   dt: d
   data: [ 9.9997282869098236e-01, 6.5294037716641194e-03,
       -3.4218074378785431e-03, -1.7158710935355512e-02,
       3.4186051760147717e-03, 5.0153497076932396e-04,
       9.9999403078284610e-01, 2.9208050004111984e-02,
       6.5310809523284555e-03, -9.9997855744463826e-01,
       4.7919988987754625e-04, 3.4003873852874310e-02, 0., 0., 0., 1. ]
Hobj2base16: !!opencv-matrix
   rows: 4
   cols: 4
   dt: d
   data: [ 9.9998132740345103e-01, 6.0384665343710961e-03,
       -9.3902414526117006e-04, -7.3693071887281070e-01,
       6.0400511538507120e-03, -9.9998032398389936e-01,
       1.6939383444684989e-03, 8.5225615109039310e-02,
       -9.2877687900260787e-04, -1.6995784681132920e-03,
       -9.9999812440151126e-01, 2.7643581043341908e-03, 0., 0., 0., 1. ]
mean-rme16: 2.0425242355677367e-03
max-rme16: 8.4872325287770056e-03
Hcamera2end17: !!opencv-matrix
   rows: 4
   cols: 4
   dt: d
   data: [ 9.9997354152486850e-01, 6.5935289430929661e-03,
       -3.0727229437067681e-03, -1.7086699626338332e-02,
       3.0701720914414945e-03, 3.9695898106961724e-04,
       9.9999520822196752e-01, 2.9173865878006862e-02,
       6.5947170933346637e-03, -9.9997818366184565e-01,
       3.7670520959509624e-04, 3.3821220334925170e-02, 0., 0., 0., 1. ]
Hobj2base17: !!opencv-matrix
   rows: 4
   cols: 4
   dt: d
   data: [ 9.9998188007008149e-01, 5.9632271999934703e-03,
       -8.2428930996588073e-04, -7.3671136945861460e-01,
       5.9646851447315513e-03, -9.9998063090841294e-01,
       1.7777342704126807e-03, 8.5300484782074623e-02,
       -8.1367231087505658e-04, -1.7826186841944016e-03,
       -9.9999808010215552e-01, 2.8121694151947330e-03, 0., 0., 0., 1. ]
mean-rme17: 2.0543349867535384e-03
max-rme17: 8.7255754226731319e-03
Hcamera2end18: !!opencv-matrix
   rows: 4
   cols: 4
   dt: d
   data: [ 9.9999051152798324e-01, 3.0690855054922661e-03,
       -3.0915316854986858e-03, -1.7144632964813108e-02,
       3.0868725381995692e-03, 1.5216677722480476e-03,
       9.9999407785502614e-01, 2.8312658287676606e-02,
       3.0737716140556725e-03, -9.9999413260346237e-01,
       1.5121794581816062e-03, 3.3482575387520010e-02, 0., 0., 0., 1. ]
Hobj2base18: !!opencv-matrix
   rows: 4
   cols: 4
   dt: d
   data: [ 9.9999307170716167e-01, 3.1125502297602039e-03,
       -2.0417073107163331e-03, -7.3659169371782507e-01,
       3.1130172967323388e-03, -9.9999512909649413e-01,
       2.2562490034702017e-04, 8.5590472391610342e-02,
       -2.0409950969216212e-03, -2.3197920732476377e-04,
       -9.9999789026010499e-01, 3.7912261661441904e-03, 0., 0., 0., 1. ]
mean-rme18: 2.1277128288240228e-03
max-rme18: 8.8700623842657700e-03
Hcamera2end19: !!opencv-matrix
   rows: 4
   cols: 4
   dt: d
   data: [ 9.9998945770729919e-01, 3.7244201532102483e-03,
       -2.6857343100422206e-03, -1.7526704659818291e-02,
       2.6819866579236859e-03, 1.0108673841457971e-03,
       9.9999589253891352e-01, 2.9125100477319341e-02,
       3.7271197765159029e-03, -9.9999255339310100e-01,
       1.0008678821264994e-03, 3.2682758680612059e-02, 0., 0., 0., 1. ]
Hobj2base19: !!opencv-matrix
   rows: 4
   cols: 4
   dt: d
   data: [ 9.9999233899718876e-01, 3.5563510455545976e-03,
       -1.6353330463033842e-03, -7.3615070140045546e-01,
       3.5578908281814758e-03, -9.9999322923304801e-01,
       9.3962807322005195e-04, 8.5513099380735577e-02,
       -1.6319803265638100e-03, -9.4543921117320638e-04,
       -9.9999822139087424e-01, 2.5343605429032682e-03, 0., 0., 0., 1. ]
mean-rme19: 2.1578294041166637e-03
max-rme19: 8.7603844763974037e-03
Hcamera2end20: !!opencv-matrix
   rows: 4
   cols: 4
   dt: d
   data: [ 9.9998909000258496e-01, 3.7683568639026578e-03,
       -2.7603192475327480e-03, -1.7980991640146101e-02,
       2.7562498389348887e-03, 1.0846559167940750e-03,
       9.9999561329456210e-01, 2.8935101735591443e-02,
       3.7713343298351886e-03, -9.9999231147448742e-01,
       1.0742575502016294e-03, 3.2603791197680136e-02, 0., 0., 0., 1. ]
Hobj2base20: !!opencv-matrix
   rows: 4
   cols: 4
   dt: d
   data: [ 9.9999147134836874e-01, 3.7482130788971477e-03,
       -1.7343959293654938e-03, -7.3604251552369304e-01,
       3.7494950591644479e-03, -9.9999269940754587e-01,
       7.3649060438803486e-04, 8.4983734569456112e-02,
       -1.7316227435318079e-03, -7.4298743208403117e-04,
       -9.9999822472459887e-01, 2.6779354463058501e-03, 0., 0., 0., 1. ]
mean-rme20: 2.0829897054856785e-03
max-rme20: 8.7783088561666223e-03
Hcamera2end21: !!opencv-matrix
   rows: 4
   cols: 4
   dt: d
   data: [ 9.9999001056924053e-01, 3.4712568458704239e-03,
       -2.8158724474329089e-03, -1.8075428700054966e-02,
       2.8114578656855604e-03, 1.2759774758700493e-03,
       9.9999523378171662e-01, 2.8786786601207207e-02,
       3.4748332909204267e-03, -9.9999316110531011e-01,
       1.2662054372182263e-03, 3.2354389688629734e-02, 0., 0., 0., 1. ]
Hobj2base21: !!opencv-matrix
   rows: 4
   cols: 4
   dt: d
   data: [ 9.9999213998751113e-01, 3.3724896457759772e-03,
       -2.0847725983905324e-03, -7.3584161899955902e-01,
       3.3737193024511716e-03, -9.9999413694637718e-01,
       5.8659265184329281e-04, 8.5083561764815296e-02,
       -2.0827820976123657e-03, -5.9362147877413483e-04,
       -9.9999765481338732e-01, 2.8837715716350733e-03, 0., 0., 0., 1. ]
mean-rme21: 2.0920668637907755e-03
max-rme21: 8.5830674247799610e-03
Hcamera2end22: !!opencv-matrix
   rows: 4
   cols: 4
   dt: d
   data: [ 9.9999546260766137e-01, 1.4861077009174577e-03,
       -2.6203526462347682e-03, -1.8231003029916409e-02,
       2.6173294974296741e-03, 2.0325825060945046e-03,
       9.9999450908225374e-01, 2.8848506962222267e-02,
       1.4914256237708451e-03, -9.9999683004110418e-01,
       2.0286836499482375e-03, 3.2087459388311985e-02, 0., 0., 0., 1. ]
Hobj2base22: !!opencv-matrix
   rows: 4
   cols: 4
   dt: d
   data: [ 9.9999531065611447e-01, 1.6199909149916434e-03,
       -2.5989026946749562e-03, -7.3565228261505611e-01,
       1.6204916732454821e-03, -9.9999866884088262e-01,
       1.9058646474576083e-04, 8.5318447481659968e-02,
       -2.5985904867805291e-03, -1.9479707119658370e-04,
       -9.9999660468502793e-01, 2.9153092191103922e-03, 0., 0., 0., 1. ]
mean-rme22: 2.0986235514756529e-03
max-rme22: 8.6172990696891938e-03
Hcamera2end23: !!opencv-matrix
   rows: 4
   cols: 4
   dt: d
   data: [ 9.9999625832099115e-01, 2.6074429408923260e-04,
       -2.7231152070200798e-03, -1.8186834251773903e-02,
       2.7229870855566751e-03, 4.9046889671910954e-04,
       9.9999617238347105e-01, 2.9688936587384553e-02,
       2.6207889937128839e-04, -9.9999984572632516e-01,
       4.8975705819653825e-04, 3.3060426910146365e-02, 0., 0., 0., 1. ]
Hobj2base23: !!opencv-matrix
   rows: 4
   cols: 4
   dt: d
   data: [ 9.9999963407280557e-01, 5.3637742073971227e-04,
       -6.6644843576860505e-04, -7.3574871351574445e-01,
       5.3627601318633020e-04, -9.9999984460171221e-01,
       -1.5233052367995734e-04, 8.5498521265762642e-02,
       -6.6653003885705085e-04, 1.5197306762794794e-04,
       -9.9999976632091947e-01, 1.6550193607490096e-03, 0., 0., 0., 1. ]
mean-rme23: 2.1872641390554277e-03
max-rme23: 8.5772835749433896e-03
Hcamera2end24: !!opencv-matrix
   rows: 4
   cols: 4
   dt: d
   data: [ 9.9999524772655402e-01, -1.4854298571407645e-03,
       -2.7014852299152314e-03, -1.8295846990856915e-02,
       2.7024813586048017e-03, 6.6900186420837393e-04,
       9.9999612450799613e-01, 2.9275217414171450e-02,
       -1.4836168017142866e-03, -9.9999867296644196e-01,
       6.7301303142708324e-04, 3.2951284695269582e-02, 0., 0., 0., 1. ]
Hobj2base24: !!opencv-matrix
   rows: 4
   cols: 4
   dt: d
   data: [ 9.9999902736572988e-01, -9.5238576795339481e-04,
       -1.0189352006682013e-03, -7.3561715529975036e-01,
       -9.5341788425700065e-04, -9.9999903248271726e-01,
       -1.0129303862614323e-03, 8.5722256749927131e-02,
       -1.0179695143469820e-03, 1.0139008720938417e-03,
       -9.9999896787101217e-01, 2.0552129210409404e-03, 0., 0., 0., 1. ]
mean-rme24: 2.1995594134814650e-03
max-rme24: 8.5104487773237369e-03
Hcamera2end25: !!opencv-matrix
   rows: 4
   cols: 4
   dt: d
   data: [ 9.9999399105866038e-01, -1.8741894182650891e-03,
       -2.9163779927116919e-03, -1.8184703627630638e-02,
       2.9168760619619257e-03, 2.6307339421405285e-04,
       9.9999571130401776e-01, 2.9515456047220182e-02,
       -1.8734141589791071e-03, -9.9999820910160320e-01,
       2.6853859167119687e-04, 3.3304855421601512e-02, 0., 0., 0., 1. ]
Hobj2base25: !!opencv-matrix
   rows: 4
   cols: 4
   dt: d
   data: [ 9.9999932989001172e-01, -1.0446452555900234e-03,
       -4.9893468257029318e-04, -7.3576120809855738e-01,
       -1.0454254468180279e-03, -9.9999822732942101e-01,
       -1.5660215999735048e-03, 8.5641637319272712e-02,
       -4.9729786108889643e-04, 1.5665421495802477e-03,
       -9.9999864931935378e-01, 1.6556708140077110e-03, 0., 0., 0., 1. ]
mean-rme25: 2.2152614396494948e-03
max-rme25: 8.6050811779374292e-03
