%YAML:1.0
---
Hcamera2end0: !!opencv-matrix
   rows: 4
   cols: 4
   dt: d
   data: [ 9.9999576288590486e-01, 2.9095595795548901e-03,
       9.3130501011604461e-05, -1.4911784147185470e-02,
       -1.0247792645039070e-04, 3.2126760343351712e-03,
       9.9999483409214329e-01, 2.5590658556061959e-02,
       2.9092453509095323e-03, -9.9999060654375727e-01,
       3.2129605874928746e-03, 3.2353682805766067e-02, 0., 0., 0., 1. ]
Hobj2base0: !!opencv-matrix
   rows: 4
   cols: 4
   dt: d
   data: [ 9.9998710995261131e-01, 5.7760136914736856e-04,
       -5.0444330982261660e-03, -7.3475696737731155e-01,
       6.0515306366991546e-04, -9.9998490014313646e-01,
       5.4619845743549642e-03, 9.1379474427025834e-02,
       -5.0412020782400167e-03, -5.4649668232588343e-03,
       -9.9997235982762378e-01, 5.6133454306248427e-03, 0., 0., 0., 1. ]
mean-rme0: 1.0690823614754169e-03
max-rme0: 3.0560254333204667e-03
Hcamera2end1: !!opencv-matrix
   rows: 4
   cols: 4
   dt: d
   data: [ 9.9998541228605287e-01, 4.4289776676993036e-03,
       -3.0918233959633147e-03, -1.5358013528431913e-02,
       3.0850621192038911e-03, 1.5326191755159480e-03,
       9.9999406671748980e-01, 2.5589720420958383e-02,
       4.4336899771475315e-03, -9.9998901755733383e-01,
       1.5189331468763445e-03, 3.2521179205607688e-02, 0., 0., 0., 1. ]
Hobj2base1: !!opencv-matrix
   rows: 4
   cols: 4
   dt: d
   data: [ 9.9999138503296536e-01, 3.0721488436192966e-03,
       -2.7913726613198642e-03, -7.3495871507896893e-01,
       3.0812782359251815e-03, -9.9998989922497006e-01,
       3.2721816066890131e-03, 9.0245058758496408e-02,
       -2.7812918373534856e-03, -3.2807544127820215e-03,
       -9.9999075049032271e-01, 4.4879297663120311e-03, 0., 0., 0., 1. ]
mean-rme1: 1.3806024454279060e-03
max-rme1: 5.5194105745096748e-03
Hcamera2end2: !!opencv-matrix
   rows: 4
   cols: 4
   dt: d
   data: [ 9.9997380051888973e-01, 7.2352634596017963e-03,
       -2.2189744902467029e-04, -1.5055706371053143e-02,
       2.2416783982880930e-04, -3.1298572326377005e-04,
       9.9999992589435560e-01, 2.5594030280225628e-02,
       7.2351934726943620e-03, -9.9997377615745864e-01,
       -3.1459943658052048e-04, 3.1813245430738733e-02, 0., 0., 0., 1. ]
Hobj2base2: !!opencv-matrix
   rows: 4
   cols: 4
   dt: d
   data: [ 9.9998381949669068e-01, 5.6304562277367303e-03,
       -8.1160795803297456e-04, -7.3391185428691119e-01,
       5.6351147645339770e-03, -9.9996697189553330e-01,
       5.8566713812869247e-03, 9.0724322761210813e-02,
       -7.7860542030797606e-04, -5.8611501213835827e-03,
       -9.9998252019365541e-01, 4.4290668740916347e-03, 0., 0., 0., 1. ]
mean-rme2: 1.3380108421289613e-03
max-rme2: 6.2961983560195084e-03
Hcamera2end3: !!opencv-matrix
   rows: 4
   cols: 4
   dt: d
   data: [ 9.9996132350851008e-01, 8.5916741993108184e-03,
       1.8800589250918443e-03, -1.9899753842002228e-02,
       -1.8455996241497456e-03, -4.0169484093992569e-03,
       9.9999022889601441e-01, 2.9742043935727797e-02,
       8.5991423488775334e-03, -9.9995502261848201e-01,
       -4.0009362572550611e-03, 3.2344435934598681e-02, 0., 0., 0., 1. ]
Hobj2base3: !!opencv-matrix
   rows: 4
   cols: 4
   dt: d
   data: [ 9.9997895714331497e-01, 5.4747330981247304e-03,
       3.4803114907413064e-03, -7.3376418423393241e-01,
       5.4496215298006434e-03, -9.9995934278990095e-01,
       7.1843157204855533e-03, 8.5851446511703039e-02,
       3.5195022020481363e-03, -7.1651981615291106e-03,
       -9.9996813601212109e-01, -2.8169498880635063e-04, 0., 0., 0., 1. ]
mean-rme3: 1.5737194587259887e-03
max-rme3: 8.5896873137768226e-03
Hcamera2end4: !!opencv-matrix
   rows: 4
   cols: 4
   dt: d
   data: [ 9.9997080220543666e-01, 7.6304582611619997e-03,
       4.1333199747056347e-04, -1.9925656591861445e-02,
       -3.9757208612147639e-04, -2.0667964577905096e-03,
       9.9999778514196647e-01, 2.9875950555996126e-02,
       7.6312956338884831e-03, -9.9996875174133659e-01,
       -2.0637024546832361e-03, 3.3369469039541584e-02, 0., 0., 0., 1. ]
Hobj2base4: !!opencv-matrix
   rows: 4
   cols: 4
   dt: d
   data: [ 9.9998614015599763e-01, 4.8871373151757116e-03,
       1.9584138408798488e-03, -7.3540393216359823e-01,
       4.8764963403737822e-03, -9.9997351930206824e-01,
       5.4018957855910873e-03, 8.5567927482765357e-02,
       1.9847617871809561e-03, -5.3922707182301934e-03,
       -9.9998349193231650e-01, -4.1558015590889563e-04, 0., 0., 0., 1. ]
mean-rme4: 1.7070008302668227e-03
max-rme4: 8.7325390444222550e-03
Hcamera2end5: !!opencv-matrix
   rows: 4
   cols: 4
   dt: d
   data: [ 9.9997208903403489e-01, 5.2504262935180448e-03,
       5.3154657975149032e-03, -2.0449269526790600e-02,
       -5.3071368309493159e-03, -1.5990017884555119e-03,
       9.9998463862798315e-01, 3.0014824653383676e-02,
       5.2588450790832034e-03, -9.9998493799507648e-01,
       -1.5710924280105676e-03, 3.2811349936254446e-02, 0., 0., 0., 1. ]
Hobj2base5: !!opencv-matrix
   rows: 4
   cols: 4
   dt: d
   data: [ 9.9999610846623477e-01, 2.4894890096585900e-03,
       1.2591651429832589e-03, -7.3469949128417411e-01,
       2.4783536657725291e-03, -9.9995848029389833e-01,
       8.7690051559470954e-03, 8.6953418343046499e-02,
       1.2809432047779586e-03, -8.7658503745195182e-03,
       -9.9996075875592139e-01, 3.6339624617545946e-08, 0., 0., 0., 1. ]
mean-rme5: 1.8952576649705530e-03
max-rme5: 8.1736982238697041e-03
Hcamera2end6: !!opencv-matrix
   rows: 4
   cols: 4
   dt: d
   data: [ 9.9995834463966804e-01, 8.2794474511740622e-03,
       3.8418401057570195e-03, -2.0029037312493357e-02,
       -3.8458271754277379e-03, 4.6569511176097755e-04,
       9.9999249634254739e-01, 3.0027698811973421e-02,
       8.2775961988790746e-03, -9.9996561634786529e-01,
       4.9751703706857331e-04, 3.2594828982264124e-02, 0., 0., 0., 1. ]
Hobj2base6: !!opencv-matrix
   rows: 4
   cols: 4
   dt: d
   data: [ 9.9998668524127332e-01, 5.1318719230427018e-03,
       5.4150783553949175e-04, -7.3538984831904475e-01,
       5.1272943244333605e-03, -9.9995371738386396e-01,
       8.1408809782527129e-03, 8.6473216751834073e-02,
       5.8326073166133227e-04, -8.1379961143348677e-03,
       -9.9996671585916408e-01, 1.7562763069350432e-04, 0., 0., 0., 1. ]
mean-rme6: 1.9790353182818784e-03
max-rme6: 8.1590556671206349e-03
Hcamera2end7: !!opencv-matrix
   rows: 4
   cols: 4
   dt: d
   data: [ 9.9995963445660174e-01, 8.1772565542415215e-03,
       3.7231616491270447e-03, -1.9942022548872895e-02,
       -3.7332339975010994e-03, 1.2168330208539579e-03,
       9.9999229111094623e-01, 3.0291543470569060e-02,
       8.1726630506413454e-03, -9.9996582531236822e-01,
       1.2473115149024272e-03, 3.2401850507546702e-02, 0., 0., 0., 1. ]
Hobj2base7: !!opencv-matrix
   rows: 4
   cols: 4
   dt: d
   data: [ 9.9998861205170120e-01, 4.7669110592535348e-03,
       -2.2874847635953838e-04, -7.3535623955611773e-01,
       4.7685434689956514e-03, -9.9995849067231557e-01,
       7.7638859812198483e-03, 8.6587067333217221e-02,
       -1.9172922721741542e-04, -7.7648883635406830e-03,
       -9.9996983441932152e-01, 6.2310002331619128e-05, 0., 0., 0., 1. ]
mean-rme7: 1.9370310088855707e-03
max-rme7: 8.2604694286451952e-03
Hcamera2end8: !!opencv-matrix
   rows: 4
   cols: 4
   dt: d
   data: [ 9.9996419801559500e-01, 6.6672589593319053e-03,
       5.2105992934651981e-03, -1.9851200290126644e-02,
       -5.2153200031469027e-03, 6.9085329779816629e-04,
       9.9998616148374064e-01, 3.0131310445400367e-02,
       6.6635669346549950e-03, -9.9997753493750552e-01,
       7.2560045289593589e-04, 3.1811068615602560e-02, 0., 0., 0., 1. ]
