%YAML:1.0
---
Hcamera2end0: !!opencv-matrix
   rows: 4
   cols: 4
   dt: d
   data: [ 9.9996879664640703e-01, 3.6109073152708797e-03,
       7.0261712117799377e-03, -1.2337414928694642e-02,
       -6.9944819970286448e-03, -8.7149188576329806e-03,
       9.9993756175618198e-01, 2.5626708228602486e-02,
       3.6719143685500213e-03, -9.9995550477892048e-01,
       -8.6893904967286772e-03, 3.1057588903287338e-02, 0., 0., 0., 1. ]
Hobj2base0: !!opencv-matrix
   rows: 4
   cols: 4
   dt: d
   data: [ 9.9996057152135076e-01, 2.4098797048979982e-03,
       8.5468053974317448e-03, -7.3045490496975896e-01,
       2.3503539737892861e-03, -9.9997296177177786e-01,
       6.9678950606075051e-03, 9.4604471655359901e-02,
       8.5633660958492584e-03, -6.9475323090768207e-03,
       -9.9993919842954559e-01, 1.9394736091019327e-03, 0., 0., 0., 1. ]
mean-rme0: 6.7485856429618939e-04
max-rme0: 2.0030353186151761e-03
Hcamera2end1: !!opencv-matrix
   rows: 4
   cols: 4
   dt: d
   data: [ 9.9997741689395025e-01, 2.3898068695419610e-03,
       6.2812837246213190e-03, -1.2436464963139531e-02,
       -6.2573903620598576e-03, -9.8774810233430710e-03,
       9.9993163788055561e-01, 2.5613207281949647e-02,
       2.4516867580714760e-03, -9.9994836076257454e-01,
       -9.8623040046690313e-03, 3.0971657725608316e-02, 0., 0., 0., 1. ]
Hobj2base1: !!opencv-matrix
   rows: 4
   cols: 4
   dt: d
   data: [ 9.9995234071250960e-01, 1.7040315732471892e-03,
       9.6131462056180967e-03, -7.2998693815831062e-01,
       1.6389118762244002e-03, -9.9997568712406570e-01,
       6.7778409995223150e-03, 9.4485020905566125e-02,
       9.6244621374486968e-03, -6.7617628729652853e-03,
       -9.9993082175289261e-01, 1.7212998331573859e-03, 0., 0., 0., 1. ]
mean-rme1: 6.3430382841602210e-04
max-rme1: 1.9876541881225784e-03
Hcamera2end2: !!opencv-matrix
   rows: 4
   cols: 4
   dt: d
   data: [ 9.9998941445450340e-01, 4.1653689115048881e-03,
       1.9546561770544348e-03, -1.2616503586526729e-02,
       -1.9169576637188491e-03, -9.0353164170007272e-03,
       9.9995734325548136e-01, 2.6196632171930263e-02,
       4.1828521674735341e-03, -9.9995050515466821e-01,
       -9.0272359373904099e-03, 3.0530429331166287e-02, 0., 0., 0., 1. ]
Hobj2base2: !!opencv-matrix
   rows: 4
   cols: 4
   dt: d
   data: [ 9.9995642664501838e-01, 3.5342312082339358e-03,
       8.6402558464789853e-03, -7.2978345735749639e-01,
       3.4985993429591270e-03, -9.9998532828822984e-01,
       4.1355786679468020e-03, 9.3307175586026067e-02,
       8.6547451703279498e-03, -4.1051696734819591e-03,
       -9.9995412043152698e-01, 1.1398832520403898e-03, 0., 0., 0., 1. ]
mean-rme2: 1.1044413816833610e-03
max-rme2: 6.9286036282264207e-03
Hcamera2end3: !!opencv-matrix
   rows: 4
   cols: 4
   dt: d
   data: [ 9.9998757109292924e-01, 2.3525369749220612e-03,
       4.3958195419497581e-03, -1.2482914667135532e-02,
       -4.3842623530820496e-03, -4.8954629558155549e-03,
       9.9997840610988564e-01, 2.6153441051523313e-02,
       2.3740057462252008e-03, -9.9998524989733195e-01,
       -4.8850879712680761e-03, 3.0880922341741793e-02, 0., 0., 0., 1. ]
Hobj2base3: !!opencv-matrix
   rows: 4
   cols: 4
   dt: d
   data: [ 9.9998817256579065e-01, 1.6463414794713458e-03,
       4.5764930092359437e-03, -7.3105220965043227e-01,
       1.6189499948177405e-03, -9.9998079397521100e-01,
       5.9825313723056448e-03, 9.4142823050572477e-02,
       4.5862544025482279e-03, -5.9750515009758471e-03,
       -9.9997163211268925e-01, 2.1627610724917847e-03, 0., 0., 0., 1. ]
mean-rme3: 1.5192200781021835e-03
max-rme3: 7.9050141082299963e-03
Hcamera2end4: !!opencv-matrix
   rows: 4
   cols: 4
   dt: d
   data: [ 9.9998354126873834e-01, 3.9353233546820772e-03,
       4.1749756559189867e-03, -1.2260310863022950e-02,
       -4.1767932664488481e-03, 4.5376532380270174e-04,
       9.9999117420857309e-01, 2.6159965153173214e-02,
       3.9333941631585732e-03, -9.9999215363277993e-01,
       4.7019488749033833e-04, 3.0254426579194180e-02, 0., 0., 0., 1. ]
Hobj2base4: !!opencv-matrix
   rows: 4
   cols: 4
   dt: d
   data: [ 9.9999752353134397e-01, 2.1901227864845846e-03,
       3.9533954939217892e-04, -7.3192613927664496e-01,
       2.1876942319450673e-03, -9.9997935222704815e-01,
       6.0422771800904803e-03, 9.4142947241594929e-02,
       4.0856471544529609e-04, -6.0413973345285676e-03,
       -9.9998166712851289e-01, 3.2523357987759515e-03, 0., 0., 0., 1. ]
mean-rme4: 1.7643598385437532e-03
max-rme4: 7.7941251816426027e-03
Hcamera2end5: !!opencv-matrix
   rows: 4
   cols: 4
   dt: d
   data: [ 9.9998781514046176e-01, 2.8074367826979186e-03,
       4.0605257439056625e-03, -1.2238979527155025e-02,
       -4.0593295392983451e-03, -4.3165123464072863e-04,
       9.9999166772573811e-01, 2.6142707550586147e-02,
       2.8091661213153199e-03, -9.9999596597982476e-01,
       -4.2024966396936314e-04, 2.9914069795031754e-02, 0., 0., 0., 1. ]
Hobj2base5: !!opencv-matrix
   rows: 4
   cols: 4
   dt: d
   data: [ 9.9999911164096766e-01, 8.8249783950006093e-04,
       9.9895687533762059e-04, -7.3123583598673814e-01,
       8.7704335229397815e-04, -9.9998477757171145e-01,
       5.4475150126483485e-03, 9.4242675054998767e-02,
       1.0037490890175286e-03, -5.4466340448124399e-03,
       -9.9998466321506574e-01, 3.1507605465218632e-03, 0., 0., 0., 1. ]
mean-rme5: 1.7663662826351012e-03
max-rme5: 7.7706324527373749e-03
Hcamera2end6: !!opencv-matrix
   rows: 4
   cols: 4
   dt: d
   data: [ 9.9999301384013861e-01, 1.9254664191541624e-03,
       3.2038804573733997e-03, -1.2216249889296414e-02,
       -3.2028474460225878e-03, -5.3934352495099702e-04,
       9.9999472542448931e-01, 2.6166908861785226e-02,
       1.9271842553155430e-03, -9.9999800084181711e-01,
       -5.3317278180786687e-04, 2.9522939079209807e-02, 0., 0., 0., 1. ]
Hobj2base6: !!opencv-matrix
   rows: 4
   cols: 4
   dt: d
   data: [ 9.9999931617821969e-01, 7.9282351125010021e-04,
       8.5969411602331979e-04, -7.3079609521065692e-01,
       7.8866051170794886e-04, -9.9998801485287081e-01,
       4.8319939168269335e-03, 9.3969501917971751e-02,
       8.6351473084633095e-04, -4.8313126058027959e-03,
       -9.9998795630788218e-01, 3.1618530583726323e-03, 0., 0., 0., 1. ]
mean-rme6: 1.7353149464473614e-03
max-rme6: 7.6659827445962059e-03
Hcamera2end7: !!opencv-matrix
   rows: 4
   cols: 4
   dt: d
   data: [ 9.9999801953224876e-01, 1.9188976507760276e-03,
       5.2798047877726636e-04, -1.2258403059928799e-02,
       -5.2350366538894363e-04, -2.3327670632631303e-03,
       9.9999714206678658e-01, 2.6053609830340614e-02,
       1.9201238221656356e-03, -9.9999543800441137e-01,
       -2.3317578933395033e-03, 3.0677498561120911e-02, 0., 0., 0., 1. ]
Hobj2base7: !!opencv-matrix
   rows: 4
   cols: 4
   dt: d
   data: [ 9.9999591801795229e-01, 1.4099251903188922e-03,
       2.4851676785490398e-03, -7.3150016177578858e-01,
       1.4032580622752608e-03, -9.9999541759213484e-01,
       2.6824730271163681e-03, 9.2876936014333625e-02,
       2.4889383767904075e-03, -2.6789747457285980e-03,
       -9.9999331411768311e-01, 2.4201457132160265e-03, 0., 0., 0., 1. ]
mean-rme7: 1.9083179059202703e-03
max-rme7: 7.4196023084297513e-03
Hcamera2end8: !!opencv-matrix
   rows: 4
   cols: 4
   dt: d
   data: [ 9.9999940041177282e-01, 1.0872757606191830e-03,
       -1.3041286445944711e-04, -1.2379833086816396e-02,
       1.3408831746068793e-04, -3.3810366353399512e-03,
       9.9999427528941087e-01, 2.5980051967832846e-02,
       1.0868286056076655e-03, -9.9999369319145770e-01,
       -3.3811803990875244e-03, 3.1133413373383829e-02, 0., 0., 0., 1. ]
