%YAML:1.0
---
Hcamera2end0: !!opencv-matrix
   rows: 4
   cols: 4
   dt: d
   data: [ 9.9999841873563367e-01, -1.7604743572004530e-03,
       2.5150799174326996e-04, -1.5977913054360412e-02,
       -2.1556525784786668e-04, 2.0387003205530552e-02,
       9.9979214021311313e-01, 2.4779077657008482e-02,
       -1.7652359196096321e-03, -9.9979061349381326e-01,
       2.0386591471180160e-02, 2.6794775519494198e-02, 0., 0., 0., 1. ]
Hobj2base0: !!opencv-matrix
   rows: 4
   cols: 4
   dt: d
   data: [ 9.9969335576919982e-01, -7.1633446548414212e-04,
       -2.4752399799809255e-02, -7.3599538595635094e-01,
       -6.2695711309506557e-04, -9.9999325692929664e-01,
       3.6184279343091656e-03, 8.9889695602661468e-02,
       -2.4754824897267547e-02, -3.6017996711378802e-03,
       -9.9968706387720863e-01, 1.1597020602295083e-02, 0., 0., 0., 1. ]
mean-rme0: 1.3956909345549404e-03
max-rme0: 3.8763223777537603e-03
Hcamera2end1: !!opencv-matrix
   rows: 4
   cols: 4
   dt: d
   data: [ 9.9998680079712177e-01, -6.3088657108596518e-04,
       5.0990404658095663e-03, -1.5758376016838053e-02,
       -5.0838496811442570e-03, 2.2105406983583875e-02,
       9.9974271963066064e-01, 2.4865684799592603e-02,
       -7.4344062107842886e-04, -9.9975544657892434e-01,
       2.2101907877339122e-02, 2.6782546938795827e-02, 0., 0., 0., 1. ]
Hobj2base1: !!opencv-matrix
   rows: 4
   cols: 4
   dt: d
   data: [ 9.9968337162554366e-01, -9.7269138784232653e-04,
       -2.5143793803821788e-02, -7.3640366767521470e-01,
       -7.9178310949425189e-04, -9.9997373809056422e-01,
       7.2039023238524742e-03, 9.1342327888934330e-02,
       -2.5150140653535300e-02, -7.1817129327274593e-03,
       -9.9965788819198531e-01, 1.2101500835121987e-02, 0., 0., 0., 1. ]
mean-rme1: 1.4260092240687564e-03
max-rme1: 4.0326991934105105e-03
Hcamera2end2: !!opencv-matrix
   rows: 4
   cols: 4
   dt: d
   data: [ 9.9999318715871910e-01, -1.8497066566280783e-03,
       3.1944047069045532e-03, -1.5930383157777239e-02,
       -3.1535620897294087e-03, 2.1677792874133184e-02,
       9.9976003537961633e-01, 2.4677974362546120e-02,
       -1.9185104360648323e-03, -9.9976329792675922e-01,
       2.1671812021981540e-02, 2.7386468353769441e-02, 0., 0., 0., 1. ]
Hobj2base2: !!opencv-matrix
   rows: 4
   cols: 4
   dt: d
   data: [ 9.9971006514713334e-01, -1.4817364592042668e-03,
       -2.4033104264326026e-02, -7.3687195503388714e-01,
       -1.3602078341499455e-03, -9.9998621082468220e-01,
       5.0722771160994417e-03, 9.0697303750349900e-02,
       -2.4040288645571999e-02, -5.0381164694808080e-03,
       -9.9969829543931810e-01, 1.1779427018681485e-02, 0., 0., 0., 1. ]
mean-rme2: 1.4575171437272996e-03
max-rme2: 4.1171747783085300e-03
Hcamera2end3: !!opencv-matrix
   rows: 4
   cols: 4
   dt: d
   data: [ 9.9995081558504073e-01, -9.7516166006371453e-03,
       1.8089733237711802e-03, -1.6250417218576920e-02,
       -1.6532269267915947e-03, 1.5955811011248433e-02,
       9.9987133119001947e-01, 2.4967970074080876e-02,
       -9.7792255082122387e-03, -9.9982514374696907e-01,
       1.5938904598874704e-02, 2.7459807888005307e-02, 0., 0., 0., 1. ]
Hobj2base3: !!opencv-matrix
   rows: 4
   cols: 4
   dt: d
   data: [ 9.9980816144462437e-01, -8.4623799530780721e-03,
       -1.7664326600512922e-02, -7.3469127147391167e-01,
       -8.4393079164877139e-03, -9.9996343579507485e-01,
       1.3802734508974368e-03, 9.0875286462493404e-02,
       -1.7675361116835885e-02, -1.2309339699134601e-03,
       -9.9984302088425392e-01, 9.8324392883114425e-03, 0., 0., 0., 1. ]
mean-rme3: 1.5185892283387753e-03
max-rme3: 4.0217787541359240e-03
Hcamera2end4: !!opencv-matrix
   rows: 4
   cols: 4
   dt: d
   data: [ 9.9993916782158099e-01, -1.1010599633003814e-02,
       -6.5372165775601319e-04, -1.6251264562526020e-02,
       8.1772288615829594e-04, 1.4896940147452242e-02,
       9.9988870005792374e-01, 2.5315249064294360e-02,
       -1.0999635701493753e-02, -9.9982840921328342e-01,
       1.4905037553441525e-02, 2.6290093857858264e-02, 0., 0., 0., 1. ]
Hobj2base4: !!opencv-matrix
   rows: 4
   cols: 4
   dt: d
   data: [ 9.9979896750483510e-01, -9.8466473826779310e-03,
       -1.7466199116776739e-02, -7.3303487644495946e-01,
       -9.8824491248661953e-03, -9.9994923739517061e-01,
       -1.9646455432521916e-03, 9.0394218415546165e-02,
       -1.7445967315116755e-02, 2.1368594098328461e-03,
       -9.9984552409674876e-01, 9.2357698525585095e-03, 0., 0., 0., 1. ]
mean-rme4: 1.7286350941873177e-03
max-rme4: 6.3734556368338913e-03
Hcamera2end5: !!opencv-matrix
   rows: 4
   cols: 4
   dt: d
   data: [ 9.9994160960655343e-01, -1.0773115904755742e-02,
       -8.4696585394432311e-04, -1.6201913228373718e-02,
       1.0112344889926577e-03, 1.5251718945980208e-02,
       9.9988317441289154e-01, 2.4771146143955539e-02,
       -1.0758939644003981e-02, -9.9982564732201951e-01,
       1.5261722538467026e-02, 2.6699365418994588e-02, 0., 0., 0., 1. ]
Hobj2base5: !!opencv-matrix
   rows: 4
   cols: 4
   dt: d
   data: [ 9.9980116121376683e-01, -9.3170544436082560e-03,
       -1.7630386612274136e-02, -7.3371607229298408e-01,
       -9.3542676861895074e-03, -9.9995418844443740e-01,
       -2.0294552180066491e-03, 9.0250800165096068e-02,
       -1.7610670392081220e-02, 2.1939710393766103e-03,
       -9.9984251298863058e-01, 9.7459918122703715e-03, 0., 0., 0., 1. ]
mean-rme5: 1.7097790122163118e-03
max-rme5: 6.6952508681295542e-03
Hcamera2end6: !!opencv-matrix
   rows: 4
   cols: 4
   dt: d
   data: [ 9.9995337252808114e-01, -9.6119334308876793e-03,
       -9.2924993233886415e-04, -1.9722150120756482e-02,
       1.0491853661892736e-03, 1.2480256616919094e-02,
       9.9992156812664212e-01, 2.7335704224806450e-02,
       -9.5995822713252615e-03, -9.9987591926723385e-01,
       1.2489759394000544e-02, 2.6059846798351112e-02, 0., 0., 0., 1. ]
Hobj2base6: !!opencv-matrix
   rows: 4
   cols: 4
   dt: d
   data: [ 9.9986504297839152e-01, -8.8267659339695183e-03,
       -1.3855830287864575e-02, -7.3334440069445772e-01,
       -8.8437400836711439e-03, -9.9996021558829051e-01,
       -1.1642602597524377e-03, 8.6726375429421132e-02,
       -1.3845002389008765e-02, 1.2866404963647370e-03,
       -9.9990332555956729e-01, 6.0123930531475822e-03, 0., 0., 0., 1. ]
mean-rme6: 1.7867071408853765e-03
max-rme6: 6.8439926159882813e-03
Hcamera2end7: !!opencv-matrix
   rows: 4
   cols: 4
   dt: d
   data: [ 9.9993119352621329e-01, -1.1656406259203583e-02,
       -1.3177277272105438e-03, -1.9712126155426595e-02,
       1.4434717155346211e-03, 1.0785716214030350e-02,
       9.9994079060470209e-01, 2.7328821345717475e-02,
       -1.1641503453124577e-02, -9.9987389030760798e-01,
       1.0801799779670329e-02, 2.5686984492460728e-02, 0., 0., 0., 1. ]
Hobj2base7: !!opencv-matrix
   rows: 4
   cols: 4
   dt: d
   data: [ 9.9987362044353612e-01, -1.0220672383029877e-02,
       -1.2177068496735213e-02, -7.3233762349090892e-01,
       -1.0247790213331663e-02, -9.9994514271564161e-01,
       -2.1666460575642953e-03, 8.6740207655811641e-02,
       -1.2154255916301688e-02, 2.2911602811644389e-03,
       -9.9992350939843733e-01, 5.6422688943976078e-03, 0., 0., 0., 1. ]
mean-rme7: 1.8745483341168234e-03
max-rme7: 6.1190624102244739e-03
Hcamera2end8: !!opencv-matrix
   rows: 4
   cols: 4
   dt: d
   data: [ 9.9992362350748620e-01, -1.2032403319377050e-02,
       -2.8228393540644589e-03, -1.9310224154937685e-02,
       2.9443856662621556e-03, 1.0095866028947187e-02,
       9.9994470051207018e-01, 2.7403593034971318e-02,
       -1.2003238925695050e-02, -9.9987663977086949e-01,
       1.0130522977975343e-02, 2.5514336647460192e-02, 0., 0., 0., 1. ]
