%YAML:1.0
---
Hcamera2end0: !!opencv-matrix
   rows: 4
   cols: 4
   dt: d
   data: [ 9.9998847700565885e-01, 2.5208475463244706e-03,
       -4.0854844940447534e-03, -1.5555890163947726e-02,
       4.0973097149525481e-03, -4.7037745513633933e-03,
       9.9998054308974926e-01, 2.4724532319138477e-02,
       2.5015813004269291e-03, -9.9998575981491777e-01,
       -4.7140490429371518e-03, 3.1291431566782171e-02, 0., 0., 0., 1. ]
Hobj2base0: !!opencv-matrix
   rows: 4
   cols: 4
   dt: d
   data: [ 9.9999077485584031e-01, 2.1187615460041059e-03,
       3.7364492137860529e-03, -7.3247794165877134e-01,
       2.1354084338921671e-03, -9.9998778786357967e-01,
       -4.4569220909031248e-03, 8.6411780569922755e-02,
       3.7269604286187855e-03, 4.4648598203182567e-03,
       -9.9998308725335350e-01, 4.8988163739490482e-03, 0., 0., 0., 1. ]
mean-rme0: 6.0813835429214416e-04
max-rme0: 1.7618996063133718e-03
Hcamera2end1: !!opencv-matrix
   rows: 4
   cols: 4
   dt: d
   data: [ 9.9999176134464929e-01, 1.6453983652326039e-03,
       -3.7107825381948486e-03, -1.5676698264834633e-02,
       3.7000825471998353e-03, 6.4590235528642070e-03,
       9.9997229481815531e-01, 2.4366897003060044e-02,
       1.6693208109854461e-03, -9.9997778659276393e-01,
       6.4528822294208643e-03, 3.2000558063277132e-02, 0., 0., 0., 1. ]
Hobj2base1: !!opencv-matrix
   rows: 4
   cols: 4
   dt: d
   data: [ 9.9998164875183115e-01, 1.2379532468023127e-03,
       -5.9303989181171152e-03, -7.3611158150757139e-01,
       1.2179469391068330e-03, -9.9999355978794324e-01,
       -3.3759425187112461e-03, 8.6605336772014319e-02,
       -5.9345399840925617e-03, 3.3686576547422788e-03,
       -9.9997671641932806e-01, 7.3184914027313464e-03, 0., 0., 0., 1. ]
mean-rme1: 1.3088466342261341e-03
max-rme1: 7.6378027051361430e-03
Hcamera2end2: !!opencv-matrix
   rows: 4
   cols: 4
   dt: d
   data: [ 9.9999665259129367e-01, -6.9913749042163360e-04,
       -2.4911870618364320e-03, -1.3697919977127153e-02,
       2.4979969897956735e-03, 9.9147696773426164e-03,
       9.9994772731042514e-01, 2.2745708577838347e-02,
       -6.7440139868334256e-04, -9.9995060305447825e-01,
       9.9164829319027259e-03, 3.1568526296999480e-02, 0., 0., 0., 1. ]
Hobj2base2: !!opencv-matrix
   rows: 4
   cols: 4
   dt: d
   data: [ 9.9996914984539009e-01, -1.5489284902341072e-03,
       -7.7006608820169914e-03, -7.3595188703168501e-01,
       -1.5769074940650207e-03, -9.9999217334734269e-01,
       -3.6285819287866141e-03, 8.9268988035332550e-02,
       -7.6949801976903881e-03, 3.6406132163272027e-03,
       -9.9996376595113023e-01, 9.8015292124117165e-03, 0., 0., 0., 1. ]
mean-rme2: 1.5694701867981586e-03
max-rme2: 7.5380864936847036e-03
Hcamera2end3: !!opencv-matrix
   rows: 4
   cols: 4
   dt: d
   data: [ 9.9998745798472866e-01, -5.2257292075285266e-04,
       -4.9810431420491555e-03, -1.2954921444932406e-02,
       4.9864940415118523e-03, 1.1007162083335409e-02,
       9.9992698596449803e-01, 2.1696887996149123e-02,
       -4.6770761638644312e-04, -9.9993928280691813e-01,
       1.1009629838096058e-02, 3.2566538325523212e-02, 0., 0., 0., 1. ]
Hobj2base3: !!opencv-matrix
   rows: 4
   cols: 4
   dt: d
   data: [ 9.9995716892773778e-01, -4.4134593401597171e-04,
       -9.2447565565712386e-03, -7.3754246326874451e-01,
       -4.9586178147915840e-04, -9.9998249852947518e-01,
       -5.8954860564182998e-03, 8.9438973524292045e-02,
       -9.2419928109368100e-03, 5.8998176678844794e-03,
       -9.9993988705340087e-01, 1.0740336962261336e-02, 0., 0., 0., 1. ]
mean-rme3: 1.7807437843318447e-03
max-rme3: 7.9814863975340433e-03
Hcamera2end4: !!opencv-matrix
   rows: 4
   cols: 4
   dt: d
   data: [ 9.9997190267989600e-01, -1.1427728419532426e-04,
       -7.4953846766509773e-03, -1.2360250178686071e-02,
       7.4961900364015482e-03, 1.1056328954817896e-02,
       9.9991077838224196e-01, 2.1112109362184644e-02,
       -3.1395649563200571e-05, -9.9993887039695839e-01,
       1.1056874945843287e-02, 3.2728857941382590e-02, 0., 0., 0., 1. ]
Hobj2base4: !!opencv-matrix
   rows: 4
   cols: 4
   dt: d
   data: [ 9.9995838724708019e-01, 2.2583991417110571e-04,
       -9.1199106657700972e-03, -7.3778612480897254e-01,
       1.5584822816672498e-04, -9.9997053780434064e-01,
       -7.6745836777934355e-03, 8.9331887089796252e-02,
       -9.1213752004967591e-03, 7.6728429953207894e-03,
       -9.9992896147417443e-01, 1.1153711574581037e-02, 0., 0., 0., 1. ]
mean-rme4: 1.9826042947602971e-03
max-rme4: 7.4793352881206143e-03
Hcamera2end5: !!opencv-matrix
   rows: 4
   cols: 4
   dt: d
   data: [ 9.9998297814747095e-01, 3.6210684931607846e-04,
       -5.8234263062573238e-03, -1.2680187745133338e-02,
       5.8187335665762360e-03, 1.1834557680485358e-02,
       9.9991303901098771e-01, 2.1652501252787948e-02,
       4.3099303466579298e-04, -9.9992990360481648e-01,
       1.1832249231111036e-02, 3.2609110286918583e-02, 0., 0., 0., 1. ]
Hobj2base5: !!opencv-matrix
   rows: 4
   cols: 4
   dt: d
   data: [ 9.9995246406513849e-01, 4.9403239401479338e-04,
       -9.7378407283909615e-03, -7.3790604557888484e-01,
       4.3492991442077789e-04, -9.9998147948549088e-01,
       -6.0705454431624678e-03, 8.9340250006138544e-02,
       -9.7406594246687277e-03, 6.0660215958750650e-03,
       -9.9993415930048624e-01, 1.0906538755767853e-02, 0., 0., 0., 1. ]
mean-rme5: 2.0368546108870986e-03
max-rme5: 8.3088353528805170e-03
Hcamera2end6: !!opencv-matrix
   rows: 4
   cols: 4
   dt: d
   data: [ 9.9997605964577663e-01, 9.6795694237731449e-04,
       -6.8515103928960697e-03, -1.2395059993709616e-02,
       6.8390704064731651e-03, 1.2318338129652995e-02,
       9.9990073790436751e-01, 2.1524364304530405e-02,
       1.0522600826612569e-03, -9.9992365788848148e-01,
       1.2311423298595359e-02, 3.2636251285936037e-02, 0., 0., 0., 1. ]
Hobj2base6: !!opencv-matrix
   rows: 4
   cols: 4
   dt: d
   data: [ 9.9995220359225423e-01, 1.0193750797213908e-03,
       -9.7237546987614023e-03, -7.3811324136231315e-01,
       9.6060300287300639e-04, -9.9998125575235730e-01,
       -6.0469319335818145e-03, 8.9271421739123502e-02,
       -9.7297365260171787e-03, 6.0373022439946765e-03,
       -9.9993443945528204e-01, 1.1083712964024434e-02, 0., 0., 0., 1. ]
mean-rme6: 2.0818903154279679e-03
max-rme6: 8.4123501921141708e-03
Hcamera2end7: !!opencv-matrix
   rows: 4
   cols: 4
   dt: d
   data: [ 9.9998131541797242e-01, 2.9560291008699606e-04,
       -6.1058524270641741e-03, -1.2753820314975567e-02,
       6.1022852732811814e-03, 1.0852155252720319e-02,
       9.9992249341677186e-01, 2.1810774407110878e-02,
       3.6184165740414274e-04, -9.9994106993626897e-01,
       1.0850148631450285e-02, 3.2134021760792601e-02, 0., 0., 0., 1. ]
Hobj2base7: !!opencv-matrix
   rows: 4
   cols: 4
   dt: d
   data: [ 9.9996127227721265e-01, 1.0332002207448189e-03,
       -8.7399338122186188e-03, -7.3709195750058987e-01,
       9.8751417809764307e-04, -9.9998583597801405e-01,
       -5.2299769693871286e-03, 8.9042905733193692e-02,
       -8.7452136329632096e-03, 5.2211436157336734e-03,
       -9.9994812910363384e-01, 1.0734502857007056e-02, 0., 0., 0., 1. ]
mean-rme7: 2.2520947483414123e-03
max-rme7: 7.5126432531024134e-03
Hcamera2end8: !!opencv-matrix
   rows: 4
   cols: 4
   dt: d
   data: [ 9.9998487262164470e-01, 6.4134558766721847e-04,
       -5.4628933460329192e-03, -1.2926551774366439e-02,
       5.4556716284583241e-03, 1.0768304626279090e-02,
       9.9992713697676883e-01, 2.2181823312369960e-02,
       7.0012495697971975e-04, -9.9994181445287733e-01,
       1.0764642759134024e-02, 3.1786746427567743e-02, 0., 0., 0., 1. ]
