%YAML:1.0
---
Hcamera2end0: !!opencv-matrix
   rows: 4
   cols: 4
   dt: d
   data: [ 9.9998570746204751e-01, 1.1376781452630421e-03,
       -5.2240367596403173e-03, -1.9687092785691033e-02,
       5.2264770808591911e-03, -2.1526973167036445e-03,
       9.9998402478818926e-01, 2.7183237202932944e-02,
       1.1264142006988591e-03, -9.9999703578695698e-01,
       -2.1586125979471404e-03, 3.5336199854888457e-02, 0., 0., 0., 1. ]
Hobj2base0: !!opencv-matrix
   rows: 4
   cols: 4
   dt: d
   data: [ 9.9999295339874161e-01, 2.5409213720682532e-03,
       2.7634889982083139e-03, -7.3693148719945578e-01,
       2.5474450467843448e-03, -9.9999397111936328e-01,
       -2.3597136816923153e-03, 8.2800178738000427e-02,
       2.7574764905372294e-03, 2.3667368900912454e-03,
       -9.9999339741815141e-01, 1.9328523067641084e-03, 0., 0., 0., 1. ]
mean-rme0: 1.1122220567568236e-03
max-rme0: 2.9852122819019056e-03
Hcamera2end1: !!opencv-matrix
   rows: 4
   cols: 4
   dt: d
   data: [ 9.9999696476107236e-01, 1.4368219714029217e-04,
       -2.4596390119092102e-03, -1.5838960607606433e-02,
       2.4601383862916555e-03, -3.5854140314954819e-03,
       9.9999054621798444e-01, 2.7169604462948655e-02,
       1.3486201457440757e-04, -9.9999356206010093e-01,
       -3.5857566269958951e-03, 3.6395252399040290e-02, 0., 0., 0., 1. ]
Hobj2base1: !!opencv-matrix
   rows: 4
   cols: 4
   dt: d
   data: [ 9.9999018694028119e-01, 1.7323593809574339e-03,
       4.0773709809878234e-03, -7.3768145335594604e-01,
       1.7341487354725733e-03, -9.9999840159556230e-01,
       -4.3535558310392079e-04, 8.7639276550099440e-02,
       4.0766102713715108e-03, 4.4242207866431745e-04,
       -9.9999159272035865e-01, 2.2565242814893138e-03, 0., 0., 0., 1. ]
mean-rme1: 1.2403098896810348e-03
max-rme1: 3.5948639559719164e-03
Hcamera2end2: !!opencv-matrix
   rows: 4
   cols: 4
   dt: d
   data: [ 9.9999335200204087e-01, 2.7994991068551879e-03,
       -2.3363981837671252e-03, -1.5573907116934564e-02,
       2.3419696980831448e-03, -1.9885599445268465e-03,
       9.9999528039250285e-01, 2.7675161267721179e-02,
       2.7948398264755103e-03, -9.9999410419966861e-01,
       -1.9951030666625069e-03, 3.5863942357446152e-02, 0., 0., 0., 1. ]
Hobj2base2: !!opencv-matrix
   rows: 4
   cols: 4
   dt: d
   data: [ 9.9999596784020195e-01, 2.1494766289897201e-03,
       1.8558161437226229e-03, -7.3755090172437865e-01,
       2.1519800901036597e-03, -9.9999677587989977e-01,
       -1.3480398721611080e-03, 8.7602738620827625e-02,
       1.8529125801483356e-03, 1.3520281160411130e-03,
       -9.9999736936401140e-01, 2.1882420133076882e-03, 0., 0., 0., 1. ]
mean-rme2: 1.2236376871120726e-03
max-rme2: 3.6284529856477898e-03
Hcamera2end3: !!opencv-matrix
   rows: 4
   cols: 4
   dt: d
   data: [ 9.9999679378887574e-01, 1.4483756963991315e-03,
       -2.0771662935008526e-03, -1.5828798466940932e-02,
       2.0794616627801709e-03, -1.5850877282506115e-03,
       9.9999658166220085e-01, 2.8074649019041373e-02,
       1.4450782545603771e-03, -9.9999769484971102e-01,
       -1.5880944878587933e-03, 3.5500866170848563e-02, 0., 0., 0., 1. ]
Hobj2base3: !!opencv-matrix
   rows: 4
   cols: 4
   dt: d
   data: [ 9.9999859715832895e-01, 9.4003496026323922e-04,
       1.3863677894451942e-03, -7.3712871148407644e-01,
       9.4154727483278082e-04, -9.9999896204221628e-01,
       -1.0905976436445068e-03, 8.7761583703035148e-02,
       1.3853411505413487e-03, 1.0919014445227540e-03,
       -9.9999844428935636e-01, 1.9626045341389095e-03, 0., 0., 0., 1. ]
mean-rme3: 1.1776292511170518e-03
max-rme3: 3.5201823141421396e-03
Hcamera2end4: !!opencv-matrix
   rows: 4
   cols: 4
   dt: d
   data: [ 9.9999642217513196e-01, 1.2512750214855963e-03,
       -2.3643070350304416e-03, -1.6188113899502421e-02,
       2.3693802934486906e-03, -4.0686395719291557e-03,
       9.9998891604310225e-01, 2.9394472480124185e-02,
       1.2416416392442757e-03, -9.9999094020038715e-01,
       -4.0715897614269636e-03, 3.5998082860215150e-02, 0., 0., 0., 1. ]
Hobj2base4: !!opencv-matrix
   rows: 4
   cols: 4
   dt: d
   data: [ 9.9999461087484798e-01, 7.2617465676316534e-04,
       3.2017013647883501e-03, -7.3723782199006760e-01,
       7.2881072547374085e-04, -9.9999939637477087e-01,
       -8.2224389340615457e-04, 8.7387339108982220e-02,
       3.2011023394835601e-03, 8.2457289652532911e-04,
       -9.9999453649675019e-01, 7.0634077635994830e-05, 0., 0., 0., 1. ]
mean-rme4: 1.3098042160122083e-03
max-rme4: 4.2486039059788372e-03
Hcamera2end5: !!opencv-matrix
   rows: 4
   cols: 4
   dt: d
   data: [ 9.9999485061365334e-01, -9.7249673260902834e-04,
       -3.0582668755749194e-03, -1.6000128021652932e-02,
       3.0551528725659967e-03, -3.1875942609447261e-03,
       9.9999025259437047e-01, 2.9673486156501963e-02,
       -9.8223576722992253e-04, -9.9999444673104687e-01,
       -3.1846067206042772e-03, 3.6270388835713138e-02, 0., 0., 0., 1. ]
Hobj2base5: !!opencv-matrix
   rows: 4
   cols: 4
   dt: d
   data: [ 9.9999536488688645e-01, -8.0559877279714510e-04,
       2.9361906205484173e-03, -7.3766536579697584e-01,
       -8.0142581959028727e-04, -9.9999866765488399e-01,
       -1.4221129041729573e-03, 8.7685123000594820e-02,
       2.9373323609395655e-03, 1.4197531735442397e-03,
       -9.9999467817560261e-01, -1.7497729812531273e-04, 0., 0., 0., 1. ]
mean-rme5: 1.4129053537597152e-03
max-rme5: 4.8255021636015305e-03
Hcamera2end6: !!opencv-matrix
   rows: 4
   cols: 4
   dt: d
   data: [ 9.9999279402455821e-01, -4.4861521787403270e-04,
       -3.7697006968372628e-03, -1.7117428624547931e-02,
       3.7682369975193695e-03, -3.2200104889872350e-03,
       9.9998771588574087e-01, 3.0420874364658266e-02,
       -4.6074818281759697e-04, -9.9999471512445348e-01,
       -3.2182967972089749e-03, 3.6038202880094447e-02, 0., 0., 0., 1. ]
Hobj2base6: !!opencv-matrix
   rows: 4
   cols: 4
   dt: d
   data: [ 9.9999463484945239e-01, -3.6653257274191464e-04,
       3.2551384277094281e-03, -7.3738316307629070e-01,
       -3.6267856975403596e-04, -9.9999923272767699e-01,
       -1.1844865182647477e-03, 8.6430007622909380e-02,
       3.2555700830227234e-03, 1.1832995943669425e-03,
       -9.9999400051475518e-01, -1.0650939396467940e-03, 0., 0., 0., 1. ]
mean-rme6: 1.5915166498121679e-03
max-rme6: 5.0486323217286966e-03
Hcamera2end7: !!opencv-matrix
   rows: 4
   cols: 4
   dt: d
   data: [ 9.9999360784750313e-01, -3.8245146489155214e-04,
       -3.5549957821651404e-03, -1.6109061720729078e-02,
       3.5537656401850850e-03, -3.1704481731762435e-03,
       9.9998865943977377e-01, 3.0463675224471281e-02,
       -3.9371805756089522e-04, -9.9999490098162913e-01,
       -3.1690687643128879e-03, 3.6235939138637166e-02, 0., 0., 0., 1. ]
Hobj2base7: !!opencv-matrix
   rows: 4
   cols: 4
   dt: d
   data: [ 9.9999320983815387e-01, -7.1923053519517503e-04,
       3.6142751725764042e-03, -7.3755296476000010e-01,
       -7.1557556999786009e-04, -9.9999923144845138e-01,
       -1.0124495592565260e-03, 8.7590022911543733e-02,
       3.6150005794579857e-03, 1.0098563975434122e-03,
       -9.9999295595562421e-01, -1.0149407548048922e-03, 0., 0., 0., 1. ]
mean-rme7: 1.5724568537781414e-03
max-rme7: 5.6806493253028778e-03
Hcamera2end8: !!opencv-matrix
   rows: 4
   cols: 4
   dt: d
   data: [ 9.9999447562574473e-01, -1.7695091843377901e-03,
       -2.8138150682512015e-03, -1.6777846349724079e-02,
       2.8081604702098226e-03, -3.1899806485518045e-03,
       9.9999096908833873e-01, 3.1087094430894788e-02,
       -1.7784692196729896e-03, -9.9999334640821880e-01,
       -3.1849939601618082e-03, 3.5577667738418320e-02, 0., 0., 0., 1. ]
