%YAML:1.0
---
Hcamera2end0: !!opencv-matrix
   rows: 4
   cols: 4
   dt: d
   data: [ 9.9998847700565885e-01, 2.5208475463244706e-03,
       -4.0854844940447534e-03, -1.5555890163947726e-02,
       4.0973097149525481e-03, -4.7037745513633933e-03,
       9.9998054308974926e-01, 2.4724532319138477e-02,
       2.5015813004269291e-03, -9.9998575981491777e-01,
       -4.7140490429371518e-03, 3.1291431566782171e-02, 0., 0., 0., 1. ]
Hobj2base0: !!opencv-matrix
   rows: 4
   cols: 4
   dt: d
   data: [ 9.9999077485584031e-01, 2.1187615460041059e-03,
       3.7364492137860529e-03, -7.3247794165877134e-01,
       2.1354084338921671e-03, -9.9998778786357967e-01,
       -4.4569220909031248e-03, 8.6411780569922755e-02,
       3.7269604286187855e-03, 4.4648598203182567e-03,
       -9.9998308725335350e-01, 4.8988163739490482e-03, 0., 0., 0., 1. ]
mean-rme0: 6.0813835429214416e-04
max-rme0: 1.7618996063133718e-03
Hcamera2end1: !!opencv-matrix
   rows: 4
   cols: 4
   dt: d
   data: [ 9.9999176134464929e-01, 1.6453983652326039e-03,
       -3.7107825381948486e-03, -1.5676698264834633e-02,
       3.7000825471998353e-03, 6.4590235528642070e-03,
       9.9997229481815531e-01, 2.4366897003060044e-02,
       1.6693208109854461e-03, -9.9997778659276393e-01,
       6.4528822294208643e-03, 3.2000558063277132e-02, 0., 0., 0., 1. ]
Hobj2base1: !!opencv-matrix
   rows: 4
   cols: 4
   dt: d
   data: [ 9.9998164875183115e-01, 1.2379532468023127e-03,
       -5.9303989181171152e-03, -7.3611158150757139e-01,
       1.2179469391068330e-03, -9.9999355978794324e-01,
       -3.3759425187112461e-03, 8.6605336772014319e-02,
       -5.9345399840925617e-03, 3.3686576547422788e-03,
       -9.9997671641932806e-01, 7.3184914027313464e-03, 0., 0., 0., 1. ]
mean-rme1: 1.3088466342261341e-03
max-rme1: 7.6378027051361430e-03
Hcamera2end2: !!opencv-matrix
   rows: 4
   cols: 4
   dt: d
   data: [ 9.9999665259129367e-01, -6.9913749042163360e-04,
       -2.4911870618364320e-03, -1.3697919977127153e-02,
       2.4979969897956735e-03, 9.9147696773426164e-03,
       9.9994772731042514e-01, 2.2745708577838347e-02,
       -6.7440139868334256e-04, -9.9995060305447825e-01,
       9.9164829319027259e-03, 3.1568526296999480e-02, 0., 0., 0., 1. ]
Hobj2base2: !!opencv-matrix
   rows: 4
   cols: 4
   dt: d
   data: [ 9.9996914984539009e-01, -1.5489284902341072e-03,
       -7.7006608820169914e-03, -7.3595188703168501e-01,
       -1.5769074940650207e-03, -9.9999217334734269e-01,
       -3.6285819287866141e-03, 8.9268988035332550e-02,
       -7.6949801976903881e-03, 3.6406132163272027e-03,
       -9.9996376595113023e-01, 9.8015292124117165e-03, 0., 0., 0., 1. ]
mean-rme2: 1.5694701867981586e-03
max-rme2: 7.5380864936847036e-03
Hcamera2end3: !!opencv-matrix
   rows: 4
   cols: 4
   dt: d
   data: [ 9.9998745798472866e-01, -5.2257292075285266e-04,
       -4.9810431420491555e-03, -1.2954921444932406e-02,
       4.9864940415118523e-03, 1.1007162083335409e-02,
       9.9992698596449803e-01, 2.1696887996149123e-02,
       -4.6770761638644312e-04, -9.9993928280691813e-01,
       1.1009629838096058e-02, 3.2566538325523212e-02, 0., 0., 0., 1. ]
Hobj2base3: !!opencv-matrix
   rows: 4
   cols: 4
   dt: d
   data: [ 9.9995716892773778e-01, -4.4134593401597171e-04,
       -9.2447565565712386e-03, -7.3754246326874451e-01,
       -4.9586178147915840e-04, -9.9998249852947518e-01,
       -5.8954860564182998e-03, 8.9438973524292045e-02,
       -9.2419928109368100e-03, 5.8998176678844794e-03,
       -9.9993988705340087e-01, 1.0740336962261336e-02, 0., 0., 0., 1. ]
mean-rme3: 1.7807437843318447e-03
max-rme3: 7.9814863975340433e-03
Hcamera2end4: !!opencv-matrix
   rows: 4
   cols: 4
   dt: d
   data: [ 9.9997190267989600e-01, -1.1427728419532426e-04,
       -7.4953846766509773e-03, -1.2360250178686071e-02,
       7.4961900364015482e-03, 1.1056328954817896e-02,
       9.9991077838224196e-01, 2.1112109362184644e-02,
       -3.1395649563200571e-05, -9.9993887039695839e-01,
       1.1056874945843287e-02, 3.2728857941382590e-02, 0., 0., 0., 1. ]
Hobj2base4: !!opencv-matrix
   rows: 4
   cols: 4
   dt: d
   data: [ 9.9995838724708019e-01, 2.2583991417110571e-04,
       -9.1199106657700972e-03, -7.3778612480897254e-01,
       1.5584822816672498e-04, -9.9997053780434064e-01,
       -7.6745836777934355e-03, 8.9331887089796252e-02,
       -9.1213752004967591e-03, 7.6728429953207894e-03,
       -9.9992896147417443e-01, 1.1153711574581037e-02, 0., 0., 0., 1. ]
mean-rme4: 1.9826042947602971e-03
max-rme4: 7.4793352881206143e-03
Hcamera2end5: !!opencv-matrix
   rows: 4
   cols: 4
   dt: d
   data: [ 9.9998297814747095e-01, 3.6210684931607846e-04,
       -5.8234263062573238e-03, -1.2680187745133338e-02,
       5.8187335665762360e-03, 1.1834557680485358e-02,
       9.9991303901098771e-01, 2.1652501252787948e-02,
       4.3099303466579298e-04, -9.9992990360481648e-01,
       1.1832249231111036e-02, 3.2609110286918583e-02, 0., 0., 0., 1. ]
Hobj2base5: !!opencv-matrix
   rows: 4
   cols: 4
   dt: d
   data: [ 9.9995246406513849e-01, 4.9403239401479338e-04,
       -9.7378407283909615e-03, -7.3790604557888484e-01,
       4.3492991442077789e-04, -9.9998147948549088e-01,
       -6.0705454431624678e-03, 8.9340250006138544e-02,
       -9.7406594246687277e-03, 6.0660215958750650e-03,
       -9.9993415930048624e-01, 1.0906538755767853e-02, 0., 0., 0., 1. ]
mean-rme5: 2.0368546108870986e-03
max-rme5: 8.3088353528805170e-03
Hcamera2end6: !!opencv-matrix
   rows: 4
   cols: 4
   dt: d
   data: [ 9.9997605964577663e-01, 9.6795694237731449e-04,
       -6.8515103928960697e-03, -1.2395059993709616e-02,
       6.8390704064731651e-03, 1.2318338129652995e-02,
       9.9990073790436751e-01, 2.1524364304530405e-02,
       1.0522600826612569e-03, -9.9992365788848148e-01,
       1.2311423298595359e-02, 3.2636251285936037e-02, 0., 0., 0., 1. ]
Hobj2base6: !!opencv-matrix
   rows: 4
   cols: 4
   dt: d
   data: [ 9.9995220359225423e-01, 1.0193750797213908e-03,
       -9.7237546987614023e-03, -7.3811324136231315e-01,
       9.6060300287300639e-04, -9.9998125575235730e-01,
       -6.0469319335818145e-03, 8.9271421739123502e-02,
       -9.7297365260171787e-03, 6.0373022439946765e-03,
       -9.9993443945528204e-01, 1.1083712964024434e-02, 0., 0., 0., 1. ]
mean-rme6: 2.0818903154279679e-03
max-rme6: 8.4123501921141708e-03
Hcamera2end7: !!opencv-matrix
   rows: 4
   cols: 4
   dt: d
   data: [ 9.9998131541797242e-01, 2.9560291008699606e-04,
       -6.1058524270641741e-03, -1.2753820314975567e-02,
       6.1022852732811814e-03, 1.0852155252720319e-02,
       9.9992249341677186e-01, 2.1810774407110878e-02,
       3.6184165740414274e-04, -9.9994106993626897e-01,
       1.0850148631450285e-02, 3.2134021760792601e-02, 0., 0., 0., 1. ]
Hobj2base7: !!opencv-matrix
   rows: 4
   cols: 4
   dt: d
   data: [ 9.9996127227721265e-01, 1.0332002207448189e-03,
       -8.7399338122186188e-03, -7.3709195750058987e-01,
       9.8751417809764307e-04, -9.9998583597801405e-01,
       -5.2299769693871286e-03, 8.9042905733193692e-02,
       -8.7452136329632096e-03, 5.2211436157336734e-03,
       -9.9994812910363384e-01, 1.0734502857007056e-02, 0., 0., 0., 1. ]
mean-rme7: 2.2520947483414123e-03
max-rme7: 7.5126432531024134e-03
Hcamera2end8: !!opencv-matrix
   rows: 4
   cols: 4
   dt: d
   data: [ 9.9998487262164470e-01, 6.4134558766721847e-04,
       -5.4628933460329192e-03, -1.2926551774366439e-02,
       5.4556716284583241e-03, 1.0768304626279090e-02,
       9.9992713697676883e-01, 2.2181823312369960e-02,
       7.0012495697971975e-04, -9.9994181445287733e-01,
       1.0764642759134024e-02, 3.1786746427567743e-02, 0., 0., 0., 1. ]
Hobj2base8: !!opencv-matrix
   rows: 4
   cols: 4
   dt: d
   data: [ 9.9996114585703411e-01, 1.1337541979311325e-03,
       -8.7419321494765397e-03, -7.3666565616773449e-01,
       1.0921952594106805e-03, -9.9998808760003044e-01,
       -4.7572857334776510e-03, 8.8931597783261665e-02,
       -8.7472216047553529e-03, 4.7475529963658851e-03,
       -9.9995047220087074e-01, 1.0471708244633286e-02, 0., 0., 0., 1. ]
mean-rme8: 2.2129473921878020e-03
max-rme8: 7.4293818399217004e-03
Hcamera2end9: !!opencv-matrix
   rows: 4
   cols: 4
   dt: d
   data: [ 9.9997916782247365e-01, 4.4221980241357546e-04,
       -6.4395933660060835e-03, -1.2737778650192415e-02,
       6.4346305128612944e-03, 1.0431866088110642e-02,
       9.9992488302876170e-01, 2.1872574844810894e-02,
       5.0936355985745736e-04, -9.9994548882004874e-01,
       1.0428803248590413e-02, 3.1882616534008701e-02, 0., 0., 0., 1. ]
Hobj2base9: !!opencv-matrix
   rows: 4
   cols: 4
   dt: d
   data: [ 9.9996218994176167e-01, 1.4348000756097968e-03,
       -8.5767147334679487e-03, -7.3669912239037094e-01,
       1.3887678533612308e-03, -9.9998461352635548e-01,
       -5.3706642414825499e-03, 8.8869066948015232e-02,
       -8.5842885975325016e-03, 5.3585501106455102e-03,
       -9.9994879665410141e-01, 1.0672319594043316e-02, 0., 0., 0., 1. ]
mean-rme9: 2.3284450062709804e-03
max-rme9: 7.0929347691340849e-03
Hcamera2end10: !!opencv-matrix
   rows: 4
   cols: 4
   dt: d
   data: [ 9.9997587663873866e-01, 2.1746591811492742e-04,
       -6.9425391003929780e-03, -1.2659723541612738e-02,
       6.9399828043293418e-03, 1.0120837613595279e-02,
       9.9992469980727783e-01, 2.1711919870054146e-02,
       2.8771385375049585e-04, -9.9994875936448546e-01,
       1.0119084255240995e-02, 3.1905307657903170e-02, 0., 0., 0., 1. ]
Hobj2base10: !!opencv-matrix
   rows: 4
   cols: 4
   dt: d
   data: [ 9.9996292424822675e-01, 1.1345291818250114e-03,
       -8.5359810491038978e-03, -7.3660370478860093e-01,
       1.0857085446664340e-03, -9.9998304065972898e-01,
       -5.7218554576996131e-03, 8.8875949812729754e-02,
       -8.5423278964876833e-03, 5.7123757280448583e-03,
       -9.9994719730476289e-01, 1.0775177793106692e-02, 0., 0., 0., 1. ]
mean-rme10: 2.3372718836423851e-03
max-rme10: 7.4065587039106040e-03
Hcamera2end11: !!opencv-matrix
   rows: 4
   cols: 4
   dt: d
   data: [ 9.9997463502619788e-01, 6.1721091483003896e-04,
       -7.0956574684089193e-03, -1.2579954124637440e-02,
       7.0887547374942038e-03, 1.0546787171610172e-02,
       9.9991925415836891e-01, 2.1759899653381664e-02,
       6.9199746677721255e-04, -9.9994419060817774e-01,
       1.0542144395833342e-02, 3.1898821289842033e-02, 0., 0., 0., 1. ]
Hobj2base11: !!opencv-matrix
   rows: 4
   cols: 4
   dt: d
   data: [ 9.9996025121411736e-01, 1.5850232916116086e-03,
       -8.7740351586012635e-03, -7.3675714985242302e-01,
       1.5370794291437073e-03, -9.9998386720379995e-01,
       -5.4683378609720118e-03, 8.8835103806073817e-02,
       -8.7825610517562394e-03, 5.4546341122283732e-03,
       -9.9994655536587262e-01, 1.0819874123902359e-02, 0., 0., 0., 1. ]
mean-rme11: 2.3344228485415630e-03
max-rme11: 7.1522583603235157e-03
Hcamera2end12: !!opencv-matrix
   rows: 4
   cols: 4
   dt: d
   data: [ 9.9997328579857903e-01, 7.6599822695148229e-04,
       -7.2691771136493468e-03, -1.2554787465864322e-02,
       7.2607183907604129e-03, 1.0520607555380979e-02,
       9.9991829605479055e-01, 2.1810105460468875e-02,
       8.4241180153757844e-04, -9.9994436348397997e-01,
       1.0514764808337906e-02, 3.1786865080075520e-02, 0., 0., 0., 1. ]
Hobj2base12: !!opencv-matrix
   rows: 4
   cols: 4
   dt: d
   data: [ 9.9996125791354429e-01, 1.6308276953149901e-03,
       -8.6500331207716077e-03, -7.3661654164675316e-01,
       1.5854360705387207e-03, -9.9998495222135220e-01,
       -5.2518304738422275e-03, 8.8780337889923719e-02,
       -8.6584677875757524e-03, 5.2379129324509324e-03,
       -9.9994879629093192e-01, 1.0800362231782983e-02, 0., 0., 0., 1. ]
mean-rme12: 2.2738652925595078e-03
max-rme12: 7.2166223693479470e-03
Hcamera2end13: !!opencv-matrix
   rows: 4
   cols: 4
   dt: d
   data: [ 9.9997407687356898e-01, 1.4026681310422106e-03,
       -7.0624431302266557e-03, -1.2532119392012472e-02,
       7.0463117142496381e-03, 1.1190473969434733e-02,
       9.9991255756869313e-01, 2.2025867499430994e-02,
       1.4815775643399307e-03, -9.9993640088480307e-01,
       1.1180300240480334e-02, 3.1699074915318121e-02, 0., 0., 0., 1. ]
Hobj2base13: !!opencv-matrix
   rows: 4
   cols: 4
   dt: d
   data: [ 9.9995758825599312e-01, 2.1788587828370921e-03,
       -8.9484224119255554e-03, -7.3675568795734658e-01,
       2.1363699740084229e-03, -9.9998641282343970e-01,
       -4.7550070288837759e-03, 8.8730405691564068e-02,
       -8.9586613169576387e-03, 4.7356882197873342e-03,
       -9.9994865650416997e-01, 1.0738903627303226e-02, 0., 0., 0., 1. ]
mean-rme13: 2.3579875019474413e-03
max-rme13: 7.3651943120446317e-03
Hcamera2end14: !!opencv-matrix
   rows: 4
   cols: 4
   dt: d
   data: [ 9.9997255599502188e-01, 1.1371303268816971e-03,
       -7.3208053793578174e-03, -1.2487907080113866e-02,
       7.3078711164499283e-03, 1.0990117086305373e-02,
       9.9991290238008956e-01, 2.1856522618898016e-02,
       1.2174877938218938e-03, -9.9993896026759999e-01,
       1.0981505471605923e-02, 3.1813887754971334e-02, 0., 0., 0., 1. ]
Hobj2base14: !!opencv-matrix
   rows: 4
   cols: 4
   dt: d
   data: [ 9.9995765346117915e-01, 2.0318384589380505e-03,
       -8.9756847587884828e-03, -7.3682007180700460e-01,
       1.9865206904800714e-03, -9.9998525033922614e-01,
       -5.0549816559760626e-03, 8.8766648606248028e-02,
       -8.9858232766209124e-03, 5.0369372115145689e-03,
       -9.9994694071414059e-01, 1.0846615457333800e-02, 0., 0., 0., 1. ]
mean-rme14: 2.3549044543123626e-03
max-rme14: 7.2138053837436100e-03
Hcamera2end15: !!opencv-matrix
   rows: 4
   cols: 4
   dt: d
   data: [ 9.9997063349147719e-01, 1.1593754473914067e-03,
       -7.5754869959489763e-03, -1.2467296207524745e-02,
       7.5626088250483675e-03, 1.0735968564585252e-02,
       9.9991376924549835e-01, 2.1838728714462283e-02,
       1.2406056638217594e-03, -9.9994169571408131e-01,
       1.0726885383682827e-02, 3.1719595329260726e-02, 0., 0., 0., 1. ]
Hobj2base15: !!opencv-matrix
   rows: 4
   cols: 4
   dt: d
   data: [ 9.9995854595540945e-01, 2.1144908828907242e-03,
       -8.8563705347855654e-03, -7.3663705443457062e-01,
       2.0679822793413577e-03, -9.9998404200165325e-01,
       -5.2572988623382074e-03, 8.8694612708952056e-02,
       -8.8673457153522588e-03, 5.2387661087115256e-03,
       -9.9994696134826211e-01, 1.0838361398546038e-02, 0., 0., 0., 1. ]
mean-rme15: 2.3226616323393568e-03
max-rme15: 7.1827050726849251e-03
Hcamera2end16: !!opencv-matrix
   rows: 4
   cols: 4
   dt: d
   data: [ 9.9997016093523150e-01, 1.4296795126817769e-03,
       -7.5916569771236793e-03, -1.2412776448949496e-02,
       7.5752267700877150e-03, 1.1166877910062767e-02,
       9.9990895424389714e-01, 2.1871374196229792e-02,
       1.5143244530281767e-03, -9.9993662641901115e-01,
       1.1155714554352381e-02, 3.1764901397558880e-02, 0., 0., 0., 1. ]
Hobj2base16: !!opencv-matrix
   rows: 4
   cols: 4
   dt: d
   data: [ 9.9995611568891984e-01, 2.5108973306675855e-03,
       -9.0256352087989804e-03, -7.3685125048347722e-01,
       2.4663763869387022e-03, -9.9998475424553113e-01,
       -4.9404720445401246e-03, 8.8687147734772473e-02,
       -9.0379026242495327e-03, 4.9179946217719345e-03,
       -9.9994706342138673e-01, 1.0879829868049579e-02, 0., 0., 0., 1. ]
mean-rme16: 2.3437408652887022e-03
max-rme16: 7.2664520066724192e-03
Hcamera2end17: !!opencv-matrix
   rows: 4
   cols: 4
   dt: d
   data: [ 9.9997227237017372e-01, 1.4697153852847524e-03,
       -7.3003032483205683e-03, -1.2479783184485701e-02,
       7.2834020406643916e-03, 1.1194076357410432e-02,
       9.9991081837792828e-01, 2.1983315426234676e-02,
       1.5513044656766599e-03, -9.9993626426447324e-01,
       1.1183061444168585e-02, 3.1697752913105622e-02, 0., 0., 0., 1. ]
Hobj2base17: !!opencv-matrix
   rows: 4
   cols: 4
   dt: d
   data: [ 9.9995648457982456e-01, 2.4349153293602220e-03,
       -9.0055612872284828e-03, -7.3677508876476483e-01,
       2.3918496610307251e-03, -9.9998566832394498e-01,
       -4.7898018656476592e-03, 8.8687367126169897e-02,
       -9.0170949844286842e-03, 4.7680534866946702e-03,
       -9.9994797747882358e-01, 1.0791288120026943e-02, 0., 0., 0., 1. ]
mean-rme17: 2.3134177984047771e-03
max-rme17: 7.3155119035538396e-03
Hcamera2end18: !!opencv-matrix
   rows: 4
   cols: 4
   dt: d
   data: [ 9.9997300099280539e-01, 1.7888566494794855e-03,
       -7.1272208700419778e-03, -1.2481788975481852e-02,
       7.1060986658113712e-03, 1.1548606502891912e-02,
       9.9990806229852613e-01, 2.2121249613677375e-02,
       1.8710016553981812e-03, -9.9993171250827384e-01,
       1.1535582910131681e-02, 3.1634281225207013e-02, 0., 0., 0., 1. ]
Hobj2base18: !!opencv-matrix
   rows: 4
   cols: 4
   dt: d
   data: [ 9.9995596524826624e-01, 2.5847011906791535e-03,
       -9.0214679605458755e-03, -7.3681673759817257e-01,
       2.5438014928131649e-03, -9.9998644896872180e-01,
       -4.5421308755638282e-03, 8.8678110177548911e-02,
       -9.0330857614336572e-03, 4.5189820402929768e-03,
       -9.9994898978045166e-01, 1.0716641400487897e-02, 0., 0., 0., 1. ]
mean-rme18: 2.3446125534560725e-03
max-rme18: 7.5708645956310550e-03
Hcamera2end19: !!opencv-matrix
   rows: 4
   cols: 4
   dt: d
   data: [ 9.9997417486484963e-01, 1.4770488341834011e-03,
       -7.0333441622422704e-03, -1.2549197429950530e-02,
       7.0163848076533666e-03, 1.1189281342938284e-02,
       9.9991278136008421e-01, 2.2106582837946174e-02,
       1.5556180746060366e-03, -9.9993630712649406e-01,
       1.1178628835235016e-02, 3.1607956123931712e-02, 0., 0., 0., 1. ]
Hobj2base19: !!opencv-matrix
   rows: 4
   cols: 4
   dt: d
   data: [ 9.9995921269395527e-01, 2.1775813541321143e-03,
       -8.7653344449172138e-03, -7.3664580156188508e-01,
       2.1374813137544127e-03, -9.9998721990452744e-01,
       -4.5816155717700677e-03, 8.8698023207030421e-02,
       -8.7751992637470459e-03, 4.5626929614287440e-03,
       -9.9995108765920193e-01, 1.0670597936239416e-02, 0., 0., 0., 1. ]
mean-rme19: 2.3771841255631385e-03
max-rme19: 7.3632481963796792e-03
Hcamera2end20: !!opencv-matrix
   rows: 4
   cols: 4
   dt: d
   data: [ 9.9997460206061395e-01, 1.1672455765890815e-03,
       -7.0308442935965460e-03, -1.2550115892601497e-02,
       7.0174557099001427e-03, 1.1103300034235875e-02,
       9.9991373230079694e-01, 2.1982467370235684e-02,
       1.2452104546845830e-03, -9.9993767519086618e-01,
       1.1094826939158309e-02, 3.1753341056609145e-02, 0., 0., 0., 1. ]
Hobj2base20: !!opencv-matrix
   rows: 4
   cols: 4
   dt: d
   data: [ 9.9996040805327768e-01, 2.2141834122765512e-03,
       -8.6185681954235368e-03, -7.3679937950760066e-01,
       2.1761334322805345e-03, -9.9998785616276109e-01,
       -4.4217609941508487e-03, 8.8740116846318343e-02,
       -8.6282541227804422e-03, 4.4028307736366980e-03,
       -9.9995308305538555e-01, 1.0747133275270260e-02, 0., 0., 0., 1. ]
mean-rme20: 2.3605471384924152e-03
max-rme20: 7.4229059730110958e-03
Hcamera2end21: !!opencv-matrix
   rows: 4
   cols: 4
   dt: d
   data: [ 9.9997701543618778e-01, 1.5783864392098367e-03,
       -6.5937315370512718e-03, -1.2512462559873852e-02,
       6.5771983324975653e-03, 1.0260268219868585e-02,
       9.9992573092112769e-01, 2.2892566508161186e-02,
       1.6459226680428448e-03, -9.9994611634442843e-01,
       1.0249651031422946e-02, 3.1873336792298361e-02, 0., 0., 0., 1. ]
Hobj2base21: !!opencv-matrix
   rows: 4
   cols: 4
   dt: d
   data: [ 9.9996836911885500e-01, 2.0531924550003635e-03,
       -7.6840850151548689e-03, -7.3687576363121332e-01,
       2.0222341599359173e-03, -9.9998981668435416e-01,
       -4.0344883931935673e-03, 8.9101267831382711e-02,
       -7.6922903468203997e-03, 4.0188217595652238e-03,
       -9.9996233816123592e-01, 9.6540243253345412e-03, 0., 0., 0., 1. ]
mean-rme21: 2.3106399277766760e-03
max-rme21: 7.4064181778464855e-03
Hcamera2end22: !!opencv-matrix
   rows: 4
   cols: 4
   dt: d
   data: [ 9.9997699628576875e-01, 1.8498875961467640e-03,
       -6.5257041898390405e-03, -1.2365085857871281e-02,
       6.5065138123587569e-03, 1.0196650795096018e-02,
       9.9992684411939481e-01, 2.2787317052671612e-02,
       1.9162925928065317e-03, -9.9994630167246712e-01,
       1.0184379915059383e-02, 3.1758250096926684e-02, 0., 0., 0., 1. ]
Hobj2base22: !!opencv-matrix
   rows: 4
   cols: 4
   dt: d
   data: [ 9.9996891458030934e-01, 2.2292689646087618e-03,
       -7.5630835617156635e-03, -7.3678958616042767e-01,
       2.2024555609840694e-03, -9.9999126699039143e-01,
       -3.5517787729923453e-03, 8.9273976802965588e-02,
       -7.5709353834220415e-03, 3.5350110090098508e-03,
       -9.9996509170799808e-01, 9.7380254054669855e-03, 0., 0., 0., 1. ]
mean-rme22: 2.2591331895449188e-03
max-rme22: 7.4424296346974339e-03
Hcamera2end23: !!opencv-matrix
   rows: 4
   cols: 4
   dt: d
   data: [ 9.9998030039755270e-01, 3.0417481959563101e-03,
       -5.4905905631956100e-03, -1.2440125934664672e-02,
       5.4698016551903775e-03, 6.8011987335970803e-03,
       9.9996191175746230e-01, 2.5961537104635189e-02,
       3.0789749386983898e-03, -9.9997224534668883e-01,
       6.7844269933688972e-03, 3.2747460932603500e-02, 0., 0., 0., 1. ]
Hobj2base23: !!opencv-matrix
   rows: 4
   cols: 4
   dt: d
   data: [ 9.9998675435702933e-01, 3.1120258275389580e-03,
       -4.0995616525536542e-03, -7.3721646945742303e-01,
       3.1028526589737177e-03, -9.9999267270826975e-01,
       -2.2420604692981673e-03, 8.9350179310899905e-02,
       -4.1065089639568198e-03, 2.2293104359914196e-03,
       -9.9998908331996739e-01, 5.7790178291456731e-03, 0., 0., 0., 1. ]
mean-rme23: 2.3596476893966798e-03
max-rme23: 7.4254886212291593e-03
Hcamera2end24: !!opencv-matrix
   rows: 4
   cols: 4
   dt: d
   data: [ 9.9997616503823239e-01, 3.6142508694496384e-03,
       -5.8827328753230154e-03, -1.3474774322456716e-02,
       5.8609752575643059e-03, 6.0013362905174672e-03,
       9.9996481584691677e-01, 2.5868321392937266e-02,
       3.6494279633858626e-03, -9.9997546027559125e-01,
       5.9800102139759836e-03, 3.2291474760670957e-02, 0., 0., 0., 1. ]
Hobj2base24: !!opencv-matrix
   rows: 4
   cols: 4
   dt: d
   data: [ 9.9998777928910199e-01, 3.5593714935293727e-03,
       -3.4310562544733023e-03, -7.3656669300267374e-01,
       3.5509218483930605e-03, -9.9999065572104451e-01,
       -2.4656489250132552e-03, 8.7934552334658092e-02,
       -3.4398003542232933e-03, 2.4534353804134918e-03,
       -9.9999107417434319e-01, 5.0907164679029502e-03, 0., 0., 0., 1. ]
mean-rme24: 2.3903613898910232e-03
max-rme24: 7.3853641123530211e-03
