%YAML:1.0
---
Hcamera2end0: !!opencv-matrix
   rows: 4
   cols: 4
   dt: d
   data: [ 9.9996215821374335e-01, 6.3858024240715126e-03,
       5.9079326259853550e-03, -1.7463237192387966e-02,
       -6.0386003361049363e-03, 2.0640403608383817e-02,
       9.9976872777901193e-01, 2.8548077039317301e-02,
       6.2623834514706281e-03, -9.9976657038845018e-01,
       2.0678183847306575e-02, 3.0063398699135407e-02, 0., 0., 0., 1. ]
Hobj2base0: !!opencv-matrix
   rows: 4
   cols: 4
   dt: d
   data: [ 9.9980829631321755e-01, 8.1172624642923547e-03,
       -1.7817987353998505e-02, -7.3815029035079960e-01,
       8.2499666054213147e-03, -9.9993868374220352e-01,
       7.3869348797797763e-03, 8.7478861953688439e-02,
       -1.7756933132466693e-02, -7.5325165777756081e-03,
       -9.9981395895423142e-01, 7.5847149857477441e-03, 0., 0., 0., 1. ]
mean-rme0: 1.0735245988165564e-03
max-rme0: 5.3379714958579905e-03
Hcamera2end1: !!opencv-matrix
   rows: 4
   cols: 4
   dt: d
   data: [ 9.9998148682142929e-01, 5.5976966782915367e-03,
       -2.3857506788083436e-03, -1.7744014551477540e-02,
       2.2802402749468806e-03, 1.8780163205695755e-02,
       9.9982103697324554e-01, 2.9175866405761218e-02,
       5.6414996846672564e-03, -9.9980796719263310e-01,
       1.8767051431767934e-02, 2.8961642041890882e-02, 0., 0., 0., 1. ]
Hobj2base1: !!opencv-matrix
   rows: 4
   cols: 4
   dt: d
   data: [ 9.9984680114384894e-01, 8.0896860906023004e-03,
       -1.5521959327617725e-02, -7.3638604827414678e-01,
       8.0981328509230777e-03, -9.9996709370572590e-01,
       4.8140425215829918e-04, 8.5368696850939188e-02,
       -1.5517554148173728e-02, -6.0702939031919518e-04,
       -9.9987941124346524e-01, 5.9411451737742937e-03, 0., 0., 0., 1. ]
mean-rme1: 1.4196422969888261e-03
max-rme1: 6.2644989417371399e-03
Hcamera2end2: !!opencv-matrix
   rows: 4
   cols: 4
   dt: d
   data: [ 9.9996606632629137e-01, 7.2270157271997950e-03,
       -3.9542938183644936e-03, -1.7598608105058137e-02,
       3.8278426776908511e-03, 1.7427870372195509e-02,
       9.9984079580437446e-01, 2.8623512794156314e-02,
       7.2947800760542018e-03, -9.9982200394768705e-01,
       1.7399615101295951e-02, 2.9564322631316819e-02, 0., 0., 0., 1. ]
Hobj2base2: !!opencv-matrix
   rows: 4
   cols: 4
   dt: d
   data: [ 9.9983762130317055e-01, 9.5823267247578947e-03,
       -1.5261390544694359e-02, -7.3688961574302181e-01,
       9.5902492943074728e-03, -9.9995391302878067e-01,
       4.4602343167453578e-04, 8.4686184393864813e-02,
       -1.5256413251178363e-02, -5.9231154687235089e-04,
       -9.9988343871760366e-01, 6.2190155154302415e-03, 0., 0., 0., 1. ]
mean-rme2: 1.6404742130531991e-03
max-rme2: 6.0343233527234141e-03
Hcamera2end3: !!opencv-matrix
   rows: 4
   cols: 4
   dt: d
   data: [ 9.9995920314293207e-01, 8.9511075140703347e-03,
       -1.2123217493017766e-03, -1.7346776918823928e-02,
       1.0708017400628484e-03, 1.5798235201822775e-02,
       9.9987462671484018e-01, 2.8166693613513788e-02,
       8.9691378284512333e-03, -9.9983513312884686e-01,
       1.5788005821977813e-02, 3.0130314400672518e-02, 0., 0., 0., 1. ]
Hobj2base3: !!opencv-matrix
   rows: 4
   cols: 4
   dt: d
   data: [ 9.9983986205070063e-01, 1.1132489294180835e-02,
       -1.4011350275789057e-02, -7.3729507640325131e-01,
       1.1185059237837976e-02, -9.9993067657267032e-01,
       3.6791981148072868e-03, 8.5219295207790244e-02,
       -1.3969420327342160e-02, -3.8353267184029136e-03,
       -9.9989506727690247e-01, 6.6171768140327082e-03, 0., 0., 0., 1. ]
mean-rme3: 2.1601042134023595e-03
max-rme3: 6.8962034097984626e-03
Hcamera2end4: !!opencv-matrix
   rows: 4
   cols: 4
   dt: d
   data: [ 9.9995376326559759e-01, 9.6159767152978921e-03,
       -6.5747852679838743e-05, -1.7258321669907973e-02,
       -9.5234156154057163e-05, 1.6739682042520077e-02,
       9.9985987717058200e-01, 2.7785629086530764e-02,
       9.6157298955817649e-03, -9.9981364065356026e-01,
       1.6739823823715638e-02, 3.0716105013710221e-02, 0., 0., 0., 1. ]
Hobj2base4: !!opencv-matrix
   rows: 4
   cols: 4
   dt: d
   data: [ 9.9982393582746387e-01, 1.1434649763988093e-02,
       -1.4877705846478094e-02, -7.3824557187916517e-01,
       1.1512464054966989e-02, -9.9992044053533902e-01,
       5.1551693471056223e-03, 8.5395236940905339e-02,
       -1.4817574628207361e-02, -5.3255407602581925e-03,
       -9.9987603136476322e-01, 7.2365368442114057e-03, 0., 0., 0., 1. ]
mean-rme4: 2.1555368020392423e-03
max-rme4: 7.5899379468775952e-03
Hcamera2end5: !!opencv-matrix
   rows: 4
   cols: 4
   dt: d
   data: [ 9.9995764171725487e-01, 9.1678605756459058e-03,
       -8.1553892095963254e-04, -1.7315311966022279e-02,
       6.5836835986728733e-04, 1.7133611111354030e-02,
       9.9985299215504064e-01, 2.7904697456562905e-02,
       9.1804859549376866e-03, -9.9981117702431710e-01,
       1.7126849531679422e-02, 3.0571277956865928e-02, 0., 0., 0., 1. ]
Hobj2base5: !!opencv-matrix
   rows: 4
   cols: 4
   dt: d
   data: [ 9.9982731960753501e-01, 1.1222894483754443e-02,
       -1.4811401210501979e-02, -7.3815265939430263e-01,
       1.1296505911867032e-02, -9.9992420793916703e-01,
       4.8956441263817143e-03, 8.5232943411920378e-02,
       -1.4755335326420021e-02, -5.0621158259700717e-03,
       -9.9987832012838895e-01, 7.1298982425139715e-03, 0., 0., 0., 1. ]
mean-rme5: 2.0979698156095511e-03
max-rme5: 7.1827224048104099e-03
Hcamera2end6: !!opencv-matrix
   rows: 4
   cols: 4
   dt: d
   data: [ 9.9995185467758918e-01, 9.8034586875886381e-03,
       -4.2488187795353301e-04, -1.7245491982071318e-02,
       2.5866645878834180e-04, 1.6949815973380633e-02,
       9.9985630809138348e-01, 2.7641422562320991e-02,
       9.8092516795405121e-03, -9.9980827958975682e-01,
       1.6946464093083202e-02, 3.0916172737667294e-02, 0., 0., 0., 1. ]
Hobj2base6: !!opencv-matrix
   rows: 4
   cols: 4
   dt: d
   data: [ 9.9982459805062807e-01, 1.1446747952735731e-02,
       -1.4823801611144799e-02, -7.3853298207336804e-01,
       1.1528007868027036e-02, -9.9991892644036251e-01,
       5.4079183562068985e-03, 8.5258770244781082e-02,
       -1.4760696714408352e-02, -5.5778586983925241e-03,
       -9.9987549691191346e-01, 7.3716322133783969e-03, 0., 0., 0., 1. ]
mean-rme6: 2.0946852514541177e-03
max-rme6: 7.3763893264134628e-03
Hcamera2end7: !!opencv-matrix
   rows: 4
   cols: 4
   dt: d
   data: [ 9.9994516694450997e-01, 1.0402794837991381e-02,
       1.2020665017864179e-03, -1.7155395328264957e-02,
       -1.3737213207200604e-03, 1.6509453532906226e-02,
       9.9986276600030377e-01, 2.7471763191954563e-02,
       1.0381521759793037e-02, -9.9980959177415574e-01,
       1.6522838810188567e-02, 3.1145734792574032e-02, 0., 0., 0., 1. ]
Hobj2base7: !!opencv-matrix
   rows: 4
   cols: 4
   dt: d
   data: [ 9.9983378410820101e-01, 1.1178741117054457e-02,
       -1.4402774139488679e-02, -7.3867628491013615e-01,
       1.1272404333920639e-02, -9.9991573608647455e-01,
       6.4384491281902906e-03, 8.5710500366285816e-02,
       -1.4329586749374698e-02, -6.5997328492570992e-03,
       -9.9987554549049285e-01, 7.5269391308990371e-03, 0., 0., 0., 1. ]
mean-rme7: 2.3051534961830394e-03
max-rme7: 8.2224084775198714e-03
Hcamera2end8: !!opencv-matrix
   rows: 4
   cols: 4
   dt: d
   data: [ 9.9994670678238073e-01, 1.0204024634372779e-02,
       1.5689092811647628e-03, -1.7161192440562367e-02,
       -1.7354391820571463e-03, 1.6331695549137604e-02,
       9.9986512288975038e-01, 2.7573469279800696e-02,
       1.0177025396292980e-02, -9.9981455960680599e-01,
       1.6348533644697794e-02, 3.1003798532560019e-02, 0., 0., 0., 1. ]
