%YAML:1.0
---
Hcamera2end0: !!opencv-matrix
   rows: 4
   cols: 4
   dt: d
   data: [ 9.9996215821374335e-01, 6.3858024240715126e-03,
       5.9079326259853550e-03, -1.7463237192387966e-02,
       -6.0386003361049363e-03, 2.0640403608383817e-02,
       9.9976872777901193e-01, 2.8548077039317301e-02,
       6.2623834514706281e-03, -9.9976657038845018e-01,
       2.0678183847306575e-02, 3.0063398699135407e-02, 0., 0., 0., 1. ]
Hobj2base0: !!opencv-matrix
   rows: 4
   cols: 4
   dt: d
   data: [ 9.9980829631321755e-01, 8.1172624642923547e-03,
       -1.7817987353998505e-02, -7.3815029035079960e-01,
       8.2499666054213147e-03, -9.9993868374220352e-01,
       7.3869348797797763e-03, 8.7478861953688439e-02,
       -1.7756933132466693e-02, -7.5325165777756081e-03,
       -9.9981395895423142e-01, 7.5847149857477441e-03, 0., 0., 0., 1. ]
mean-rme0: 1.0735245988165564e-03
max-rme0: 5.3379714958579905e-03
Hcamera2end1: !!opencv-matrix
   rows: 4
   cols: 4
   dt: d
   data: [ 9.9998148682142929e-01, 5.5976966782915367e-03,
       -2.3857506788083436e-03, -1.7744014551477540e-02,
       2.2802402749468806e-03, 1.8780163205695755e-02,
       9.9982103697324554e-01, 2.9175866405761218e-02,
       5.6414996846672564e-03, -9.9980796719263310e-01,
       1.8767051431767934e-02, 2.8961642041890882e-02, 0., 0., 0., 1. ]
Hobj2base1: !!opencv-matrix
   rows: 4
   cols: 4
   dt: d
   data: [ 9.9984680114384894e-01, 8.0896860906023004e-03,
       -1.5521959327617725e-02, -7.3638604827414678e-01,
       8.0981328509230777e-03, -9.9996709370572590e-01,
       4.8140425215829918e-04, 8.5368696850939188e-02,
       -1.5517554148173728e-02, -6.0702939031919518e-04,
       -9.9987941124346524e-01, 5.9411451737742937e-03, 0., 0., 0., 1. ]
mean-rme1: 1.4196422969888261e-03
max-rme1: 6.2644989417371399e-03
Hcamera2end2: !!opencv-matrix
   rows: 4
   cols: 4
   dt: d
   data: [ 9.9996606632629137e-01, 7.2270157271997950e-03,
       -3.9542938183644936e-03, -1.7598608105058137e-02,
       3.8278426776908511e-03, 1.7427870372195509e-02,
       9.9984079580437446e-01, 2.8623512794156314e-02,
       7.2947800760542018e-03, -9.9982200394768705e-01,
       1.7399615101295951e-02, 2.9564322631316819e-02, 0., 0., 0., 1. ]
Hobj2base2: !!opencv-matrix
   rows: 4
   cols: 4
   dt: d
   data: [ 9.9983762130317055e-01, 9.5823267247578947e-03,
       -1.5261390544694359e-02, -7.3688961574302181e-01,
       9.5902492943074728e-03, -9.9995391302878067e-01,
       4.4602343167453578e-04, 8.4686184393864813e-02,
       -1.5256413251178363e-02, -5.9231154687235089e-04,
       -9.9988343871760366e-01, 6.2190155154302415e-03, 0., 0., 0., 1. ]
mean-rme2: 1.6404742130531991e-03
max-rme2: 6.0343233527234141e-03
Hcamera2end3: !!opencv-matrix
   rows: 4
   cols: 4
   dt: d
   data: [ 9.9995920314293207e-01, 8.9511075140703347e-03,
       -1.2123217493017766e-03, -1.7346776918823928e-02,
       1.0708017400628484e-03, 1.5798235201822775e-02,
       9.9987462671484018e-01, 2.8166693613513788e-02,
       8.9691378284512333e-03, -9.9983513312884686e-01,
       1.5788005821977813e-02, 3.0130314400672518e-02, 0., 0., 0., 1. ]
Hobj2base3: !!opencv-matrix
   rows: 4
   cols: 4
   dt: d
   data: [ 9.9983986205070063e-01, 1.1132489294180835e-02,
       -1.4011350275789057e-02, -7.3729507640325131e-01,
       1.1185059237837976e-02, -9.9993067657267032e-01,
       3.6791981148072868e-03, 8.5219295207790244e-02,
       -1.3969420327342160e-02, -3.8353267184029136e-03,
       -9.9989506727690247e-01, 6.6171768140327082e-03, 0., 0., 0., 1. ]
mean-rme3: 2.1601042134023595e-03
max-rme3: 6.8962034097984626e-03
Hcamera2end4: !!opencv-matrix
   rows: 4
   cols: 4
   dt: d
   data: [ 9.9995376326559759e-01, 9.6159767152978921e-03,
       -6.5747852679838743e-05, -1.7258321669907973e-02,
       -9.5234156154057163e-05, 1.6739682042520077e-02,
       9.9985987717058200e-01, 2.7785629086530764e-02,
       9.6157298955817649e-03, -9.9981364065356026e-01,
       1.6739823823715638e-02, 3.0716105013710221e-02, 0., 0., 0., 1. ]
Hobj2base4: !!opencv-matrix
   rows: 4
   cols: 4
   dt: d
   data: [ 9.9982393582746387e-01, 1.1434649763988093e-02,
       -1.4877705846478094e-02, -7.3824557187916517e-01,
       1.1512464054966989e-02, -9.9992044053533902e-01,
       5.1551693471056223e-03, 8.5395236940905339e-02,
       -1.4817574628207361e-02, -5.3255407602581925e-03,
       -9.9987603136476322e-01, 7.2365368442114057e-03, 0., 0., 0., 1. ]
mean-rme4: 2.1555368020392423e-03
max-rme4: 7.5899379468775952e-03
Hcamera2end5: !!opencv-matrix
   rows: 4
   cols: 4
   dt: d
   data: [ 9.9995764171725487e-01, 9.1678605756459058e-03,
       -8.1553892095963254e-04, -1.7315311966022279e-02,
       6.5836835986728733e-04, 1.7133611111354030e-02,
       9.9985299215504064e-01, 2.7904697456562905e-02,
       9.1804859549376866e-03, -9.9981117702431710e-01,
       1.7126849531679422e-02, 3.0571277956865928e-02, 0., 0., 0., 1. ]
Hobj2base5: !!opencv-matrix
   rows: 4
   cols: 4
   dt: d
   data: [ 9.9982731960753501e-01, 1.1222894483754443e-02,
       -1.4811401210501979e-02, -7.3815265939430263e-01,
       1.1296505911867032e-02, -9.9992420793916703e-01,
       4.8956441263817143e-03, 8.5232943411920378e-02,
       -1.4755335326420021e-02, -5.0621158259700717e-03,
       -9.9987832012838895e-01, 7.1298982425139715e-03, 0., 0., 0., 1. ]
mean-rme5: 2.0979698156095511e-03
max-rme5: 7.1827224048104099e-03
Hcamera2end6: !!opencv-matrix
   rows: 4
   cols: 4
   dt: d
   data: [ 9.9995185467758918e-01, 9.8034586875886381e-03,
       -4.2488187795353301e-04, -1.7245491982071318e-02,
       2.5866645878834180e-04, 1.6949815973380633e-02,
       9.9985630809138348e-01, 2.7641422562320991e-02,
       9.8092516795405121e-03, -9.9980827958975682e-01,
       1.6946464093083202e-02, 3.0916172737667294e-02, 0., 0., 0., 1. ]
Hobj2base6: !!opencv-matrix
   rows: 4
   cols: 4
   dt: d
   data: [ 9.9982459805062807e-01, 1.1446747952735731e-02,
       -1.4823801611144799e-02, -7.3853298207336804e-01,
       1.1528007868027036e-02, -9.9991892644036251e-01,
       5.4079183562068985e-03, 8.5258770244781082e-02,
       -1.4760696714408352e-02, -5.5778586983925241e-03,
       -9.9987549691191346e-01, 7.3716322133783969e-03, 0., 0., 0., 1. ]
mean-rme6: 2.0946852514541177e-03
max-rme6: 7.3763893264134628e-03
Hcamera2end7: !!opencv-matrix
   rows: 4
   cols: 4
   dt: d
   data: [ 9.9994516694450997e-01, 1.0402794837991381e-02,
       1.2020665017864179e-03, -1.7155395328264957e-02,
       -1.3737213207200604e-03, 1.6509453532906226e-02,
       9.9986276600030377e-01, 2.7471763191954563e-02,
       1.0381521759793037e-02, -9.9980959177415574e-01,
       1.6522838810188567e-02, 3.1145734792574032e-02, 0., 0., 0., 1. ]
Hobj2base7: !!opencv-matrix
   rows: 4
   cols: 4
   dt: d
   data: [ 9.9983378410820101e-01, 1.1178741117054457e-02,
       -1.4402774139488679e-02, -7.3867628491013615e-01,
       1.1272404333920639e-02, -9.9991573608647455e-01,
       6.4384491281902906e-03, 8.5710500366285816e-02,
       -1.4329586749374698e-02, -6.5997328492570992e-03,
       -9.9987554549049285e-01, 7.5269391308990371e-03, 0., 0., 0., 1. ]
mean-rme7: 2.3051534961830394e-03
max-rme7: 8.2224084775198714e-03
Hcamera2end8: !!opencv-matrix
   rows: 4
   cols: 4
   dt: d
   data: [ 9.9994670678238073e-01, 1.0204024634372779e-02,
       1.5689092811647628e-03, -1.7161192440562367e-02,
       -1.7354391820571463e-03, 1.6331695549137604e-02,
       9.9986512288975038e-01, 2.7573469279800696e-02,
       1.0177025396292980e-02, -9.9981455960680599e-01,
       1.6348533644697794e-02, 3.1003798532560019e-02, 0., 0., 0., 1. ]
Hobj2base8: !!opencv-matrix
   rows: 4
   cols: 4
   dt: d
   data: [ 9.9984669952130223e-01, 1.0719952264128535e-02,
       -1.3844135213643088e-02, -7.3842751527670714e-01,
       1.0816717277808743e-02, -9.9991745752027739e-01,
       6.9337416678343635e-03, 8.5898277573622103e-02,
       -1.3768663104701954e-02, -7.0824268184792516e-03,
       -9.9988012438825402e-01, 7.4104974847795336e-03, 0., 0., 0., 1. ]
mean-rme8: 2.2680486277962004e-03
max-rme8: 8.3930746721673499e-03
Hcamera2end9: !!opencv-matrix
   rows: 4
   cols: 4
   dt: d
   data: [ 9.9994584295105338e-01, 1.0307389281650783e-02,
       1.4383640373019117e-03, -1.7151048917092907e-02,
       -1.6037720877815518e-03, 1.6057265641321594e-02,
       9.9986978758997147e-01, 2.7517674516695647e-02,
       1.0282950938215435e-02, -9.9981794440103988e-01,
       1.6072926730428150e-02, 3.1062912122186242e-02, 0., 0., 0., 1. ]
Hobj2base9: !!opencv-matrix
   rows: 4
   cols: 4
   dt: d
   data: [ 9.9984485547819291e-01, 1.0806289729746095e-02,
       -1.3910035085087520e-02, -7.3843451318937825e-01,
       1.0906781177834451e-02, -9.9991482079796645e-01,
       7.1689101619229817e-03, 8.5843113021924641e-02,
       -1.3831380919142452e-02, -7.3195116536330816e-03,
       -9.9987755132867240e-01, 7.4624616114149977e-03, 0., 0., 0., 1. ]
mean-rme9: 2.1921513990249930e-03
max-rme9: 8.3177216491839012e-03
Hcamera2end10: !!opencv-matrix
   rows: 4
   cols: 4
   dt: d
   data: [ 9.9995012241101733e-01, 9.9757340460435370e-03,
       4.8725807742196030e-04, -1.7200657123054582e-02,
       -6.4352015581779169e-04, 1.5667006056811150e-02,
       9.9987705784412595e-01, 2.7647936240970790e-02,
       9.9668737325432875e-03, -9.9982749994759545e-01,
       1.5672644210250164e-02, 3.0845399736475237e-02, 0., 0., 0., 1. ]
Hobj2base10: !!opencv-matrix
   rows: 4
   cols: 4
   dt: d
   data: [ 9.9984970253980299e-01, 1.0649918843660199e-02,
       -1.3680334779927306e-02, -7.3806450359641329e-01,
       1.0736352021627767e-02, -9.9992276714441441e-01,
       6.2602309481961894e-03, 8.5635604256596151e-02,
       -1.3612607257066027e-02, -6.4061669413554454e-03,
       -9.9988682256982675e-01, 7.2124220957609127e-03, 0., 0., 0., 1. ]
mean-rme10: 2.1864727605266187e-03
max-rme10: 7.7613222564937301e-03
Hcamera2end11: !!opencv-matrix
   rows: 4
   cols: 4
   dt: d
   data: [ 9.9994861750248543e-01, 1.0115604204971505e-02,
       6.6098898361416098e-04, -1.7177276457297101e-02,
       -8.2431376973933230e-04, 1.6150183428705112e-02,
       9.9986923749159740e-01, 2.7522425118830830e-02,
       1.0103606369861934e-02, -9.9981840657530796e-01,
       1.6157692023780590e-02, 3.1050739859915043e-02, 0., 0., 0., 1. ]
Hobj2base11: !!opencv-matrix
   rows: 4
   cols: 4
   dt: d
   data: [ 9.9985047974186192e-01, 1.0389177161506594e-02,
       -1.3823283180032503e-02, -7.3840204140566479e-01,
       1.0480679094695968e-02, -9.9992353492232566e-01,
       6.5635108101787104e-03, 8.5684337299933286e-02,
       -1.3754036705002011e-02, -6.7074068273931097e-03,
       -9.9988291172915345e-01, 7.3894569789069945e-03, 0., 0., 0., 1. ]
mean-rme11: 2.1495734056518447e-03
max-rme11: 7.8364031982894045e-03
Hcamera2end12: !!opencv-matrix
   rows: 4
   cols: 4
   dt: d
   data: [ 9.9994921567905637e-01, 1.0001638981862826e-02,
       1.2382570478661889e-03, -1.7186531525893167e-02,
       -1.3992956298255043e-03, 1.6110302780978025e-02,
       9.9986924150913115e-01, 2.7615080513024047e-02,
       9.9803824866815417e-03, -9.9982019651634435e-01,
       1.6123479879909475e-02, 3.0938547651316775e-02, 0., 0., 0., 1. ]
Hobj2base12: !!opencv-matrix
   rows: 4
   cols: 4
   dt: d
   data: [ 9.9985748381481554e-01, 9.9212305304001366e-03,
       -1.3659474523883658e-02, -7.3822193603843722e-01,
       1.0012101494858906e-02, -9.9992809393829973e-01,
       6.6003618517723323e-03, 8.5914078376565672e-02,
       -1.3593008613350265e-02, -6.7361812386799429e-03,
       -9.9988492036791721e-01, 7.3045533403231560e-03, 0., 0., 0., 1. ]
mean-rme12: 2.2052054829994621e-03
max-rme12: 8.1159208057272891e-03
Hcamera2end13: !!opencv-matrix
   rows: 4
   cols: 4
   dt: d
   data: [ 9.9998582706031969e-01, 5.3229618606069756e-03,
       1.0842287105025271e-04, -1.7594831132054088e-02,
       -1.7846113712638402e-04, 1.3159050921354831e-02,
       9.9991340001545714e-01, 2.7301355181796671e-02,
       5.3210741501109344e-03, -9.9989924765242211e-01,
       1.3159814360746314e-02, 3.1280554811859533e-02, 0., 0., 0., 1. ]
Hobj2base13: !!opencv-matrix
   rows: 4
   cols: 4
   dt: d
   data: [ 9.9992591371655837e-01, 5.9198650469170040e-03,
       -1.0635895633753695e-02, -7.3749310614432617e-01,
       5.9615725247278489e-03, -9.9997464799335756e-01,
       3.8939727262437170e-03, 8.6095743354283022e-02,
       -1.0612574199421201e-02, -3.9570908994626657e-03,
       -9.9993585529296580e-01, 6.6715043719467225e-03, 0., 0., 0., 1. ]
mean-rme13: 2.1826275041884782e-03
max-rme13: 7.8545594572594912e-03
Hcamera2end14: !!opencv-matrix
   rows: 4
   cols: 4
   dt: d
   data: [ 9.9999939841997088e-01, 1.0464317749254463e-03,
       -3.2884682889400399e-04, -1.7866879203278972e-02,
       3.1776208852434733e-04, 1.0575486535819523e-02,
       9.9994402748943190e-01, 2.6900259493922326e-02,
       1.0498509187231808e-03, -9.9994353043812978e-01,
       1.0575147657471695e-02, 3.1744726321468270e-02, 0., 0., 0., 1. ]
Hobj2base14: !!opencv-matrix
   rows: 4
   cols: 4
   dt: d
   data: [ 9.9996365920462049e-01, 2.3823750344169770e-03,
       -8.1856312707736557e-03, -7.3703795968724273e-01,
       2.3950640229135085e-03, -9.9999594494609156e-01,
       1.5407010414917434e-03, 8.6313980166259449e-02,
       -8.1819275499008283e-03, -1.5602501621519195e-03,
       -9.9996531023880997e-01, 6.2570023134085415e-03, 0., 0., 0., 1. ]
mean-rme14: 2.2637789413562401e-03
max-rme14: 8.1776976123885958e-03
Hcamera2end15: !!opencv-matrix
   rows: 4
   cols: 4
   dt: d
   data: [ 9.9999802888650546e-01, -1.6271863567989269e-03,
       -1.1377555379242265e-03, -1.7983899413865991e-02,
       1.1521577862039479e-03, 8.8776358642885800e-03,
       9.9995992925411614e-01, 2.6775284005258561e-02,
       -1.6170205748596486e-03, -9.9995926909350730e-01,
       8.8794931408913147e-03, 3.1787493009232053e-02, 0., 0., 0., 1. ]
Hobj2base15: !!opencv-matrix
   rows: 4
   cols: 4
   dt: d
   data: [ 9.9997640276679922e-01, 4.0341588373389283e-04,
       -6.8579271793298190e-03, -7.3646511310844553e-01,
       4.0113091764468878e-04, -9.9999986358234794e-01,
       -3.3455832585672126e-04, 8.6231760763390564e-02,
       -6.8580612099301786e-03, 3.3179950458330171e-04,
       -9.9997642817494969e-01, 5.8886381222150938e-03, 0., 0., 0., 1. ]
mean-rme15: 2.2862148431445828e-03
max-rme15: 8.2044545462677809e-03
Hcamera2end16: !!opencv-matrix
   rows: 4
   cols: 4
   dt: d
   data: [ 9.9999775113580958e-01, -1.9792346914939986e-03,
       -7.6180926710985324e-04, -1.8106942954421189e-02,
       7.7903554077604425e-04, 8.7173589675008101e-03,
       9.9996169964467052e-01, 2.6628529678050308e-02,
       -1.9725179212558681e-03, -9.9996004434310670e-01,
       8.7188812575126340e-03, 3.2076069949577533e-02, 0., 0., 0., 1. ]
Hobj2base16: !!opencv-matrix
   rows: 4
   cols: 4
   dt: d
   data: [ 9.9997855918007750e-01, -2.2310495037996923e-04,
       -6.5445705983997061e-03, -7.3669913014391153e-01,
       -2.2521692467097106e-04, -9.9999992280596661e-01,
       -3.2197111272092797e-04, 8.6503799468137577e-02,
       -6.5444982598487789e-03, 3.2343815745974349e-04,
       -9.9997853223471012e-01, 5.9425405985454463e-03, 0., 0., 0., 1. ]
mean-rme16: 2.2292756776906690e-03
max-rme16: 8.2195267638930924e-03
Hcamera2end17: !!opencv-matrix
   rows: 4
   cols: 4
   dt: d
   data: [ 9.9999843590017590e-01, -1.6922727969411427e-03,
       -5.1420811214174559e-04, -1.8026452043136392e-02,
       5.2930370996874315e-04, 8.9319844080653077e-03,
       9.9995996894481565e-01, 2.6623877289971905e-02,
       -1.6876121546352710e-03, -9.9995867707986552e-01,
       8.9328661638197193e-03, 3.2076603548023497e-02, 0., 0., 0., 1. ]
Hobj2base17: !!opencv-matrix
   rows: 4
   cols: 4
   dt: d
   data: [ 9.9997812155669774e-01, -2.7297851470176580e-04,
       -6.6092276907928661e-03, -7.3675048561895995e-01,
       -2.7605961774468640e-04, -9.9999985365548461e-01,
       -4.6527421674668874e-04, 8.6521326850611716e-02,
       -6.6090997137040267e-03, 4.6708857814102556e-04,
       -9.9997805057372857e-01, 5.9631600976428559e-03, 0., 0., 0., 1. ]
mean-rme17: 2.2131553844392583e-03
max-rme17: 8.4078782639009086e-03
Hcamera2end18: !!opencv-matrix
   rows: 4
   cols: 4
   dt: d
   data: [ 9.9999997640562255e-01, -1.5834762981405983e-04,
       -1.4871039774195591e-04, -1.7963616593777130e-02,
       1.5026878044526923e-04, 9.8874234211352441e-03,
       9.9995110694342682e-01, 2.6720369716292765e-02,
       -1.5686952504483697e-04, -9.9995110569673318e-01,
       9.8874469825528388e-03, 3.2008418983501125e-02, 0., 0., 0., 1. ]
Hobj2base18: !!opencv-matrix
   rows: 4
   cols: 4
   dt: d
   data: [ 9.9997210885389376e-01, 7.4129324060408697e-04,
       -7.4318233716767481e-03, -7.3701289759643496e-01,
       7.4426626110327880e-04, -9.9999964411751097e-01,
       3.9728149147048695e-04, 8.6539297351952427e-02,
       -7.4315262247367066e-03, -4.0280166622838083e-04,
       -9.9997230470087928e-01, 6.1420837810661514e-03, 0., 0., 0., 1. ]
mean-rme18: 2.2372549728657894e-03
max-rme18: 8.3316179048862626e-03
Hcamera2end19: !!opencv-matrix
   rows: 4
   cols: 4
   dt: d
   data: [ 9.9999983582152263e-01, -4.5461814207199707e-04,
       -3.4882556209285358e-04, -1.8018085961695914e-02,
       3.5320741867340201e-04, 9.6743711292857082e-03,
       9.9995313979594669e-01, 2.6721081595157417e-02,
       -4.5122217062602528e-04, -9.9995309883293904e-01,
       9.6745301154625984e-03, 3.2008701032935939e-02, 0., 0., 0., 1. ]
Hobj2base19: !!opencv-matrix
   rows: 4
   cols: 4
   dt: d
   data: [ 9.9997437871733275e-01, 4.2501417703817197e-04,
       -7.1457170272650116e-03, -7.3692998959314593e-01,
       4.2657271044468562e-04, -9.9999988556339692e-01,
       2.1658466152447444e-04, 8.6562088664278822e-02,
       -7.1456241579817515e-03, -2.1962728022803128e-04,
       -9.9997444558311122e-01, 6.0662630281251807e-03, 0., 0., 0., 1. ]
mean-rme19: 2.2174026772862521e-03
max-rme19: 8.1655343414770432e-03
Hcamera2end20: !!opencv-matrix
   rows: 4
   cols: 4
   dt: d
   data: [ 9.9999985453610096e-01, -4.3934878056681631e-04,
       -3.1289043751822534e-04, -1.8060072993142554e-02,
       3.1713000805102355e-04, 9.6829876657170688e-03,
       9.9995306848792820e-01, 2.6705139646240970e-02,
       -4.3629844701700772e-04, -9.9995302225780291e-01,
       9.6831255878742084e-03, 3.2056613596069553e-02, 0., 0., 0., 1. ]
Hobj2base20: !!opencv-matrix
   rows: 4
   cols: 4
   dt: d
   data: [ 9.9997435211899521e-01, 2.9937706078817021e-04,
       -7.1558002746913499e-03, -7.3697672737904996e-01,
       3.0047956072100590e-04, -9.9999994315209562e-01,
       1.5299620528098597e-04, 8.6630387328301653e-02,
       -7.1557540643448526e-03, -1.5514245297566526e-04,
       -9.9997438522923665e-01, 6.0704412932280566e-03, 0., 0., 0., 1. ]
mean-rme20: 2.1671609505270416e-03
max-rme20: 8.0788113077994994e-03
Hcamera2end21: !!opencv-matrix
   rows: 4
   cols: 4
   dt: d
   data: [ 9.9999981716431352e-01, -3.4047821311690310e-05,
       -6.0374836260235318e-04, -1.7966038862420656e-02,
       6.0405534833060941e-04, 9.8821704827913859e-03,
       9.9995098771074031e-01, 2.6833204699527446e-02,
       -2.8079808302081003e-05, -9.9995116958144259e-01,
       9.8821892427465308e-03, 3.1821102193489305e-02, 0., 0., 0., 1. ]
Hobj2base21: !!opencv-matrix
   rows: 4
   cols: 4
   dt: d
   data: [ 9.9997275629113702e-01, 6.6205128453935202e-04,
       -7.3517592182401293e-03, -7.3678922607542308e-01,
       6.6195428875211030e-04, -9.9999978078613672e-01,
       -1.5626837459582031e-05, 8.6441869611907737e-02,
       -7.3517679524004028e-03, 1.0759883182184917e-05,
       -9.9997297533093321e-01, 6.0010658860272749e-03, 0., 0., 0., 1. ]
mean-rme21: 2.1569251196063349e-03
max-rme21: 8.0030876441283538e-03
Hcamera2end22: !!opencv-matrix
   rows: 4
   cols: 4
   dt: d
   data: [ 9.9999978972954717e-01, 3.3890013465587331e-06,
       -6.4848236371394484e-04, -1.4789143075231359e-02,
       6.4843765505501411e-04, 7.6268806125274757e-03,
       9.9997070468125715e-01, 2.9137922860758825e-02,
       8.3347996320600349e-06, -9.9997091491734746e-01,
       7.6268768112637275e-03, 3.2708823571119934e-02, 0., 0., 0., 1. ]
Hobj2base22: !!opencv-matrix
   rows: 4
   cols: 4
   dt: d
   data: [ 9.9998842518884168e-01, 8.3978604407016248e-04,
       -4.7375360410957922e-03, -7.3733093023318130e-01,
       8.3973375492922390e-04, -9.9999964733870539e-01,
       -1.3026336898855092e-05, 8.9520639722723172e-02,
       -4.7375453096861319e-03, 9.0479171925635013e-06,
       -9.9998877772831718e-01, 2.9759174032372043e-03, 0., 0., 0., 1. ]
mean-rme22: 2.1707049809600726e-03
max-rme22: 8.0737636415964820e-03
Hcamera2end23: !!opencv-matrix
   rows: 4
   cols: 4
   dt: d
   data: [ 9.9999771909254509e-01, -1.9627713035281717e-03,
       -8.4222236807020442e-04, -1.4841879873724265e-02,
       8.5482836962923517e-04, 6.4305880374682101e-03,
       9.9997895818159643e-01, 2.9017272409423228e-02,
       -1.9573140181658342e-03, -9.9997739727770985e-01,
       6.4322512024853618e-03, 3.2888488302908379e-02, 0., 0., 0., 1. ]
Hobj2base23: !!opencv-matrix
   rows: 4
   cols: 4
   dt: d
   data: [ 9.9999244273831667e-01, -5.7968666214171639e-04,
       -3.8442723145163784e-03, -7.3712734785440515e-01,
       -5.8343602737371875e-04, -9.9999935520741734e-01,
       -9.7426236346099594e-04, 8.9588286350416699e-02,
       -3.8437050688605763e-03, 9.7649788767269121e-04,
       -9.9999213616069005e-01, 2.7733106285042853e-03, 0., 0., 0., 1. ]
mean-rme23: 2.3504553644215628e-03
max-rme23: 9.6647729284123629e-03
Hcamera2end24: !!opencv-matrix
   rows: 4
   cols: 4
   dt: d
   data: [ 9.9999773330346220e-01, -2.0837765626907550e-03,
       -4.3733645442993766e-04, -1.4874182278240505e-02,
       4.5089452208661241e-04, 6.5104670651184859e-03,
       9.9997870502962405e-01, 2.9019828473398821e-02,
       -2.0808849241476407e-03, -9.9997663557396721e-01,
       6.5113918713026742e-03, 3.2751161942119612e-02, 0., 0., 0., 1. ]
Hobj2base24: !!opencv-matrix
   rows: 4
   cols: 4
   dt: d
   data: [ 9.9999167379892140e-01, -5.6691411806314483e-04,
       -4.0411559255166089e-03, -7.3699004644994681e-01,
       -5.6927991794059995e-04, -9.9999966725671863e-01,
       -5.8430028901952516e-04, 8.9661451197610639e-02,
       -4.0408233327660914e-03, 5.8659597293149175e-04,
       -9.9999166379123294e-01, 2.8717646919798148e-03, 0., 0., 0., 1. ]
mean-rme24: 2.3841257707309569e-03
max-rme24: 9.6173635653216960e-03
