%YAML:1.0
---
Hcamera2end0: !!opencv-matrix
   rows: 4
   cols: 4
   dt: d
   data: [ 9.9998274562627532e-01, -3.7799148135492840e-05,
       5.8742676956681575e-03, -1.7451504749432564e-02,
       -5.8743886725185924e-03, -6.8994003815516791e-03,
       9.9995894407325514e-01, 2.5762034945232187e-02,
       2.7313285243927600e-06, -9.9997619813953553e-01,
       -6.8995033836067865e-03, 3.3640688500983701e-02, 0., 0., 0., 1. ]
Hobj2base0: !!opencv-matrix
   rows: 4
   cols: 4
   dt: d
   data: [ 9.9998808413193541e-01, -5.0892236014245360e-04,
       4.8551613951165438e-03, -7.3446430643027905e-01,
       -5.2832601975168311e-04, -9.9999187616961627e-01,
       3.9960563544870296e-03, 8.8657695460789401e-02,
       4.8530882701776946e-03, -3.9985738461018640e-03,
       -9.9998022927527908e-01, 2.5965437695916562e-03, 0., 0., 0., 1. ]
mean-rme0: 1.8188652472166751e-03
max-rme0: 5.3882384627919333e-03
Hcamera2end1: !!opencv-matrix
   rows: 4
   cols: 4
   dt: d
   data: [ 9.9998787778691589e-01, 1.8032554297108556e-03,
       4.5817626603061549e-03, -1.7250417527217381e-02,
       -4.5707669272787525e-03, -6.0553144660446812e-03,
       9.9997122021406892e-01, 2.6565904307990735e-02,
       1.8309475461225442e-03, -9.9998004051909595e-01,
       -6.0469988019529186e-03, 3.2606224451340884e-02, 0., 0., 0., 1. ]
Hobj2base1: !!opencv-matrix
   rows: 4
   cols: 4
   dt: d
   data: [ 9.9999154819386249e-01, 8.1150447007125037e-04,
       4.0305088186412636e-03, -7.3356707403623922e-01,
       7.9969138993517090e-04, -9.9999538291321866e-01,
       2.9316626554606929e-03, 8.8003812950507118e-02,
       4.0328692667819235e-03, -2.9284147144169434e-03,
       -9.9998758009924149e-01, 2.1077943593527737e-03, 0., 0., 0., 1. ]
mean-rme1: 1.8194612520457140e-03
max-rme1: 5.7052949453381963e-03
Hcamera2end2: !!opencv-matrix
   rows: 4
   cols: 4
   dt: d
   data: [ 9.9997568949011739e-01, 5.6452289899102774e-03,
       4.0928985347477194e-03, -1.7196420254532836e-02,
       -4.0771657319523449e-03, -2.7956187081870087e-03,
       9.9998778054315851e-01, 2.6693368064000387e-02,
       5.6566021919927274e-03, -9.9998015775598748e-01,
       -2.7725342110840323e-03, 3.2479383565926626e-02, 0., 0., 0., 1. ]
Hobj2base2: !!opencv-matrix
   rows: 4
   cols: 4
   dt: d
   data: [ 9.9999312399243601e-01, 3.6620442918238686e-03,
       5.8429397852269055e-04, -7.3457209163527004e-01,
       3.6602642626403815e-03, -9.9998874402108573e-01,
       3.0189893439804389e-03, 8.7545115941876500e-02,
       5.9534307441618916e-04, -3.0168299150184117e-03,
       -9.9999527214076744e-01, 2.7046876881803295e-03, 0., 0., 0., 1. ]
mean-rme2: 1.9529772278900066e-03
max-rme2: 6.3359308587667418e-03
Hcamera2end3: !!opencv-matrix
   rows: 4
   cols: 4
   dt: d
   data: [ 9.9994448425151194e-01, 1.0398281245523673e-02,
       1.7041602379665897e-03, -1.7175877289298945e-02,
       -1.7123310629798359e-03, 7.7693382083765528e-04,
       9.9999823214652184e-01, 2.7181358849806981e-02,
       1.0396938843161001e-02, -9.9994563458268926e-01,
       7.9469598875336889e-04, 3.1899964993967474e-02, 0., 0., 0., 1. ]
Hobj2base3: !!opencv-matrix
   rows: 4
   cols: 4
   dt: d
   data: [ 9.9997034796908313e-01, 7.5294879128301219e-03,
       -1.6155476969995643e-03, -7.3519203301563119e-01,
       7.5346031786612672e-03, -9.9996654570643462e-01,
       3.1839005764614072e-03, 8.6378459003975921e-02,
       -1.5915205090865213e-03, -3.1959786781561696e-03,
       -9.9999362637106715e-01, 2.8933774227057154e-03, 0., 0., 0., 1. ]
mean-rme3: 2.5179607069926663e-03
max-rme3: 7.7355348710715366e-03
Hcamera2end4: !!opencv-matrix
   rows: 4
   cols: 4
   dt: d
   data: [ 9.9999839964914217e-01, 6.8271480402503130e-04,
       1.6536624960494088e-03, -1.7869412840010934e-02,
       -1.6575400265765076e-03, 5.7186241897383416e-03,
       9.9998227479212676e-01, 2.7796934536860159e-02,
       6.7324602841164084e-04, -9.9998341548141312e-01,
       5.7197466650475981e-03, 3.1369690663596406e-02, 0., 0., 0., 1. ]
Hobj2base4: !!opencv-matrix
   rows: 4
   cols: 4
   dt: d
   data: [ 9.9998423298018302e-01, -6.8121617383681939e-06,
       -5.6154914860146688e-03, -7.3496581176430276e-01,
       -3.1161572306880660e-06, -9.9999978338904150e-01,
       6.5818854392514677e-04, 8.7069735798299047e-02,
       -5.6154947533244926e-03, -6.5816066749893338e-04,
       -9.9998401639386758e-01, 3.1501416560255125e-03, 0., 0., 0., 1. ]
mean-rme4: 3.0044719670870856e-03
max-rme4: 8.6566419869779920e-03
Hcamera2end5: !!opencv-matrix
   rows: 4
   cols: 4
   dt: d
   data: [ 9.9999626239448758e-01, 1.2266843787930022e-03,
       2.4434488924365005e-03, -1.7783672070530655e-02,
       -2.4510845994194057e-03, 6.2622441682910202e-03,
       9.9997738798547964e-01, 2.7798201756040274e-02,
       1.2113551674108405e-03, -9.9997963956443181e-01,
       6.2652274696818333e-03, 3.1373682482523146e-02, 0., 0., 0., 1. ]
Hobj2base5: !!opencv-matrix
   rows: 4
   cols: 4
   dt: d
   data: [ 9.9998269004176510e-01, 2.4692761570611313e-04,
       -5.8786600163462481e-03, -7.3514664077400826e-01,
       2.5258648274907819e-04, -9.9999950548493577e-01,
       9.6188874253664018e-04, 8.7229391855821251e-02,
       -5.8784195923665423e-03, -9.6335696233948681e-04,
       -9.9998225790583883e-01, 3.2602071570122615e-03, 0., 0., 0., 1. ]
mean-rme5: 2.8568115082553756e-03
max-rme5: 9.1174182593407871e-03
Hcamera2end6: !!opencv-matrix
   rows: 4
   cols: 4
   dt: d
   data: [ 9.9999398419565999e-01, 2.3720392430002365e-03,
       2.5308106052687983e-03, -1.6962994787868741e-02,
       -2.5463399623080465e-03, 6.5668445045995449e-03,
       9.9997519604540608e-01, 2.7465229023194742e-02,
       2.3553609673311682e-03, -9.9997562469446299e-01,
       6.5728450180645437e-03, 3.1044210301726063e-02, 0., 0., 0., 1. ]
Hobj2base6: !!opencv-matrix
   rows: 4
   cols: 4
   dt: d
   data: [ 9.9998235727528217e-01, 2.0395890894716329e-03,
       -5.5789976264505100e-03, -7.3536395799428567e-01,
       2.0501215511942927e-03, -9.9999612600628196e-01,
       1.8828101481909918e-03, 8.7841113245800753e-02,
       -5.5751358544129537e-03, -1.8942145535578994e-03,
       -9.9998266475545972e-01, 3.6595260454929343e-03, 0., 0., 0., 1. ]
mean-rme6: 2.7664634627088190e-03
max-rme6: 9.1199706368544076e-03
Hcamera2end7: !!opencv-matrix
   rows: 4
   cols: 4
   dt: d
   data: [ 9.9998012058255348e-01, 4.8427146168298222e-03,
       4.0381375461556786e-03, -1.7099392826880732e-02,
       -4.0610395688642298e-03, 4.7286987406757186e-03,
       9.9998057349422542e-01, 2.7294112836018406e-02,
       4.8235254038771734e-03, -9.9997709349932606e-01,
       4.7482711925791454e-03, 3.0788767331696412e-02, 0., 0., 0., 1. ]
Hobj2base7: !!opencv-matrix
   rows: 4
   cols: 4
   dt: d
   data: [ 9.9998784449240219e-01, 3.2887150251127884e-03,
       -3.6735842065934391e-03, -7.3461430657748228e-01,
       3.3030355744342334e-03, -9.9998694375757236e-01,
       3.8990088977301630e-03, 8.7954899499332759e-02,
       -3.6607135142424441e-03, -3.9110954826179403e-03,
       -9.9998565115140181e-01, 3.7193176862411106e-03, 0., 0., 0., 1. ]
mean-rme7: 2.8152805706858214e-03
max-rme7: 9.4931494627929769e-03
Hcamera2end8: !!opencv-matrix
   rows: 4
   cols: 4
   dt: d
   data: [ 9.9999244190017300e-01, 3.5188496773937289e-03,
       1.6534326345380894e-03, -1.6979386214969732e-02,
       -1.6720308891990639e-03, 5.2889598140479777e-03,
       9.9998461549005391e-01, 2.7611320513450416e-02,
       3.5100506028565605e-03, -9.9997982209694281e-01,
       5.2948034649168418e-03, 3.1047830165388441e-02, 0., 0., 0., 1. ]
