%YAML:1.0
---
Hcamera2end0: !!opencv-matrix
   rows: 4
   cols: 4
   dt: d
   data: [ 9.9998274562627532e-01, -3.7799148135492840e-05,
       5.8742676956681575e-03, -1.7451504749432564e-02,
       -5.8743886725185924e-03, -6.8994003815516791e-03,
       9.9995894407325514e-01, 2.5762034945232187e-02,
       2.7313285243927600e-06, -9.9997619813953553e-01,
       -6.8995033836067865e-03, 3.3640688500983701e-02, 0., 0., 0., 1. ]
Hobj2base0: !!opencv-matrix
   rows: 4
   cols: 4
   dt: d
   data: [ 9.9998808413193541e-01, -5.0892236014245360e-04,
       4.8551613951165438e-03, -7.3446430643027905e-01,
       -5.2832601975168311e-04, -9.9999187616961627e-01,
       3.9960563544870296e-03, 8.8657695460789401e-02,
       4.8530882701776946e-03, -3.9985738461018640e-03,
       -9.9998022927527908e-01, 2.5965437695916562e-03, 0., 0., 0., 1. ]
mean-rme0: 1.8188652472166751e-03
max-rme0: 5.3882384627919333e-03
Hcamera2end1: !!opencv-matrix
   rows: 4
   cols: 4
   dt: d
   data: [ 9.9998787778691589e-01, 1.8032554297108556e-03,
       4.5817626603061549e-03, -1.7250417527217381e-02,
       -4.5707669272787525e-03, -6.0553144660446812e-03,
       9.9997122021406892e-01, 2.6565904307990735e-02,
       1.8309475461225442e-03, -9.9998004051909595e-01,
       -6.0469988019529186e-03, 3.2606224451340884e-02, 0., 0., 0., 1. ]
Hobj2base1: !!opencv-matrix
   rows: 4
   cols: 4
   dt: d
   data: [ 9.9999154819386249e-01, 8.1150447007125037e-04,
       4.0305088186412636e-03, -7.3356707403623922e-01,
       7.9969138993517090e-04, -9.9999538291321866e-01,
       2.9316626554606929e-03, 8.8003812950507118e-02,
       4.0328692667819235e-03, -2.9284147144169434e-03,
       -9.9998758009924149e-01, 2.1077943593527737e-03, 0., 0., 0., 1. ]
mean-rme1: 1.8194612520457140e-03
max-rme1: 5.7052949453381963e-03
Hcamera2end2: !!opencv-matrix
   rows: 4
   cols: 4
   dt: d
   data: [ 9.9997568949011739e-01, 5.6452289899102774e-03,
       4.0928985347477194e-03, -1.7196420254532836e-02,
       -4.0771657319523449e-03, -2.7956187081870087e-03,
       9.9998778054315851e-01, 2.6693368064000387e-02,
       5.6566021919927274e-03, -9.9998015775598748e-01,
       -2.7725342110840323e-03, 3.2479383565926626e-02, 0., 0., 0., 1. ]
Hobj2base2: !!opencv-matrix
   rows: 4
   cols: 4
   dt: d
   data: [ 9.9999312399243601e-01, 3.6620442918238686e-03,
       5.8429397852269055e-04, -7.3457209163527004e-01,
       3.6602642626403815e-03, -9.9998874402108573e-01,
       3.0189893439804389e-03, 8.7545115941876500e-02,
       5.9534307441618916e-04, -3.0168299150184117e-03,
       -9.9999527214076744e-01, 2.7046876881803295e-03, 0., 0., 0., 1. ]
mean-rme2: 1.9529772278900066e-03
max-rme2: 6.3359308587667418e-03
Hcamera2end3: !!opencv-matrix
   rows: 4
   cols: 4
   dt: d
   data: [ 9.9994448425151194e-01, 1.0398281245523673e-02,
       1.7041602379665897e-03, -1.7175877289298945e-02,
       -1.7123310629798359e-03, 7.7693382083765528e-04,
       9.9999823214652184e-01, 2.7181358849806981e-02,
       1.0396938843161001e-02, -9.9994563458268926e-01,
       7.9469598875336889e-04, 3.1899964993967474e-02, 0., 0., 0., 1. ]
Hobj2base3: !!opencv-matrix
   rows: 4
   cols: 4
   dt: d
   data: [ 9.9997034796908313e-01, 7.5294879128301219e-03,
       -1.6155476969995643e-03, -7.3519203301563119e-01,
       7.5346031786612672e-03, -9.9996654570643462e-01,
       3.1839005764614072e-03, 8.6378459003975921e-02,
       -1.5915205090865213e-03, -3.1959786781561696e-03,
       -9.9999362637106715e-01, 2.8933774227057154e-03, 0., 0., 0., 1. ]
mean-rme3: 2.5179607069926663e-03
max-rme3: 7.7355348710715366e-03
Hcamera2end4: !!opencv-matrix
   rows: 4
   cols: 4
   dt: d
   data: [ 9.9999839964914217e-01, 6.8271480402503130e-04,
       1.6536624960494088e-03, -1.7869412840010934e-02,
       -1.6575400265765076e-03, 5.7186241897383416e-03,
       9.9998227479212676e-01, 2.7796934536860159e-02,
       6.7324602841164084e-04, -9.9998341548141312e-01,
       5.7197466650475981e-03, 3.1369690663596406e-02, 0., 0., 0., 1. ]
Hobj2base4: !!opencv-matrix
   rows: 4
   cols: 4
   dt: d
   data: [ 9.9998423298018302e-01, -6.8121617383681939e-06,
       -5.6154914860146688e-03, -7.3496581176430276e-01,
       -3.1161572306880660e-06, -9.9999978338904150e-01,
       6.5818854392514677e-04, 8.7069735798299047e-02,
       -5.6154947533244926e-03, -6.5816066749893338e-04,
       -9.9998401639386758e-01, 3.1501416560255125e-03, 0., 0., 0., 1. ]
mean-rme4: 3.0044719670870856e-03
max-rme4: 8.6566419869779920e-03
Hcamera2end5: !!opencv-matrix
   rows: 4
   cols: 4
   dt: d
   data: [ 9.9999626239448758e-01, 1.2266843787930022e-03,
       2.4434488924365005e-03, -1.7783672070530655e-02,
       -2.4510845994194057e-03, 6.2622441682910202e-03,
       9.9997738798547964e-01, 2.7798201756040274e-02,
       1.2113551674108405e-03, -9.9997963956443181e-01,
       6.2652274696818333e-03, 3.1373682482523146e-02, 0., 0., 0., 1. ]
Hobj2base5: !!opencv-matrix
   rows: 4
   cols: 4
   dt: d
   data: [ 9.9998269004176510e-01, 2.4692761570611313e-04,
       -5.8786600163462481e-03, -7.3514664077400826e-01,
       2.5258648274907819e-04, -9.9999950548493577e-01,
       9.6188874253664018e-04, 8.7229391855821251e-02,
       -5.8784195923665423e-03, -9.6335696233948681e-04,
       -9.9998225790583883e-01, 3.2602071570122615e-03, 0., 0., 0., 1. ]
mean-rme5: 2.8568115082553756e-03
max-rme5: 9.1174182593407871e-03
Hcamera2end6: !!opencv-matrix
   rows: 4
   cols: 4
   dt: d
   data: [ 9.9999398419565999e-01, 2.3720392430002365e-03,
       2.5308106052687983e-03, -1.6962994787868741e-02,
       -2.5463399623080465e-03, 6.5668445045995449e-03,
       9.9997519604540608e-01, 2.7465229023194742e-02,
       2.3553609673311682e-03, -9.9997562469446299e-01,
       6.5728450180645437e-03, 3.1044210301726063e-02, 0., 0., 0., 1. ]
Hobj2base6: !!opencv-matrix
   rows: 4
   cols: 4
   dt: d
   data: [ 9.9998235727528217e-01, 2.0395890894716329e-03,
       -5.5789976264505100e-03, -7.3536395799428567e-01,
       2.0501215511942927e-03, -9.9999612600628196e-01,
       1.8828101481909918e-03, 8.7841113245800753e-02,
       -5.5751358544129537e-03, -1.8942145535578994e-03,
       -9.9998266475545972e-01, 3.6595260454929343e-03, 0., 0., 0., 1. ]
mean-rme6: 2.7664634627088190e-03
max-rme6: 9.1199706368544076e-03
Hcamera2end7: !!opencv-matrix
   rows: 4
   cols: 4
   dt: d
   data: [ 9.9998012058255348e-01, 4.8427146168298222e-03,
       4.0381375461556786e-03, -1.7099392826880732e-02,
       -4.0610395688642298e-03, 4.7286987406757186e-03,
       9.9998057349422542e-01, 2.7294112836018406e-02,
       4.8235254038771734e-03, -9.9997709349932606e-01,
       4.7482711925791454e-03, 3.0788767331696412e-02, 0., 0., 0., 1. ]
Hobj2base7: !!opencv-matrix
   rows: 4
   cols: 4
   dt: d
   data: [ 9.9998784449240219e-01, 3.2887150251127884e-03,
       -3.6735842065934391e-03, -7.3461430657748228e-01,
       3.3030355744342334e-03, -9.9998694375757236e-01,
       3.8990088977301630e-03, 8.7954899499332759e-02,
       -3.6607135142424441e-03, -3.9110954826179403e-03,
       -9.9998565115140181e-01, 3.7193176862411106e-03, 0., 0., 0., 1. ]
mean-rme7: 2.8152805706858214e-03
max-rme7: 9.4931494627929769e-03
Hcamera2end8: !!opencv-matrix
   rows: 4
   cols: 4
   dt: d
   data: [ 9.9999244190017300e-01, 3.5188496773937289e-03,
       1.6534326345380894e-03, -1.6979386214969732e-02,
       -1.6720308891990639e-03, 5.2889598140479777e-03,
       9.9998461549005391e-01, 2.7611320513450416e-02,
       3.5100506028565605e-03, -9.9997982209694281e-01,
       5.2948034649168418e-03, 3.1047830165388441e-02, 0., 0., 0., 1. ]
Hobj2base8: !!opencv-matrix
   rows: 4
   cols: 4
   dt: d
   data: [ 9.9998899492329874e-01, 2.2251386274132665e-03,
       -4.1302288531691678e-03, -7.3501991305332726e-01,
       2.2330301852733210e-03, -9.9999568834773789e-01,
       1.9070558788870746e-03, 8.7802862470295256e-02,
       -4.1259675813578442e-03, -1.9162578172920676e-03,
       -9.9998965212020829e-01, 3.2098300272212143e-03, 0., 0., 0., 1. ]
mean-rme8: 3.0852019857600930e-03
max-rme8: 1.1110364088191133e-02
Hcamera2end9: !!opencv-matrix
   rows: 4
   cols: 4
   dt: d
   data: [ 9.9999367030955022e-01, 2.8491559720946924e-03,
       2.1311149854775649e-03, -1.7150469573454022e-02,
       -2.1467608622890836e-03, 5.4996739239538961e-03,
       9.9998257235040366e-01, 2.7911680361327691e-02,
       2.8373858804881871e-03, -9.9998081776450931e-01,
       5.5057555692518134e-03, 3.0654061475228082e-02, 0., 0., 0., 1. ]
Hobj2base9: !!opencv-matrix
   rows: 4
   cols: 4
   dt: d
   data: [ 9.9998873291873147e-01, 1.7341958166089302e-03,
       -4.4188913156518522e-03, -7.3456714621094299e-01,
       1.7465036153218624e-03, -9.9999460248832106e-01,
       2.7829335863903694e-03, 8.8164359584167393e-02,
       -4.4140413128509496e-03, -2.7906198405099870e-03,
       -9.9998636424713006e-01, 3.1514947873451807e-03, 0., 0., 0., 1. ]
mean-rme9: 3.0737205856768961e-03
max-rme9: 1.1157833407932721e-02
Hcamera2end10: !!opencv-matrix
   rows: 4
   cols: 4
   dt: d
   data: [ 9.9999390367429364e-01, 2.9513431879585957e-03,
       1.8660620660582658e-03, -1.7494948644667420e-02,
       -1.8813948092390857e-03, 5.2009589842536563e-03,
       9.9998470507264059e-01, 2.8723757505169110e-02,
       2.9415927351112824e-03, -9.9998211963966199e-01,
       5.2064799192678146e-03, 3.0832431865830835e-02, 0., 0., 0., 1. ]
Hobj2base10: !!opencv-matrix
   rows: 4
   cols: 4
   dt: d
   data: [ 9.9998834394469738e-01, 2.1565923508677729e-03,
       -4.3198477026220750e-03, -7.3499205589168259e-01,
       2.1677911935313069e-03, -9.9999429779318816e-01,
       2.5894135337921715e-03, 8.7467268199315856e-02,
       -4.3142387605368711e-03, -2.5987478792519605e-03,
       -9.9998731684625697e-01, 2.4076052805765621e-03, 0., 0., 0., 1. ]
mean-rme10: 3.0188861280477752e-03
max-rme10: 1.1262409952011804e-02
Hcamera2end11: !!opencv-matrix
   rows: 4
   cols: 4
   dt: d
   data: [ 9.9999184878797176e-01, 3.5277638299022760e-03,
       1.9639857368506175e-03, -1.6770069131650262e-02,
       -1.9832147276490405e-03, 5.4555565129499328e-03,
       9.9998315173930696e-01, 2.8927406219088972e-02,
       3.5169897580395902e-03, -9.9997889567005083e-01,
       5.4625083567352295e-03, 3.0604747410334972e-02, 0., 0., 0., 1. ]
Hobj2base11: !!opencv-matrix
   rows: 4
   cols: 4
   dt: d
   data: [ 9.9998692420255852e-01, 2.7615567946722790e-03,
       -4.3040943270769346e-03, -7.3520698070964574e-01,
       2.7754365176628861e-03, -9.9999095733514465e-01,
       3.2221421566480200e-03, 8.8141430204356719e-02,
       -4.2951572780283373e-03, -3.2340457651406865e-03,
       -9.9998554618151658e-01, 2.3048772996035372e-03, 0., 0., 0., 1. ]
mean-rme11: 2.9438079787502238e-03
max-rme11: 1.1247975415403344e-02
Hcamera2end12: !!opencv-matrix
   rows: 4
   cols: 4
   dt: d
   data: [ 9.9999176093126241e-01, 3.5486657467737460e-03,
       1.9710507376917105e-03, -1.6679048640230683e-02,
       -1.9886970364253781e-03, 4.9760149808378840e-03,
       9.9998564207642915e-01, 2.9488691779390026e-02,
       3.5388068173034287e-03, -9.9998132294874809e-01,
       4.9830312041623248e-03, 3.0765335232522485e-02, 0., 0., 0., 1. ]
Hobj2base12: !!opencv-matrix
   rows: 4
   cols: 4
   dt: d
   data: [ 9.9998901263093853e-01, 2.6611290042862401e-03,
       -3.8591462557324057e-03, -7.3529003114901914e-01,
       2.6735948913113703e-03, -9.9999121376597500e-01,
       3.2286655461769196e-03, 8.8218591312832315e-02,
       -3.8505204528401955e-03, -3.2389478653511374e-03,
       -9.9998734127436206e-01, 1.6129420902332775e-03, 0., 0., 0., 1. ]
mean-rme12: 2.8602324048938020e-03
max-rme12: 1.1259106402231323e-02
Hcamera2end13: !!opencv-matrix
   rows: 4
   cols: 4
   dt: d
   data: [ 9.9999244948386279e-01, 3.3654306543715604e-03,
       1.9428977777222463e-03, -1.6271925499974017e-02,
       -1.9598973505232003e-03, 5.0553211939560194e-03,
       9.9998530115697282e-01, 2.9200742009620934e-02,
       3.3555592141212430e-03, -9.9998155863202642e-01,
       5.0618789222945937e-03, 3.0801000811116253e-02, 0., 0., 0., 1. ]
Hobj2base13: !!opencv-matrix
   rows: 4
   cols: 4
   dt: d
   data: [ 9.9998911002356039e-01, 2.6803996906112058e-03,
       -3.8203784872912422e-03, -7.3521959637803824e-01,
       2.6923374359228325e-03, -9.9999149891988282e-01,
       3.1230445236217616e-03, 8.8629912632088775e-02,
       -3.8119750023727639e-03, -3.1332962617612080e-03,
       -9.9998782557645005e-01, 1.9027204026872558e-03, 0., 0., 0., 1. ]
mean-rme13: 2.7784137969554079e-03
max-rme13: 1.1282741093240900e-02
Hcamera2end14: !!opencv-matrix
   rows: 4
   cols: 4
   dt: d
   data: [ 9.9999246930832808e-01, 3.3613658371110778e-03,
       1.9397284195618934e-03, -1.5963259033490725e-02,
       -1.9564065423817866e-03, 4.9655457063363384e-03,
       9.9998575781321952e-01, 2.9247416556803567e-02,
       3.3516861537857749e-03, -9.9998202212617160e-01,
       4.9720845104577194e-03, 3.0840882477472808e-02, 0., 0., 0., 1. ]
Hobj2base14: !!opencv-matrix
   rows: 4
   cols: 4
   dt: d
   data: [ 9.9998985627548242e-01, 2.9182814170863117e-03,
       -3.4308861407458201e-03, -7.3525699569197056e-01,
       2.9283081388704005e-03, -9.9999144604019419e-01,
       2.9211055930849937e-03, 8.8907258637480585e-02,
       -3.4223321849140256e-03, -2.9311226540040545e-03,
       -9.9998984802967072e-01, 1.7750493855940770e-03, 0., 0., 0., 1. ]
mean-rme14: 2.6728656747135836e-03
max-rme14: 1.1317456235894030e-02
Hcamera2end15: !!opencv-matrix
   rows: 4
   cols: 4
   dt: d
   data: [ 9.9999497031298523e-01, 2.8170995517805479e-03,
       1.4571543663032811e-03, -1.5790582569903403e-02,
       -1.4700679237823846e-03, 4.5873672617495753e-03,
       9.9998839741364265e-01, 2.9279731333963402e-02,
       2.8103823639044263e-03, -9.9998550990087909e-01,
       4.5914855164171930e-03, 3.0573147794806795e-02, 0., 0., 0., 1. ]
Hobj2base15: !!opencv-matrix
   rows: 4
   cols: 4
   dt: d
   data: [ 9.9999170451987285e-01, 2.3547179463723929e-03,
       -3.3235816271493315e-03, -7.3481148930396867e-01,
       2.3615662659336231e-03, -9.9999509359071803e-01,
       2.0581057463175162e-03, 8.8891178675434557e-02,
       -3.3187190617611998e-03, -2.0659375315949511e-03,
       -9.9999235897375982e-01, 1.6725949421077233e-03, 0., 0., 0., 1. ]
mean-rme15: 2.6286910158689761e-03
max-rme15: 1.1233169959743106e-02
Hcamera2end16: !!opencv-matrix
   rows: 4
   cols: 4
   dt: d
   data: [ 9.9999834339983462e-01, 1.4207781102047402e-03,
       1.1377992564279148e-03, -1.5948869651476065e-02,
       -1.1431518833987071e-03, 3.7722795357536532e-03,
       9.9999223152526340e-01, 2.9381623938406581e-02,
       1.4164749760750656e-03, -9.9999187561533032e-01,
       3.7738974517673718e-03, 3.0740351772764817e-02, 0., 0., 0., 1. ]
Hobj2base16: !!opencv-matrix
   rows: 4
   cols: 4
   dt: d
   data: [ 9.9999476404141485e-01, 8.8602723413109283e-04,
       -3.1123697555712412e-03, -7.3474960629649544e-01,
       8.8991437451616396e-04, -9.9999882556060471e-01,
       1.2477699375529462e-03, 8.9079837596505687e-02,
       -3.1112605421349856e-03, -1.2505331468655216e-03,
       -9.9999437809654079e-01, 1.3590599783123688e-03, 0., 0., 0., 1. ]
mean-rme16: 2.6609845073860407e-03
max-rme16: 1.0975989084468368e-02
Hcamera2end17: !!opencv-matrix
   rows: 4
   cols: 4
   dt: d
   data: [ 9.9999579982985054e-01, 1.4261043678002597e-03,
       2.5232021301582483e-03, -1.6141272287100522e-02,
       -2.5293077929931362e-03, 4.2958938229463728e-03,
       9.9998757387197079e-01, 2.9003140900286231e-02,
       1.4152472383998106e-03, -9.9998975570882420e-01,
       4.2994828363523974e-03, 3.0951558865358088e-02, 0., 0., 0., 1. ]
Hobj2base17: !!opencv-matrix
   rows: 4
   cols: 4
   dt: d
   data: [ 9.9999357601877814e-01, 8.8117343889163220e-04,
       -3.4743998829829801e-03, -7.3516791252260916e-01,
       8.8841786040747743e-04, -9.9999743362977678e-01,
       2.0840939435131842e-03, 8.9172643230142110e-02,
       -3.4725545181593987e-03, -2.0871672742430662e-03,
       -9.9999179251526238e-01, 1.8840954440146860e-03, 0., 0., 0., 1. ]
mean-rme17: 2.7341015168863940e-03
max-rme17: 1.1874501476680288e-02
Hcamera2end18: !!opencv-matrix
   rows: 4
   cols: 4
   dt: d
   data: [ 9.9999563454001994e-01, 1.4572433407116375e-03,
       2.5704751990130643e-03, -1.6176343827701098e-02,
       -2.5764407613506251e-03, 4.1067421093161638e-03,
       9.9998824824207355e-01, 2.8841814692526033e-02,
       1.4466699367999178e-03, -9.9999050551047419e-01,
       4.1104786826400286e-03, 3.1152402824715531e-02, 0., 0., 0., 1. ]
Hobj2base18: !!opencv-matrix
   rows: 4
   cols: 4
   dt: d
   data: [ 9.9999504422261698e-01, 7.9028995889289186e-04,
       -3.0474533609460138e-03, -7.3507026811365961e-01,
       7.9721593217434974e-04, -9.9999710085470150e-01,
       2.2721639356087036e-03, 8.9178914115431843e-02,
       -3.0456488575926590e-03, -2.2745821536419657e-03,
       -9.9999277512343232e-01, 1.9798935565993442e-03, 0., 0., 0., 1. ]
mean-rme18: 2.6857925085337665e-03
max-rme18: 1.1862747429304404e-02
Hcamera2end19: !!opencv-matrix
   rows: 4
   cols: 4
   dt: d
   data: [ 9.9999616760507481e-01, 1.4129234459960181e-03,
       2.3808449128143346e-03, -1.6129260321423033e-02,
       -2.3867048936908140e-03, 4.1603241246324085e-03,
       9.9998849760531161e-01, 2.8973399513082483e-02,
       1.4030021074650885e-03, -9.9999034762867278e-01,
       4.1636804119302706e-03, 3.1333936939005477e-02, 0., 0., 0., 1. ]
Hobj2base19: !!opencv-matrix
   rows: 4
   cols: 4
   dt: d
   data: [ 9.9999417517774147e-01, 9.5508778842703858e-04,
       -3.2767999488724827e-03, -7.3533601362581069e-01,
       9.6130015807570379e-04, -9.9999774278860309e-01,
       1.8948138971024793e-03, 8.9057290571233669e-02,
       -3.2749828388278284e-03, -1.8979528484571494e-03,
       -9.9999283610553458e-01, 1.9909402873396955e-03, 0., 0., 0., 1. ]
mean-rme19: 2.6299008193208942e-03
max-rme19: 1.1884867198302257e-02
Hcamera2end20: !!opencv-matrix
   rows: 4
   cols: 4
   dt: d
   data: [ 9.9999572366722045e-01, 1.4834240550236156e-03,
       2.5203373474874157e-03, -1.6169684183943316e-02,
       -2.5265971007744298e-03, 4.2331626030455149e-03,
       9.9998784824690090e-01, 2.8952144143660020e-02,
       1.4727370310143142e-03, -9.9998993984312134e-01,
       4.2368925155501502e-03, 3.1398322810132009e-02, 0., 0., 0., 1. ]
Hobj2base20: !!opencv-matrix
   rows: 4
   cols: 4
   dt: d
   data: [ 9.9999384448722317e-01, 9.5442194858971448e-04,
       -3.3763984372973729e-03, -7.3542971014855574e-01,
       9.6083285439911451e-04, -9.9999773790031887e-01,
       1.8976286439707944e-03, 8.9074416233239681e-02,
       -3.3745796611194673e-03, -1.9008611176415278e-03,
       -9.9999249944143176e-01, 2.0231734194635686e-03, 0., 0., 0., 1. ]
mean-rme20: 2.5449005094670078e-03
max-rme20: 1.1927305780807418e-02
Hcamera2end21: !!opencv-matrix
   rows: 4
   cols: 4
   dt: d
   data: [ 9.9999419524806943e-01, 1.4441280605517310e-03,
       3.0860920774763807e-03, -1.6183689189543819e-02,
       -3.0928112462935485e-03, 4.6738820934419945e-03,
       9.9998429454905502e-01, 2.8959675077679412e-02,
       1.4296813493696883e-03, -9.9998803458857510e-01,
       4.6783213782226607e-03, 3.0967325831645978e-02, 0., 0., 0., 1. ]
Hobj2base21: !!opencv-matrix
   rows: 4
   cols: 4
   dt: d
   data: [ 9.9999292178654919e-01, 8.2252590679200450e-04,
       -3.6714885173582718e-03, -7.3512624454816167e-01,
       8.3089529609699231e-04, -9.9999705874753775e-01,
       2.2786200385817110e-03, 8.9270827657451715e-02,
       -3.6696034945701617e-03, -2.2816545325614517e-03,
       -9.9999066398781267e-01, 2.2238318956187223e-03, 0., 0., 0., 1. ]
mean-rme21: 2.5499388853233145e-03
max-rme21: 1.2205229689269265e-02
Hcamera2end22: !!opencv-matrix
   rows: 4
   cols: 4
   dt: d
   data: [ 9.9999237118350714e-01, 2.6688478956046822e-03,
       2.8521615832453433e-03, -1.6129596802407935e-02,
       -2.8624431855752328e-03, 3.8565932269128966e-03,
       9.9998846648733464e-01, 2.8743160079856837e-02,
       2.6578174873696722e-03, -9.9998900190931694e-01,
       3.8642032311430041e-03, 3.1342289836199924e-02, 0., 0., 0., 1. ]
Hobj2base22: !!opencv-matrix
   rows: 4
   cols: 4
   dt: d
   data: [ 9.9999465757087291e-01, 1.6001683723183813e-03,
       -2.8503141744082570e-03, -7.3524344767264005e-01,
       1.6073138712286274e-03, -9.9999556726042349e-01,
       2.5063921527037122e-03, 8.8989814402652925e-02,
       -2.8462908902564276e-03, -2.5109601119911572e-03,
       -9.9999279682779929e-01, 2.2213687161921842e-03, 0., 0., 0., 1. ]
mean-rme22: 2.5513899911842634e-03
max-rme22: 1.2015590993076808e-02
Hcamera2end23: !!opencv-matrix
   rows: 4
   cols: 4
   dt: d
   data: [ 9.9999470906947441e-01, 2.1136244567251175e-03,
       2.4727362805401346e-03, -1.6109702283759717e-02,
       -2.4815008330716986e-03, 4.1541783067134963e-03,
       9.9998829240957177e-01, 2.8904388981625780e-02,
       2.1033275238608166e-03, -9.9998913763813047e-01,
       4.1594012880947773e-03, 3.1297635103480700e-02, 0., 0., 0., 1. ]
Hobj2base23: !!opencv-matrix
   rows: 4
   cols: 4
   dt: d
   data: [ 9.9999423588653069e-01, 1.2730263136941390e-03,
       -3.1476336696566612e-03, -7.3531498073092316e-01,
       1.2799784547795812e-03, -9.9999674393866012e-01,
       2.2076610322042385e-03, 8.9028362298986308e-02,
       -3.1448130101826444e-03, -2.2116772102762461e-03,
       -9.9999260929021294e-01, 2.0804674778928493e-03, 0., 0., 0., 1. ]
mean-rme23: 2.5665971690240048e-03
max-rme23: 1.1822387446563720e-02
Hcamera2end24: !!opencv-matrix
   rows: 4
   cols: 4
   dt: d
   data: [ 9.9999580326105264e-01, 1.9634541909667744e-03,
       2.1303304724897818e-03, -1.6035292422420987e-02,
       -2.1387095135271270e-03, 4.2753262544086290e-03,
       9.9998857368823724e-01, 2.8878534517815021e-02,
       1.9543238981274539e-03, -9.9998893315529158e-01,
       4.2795075701379526e-03, 3.1384109478742511e-02, 0., 0., 0., 1. ]
Hobj2base24: !!opencv-matrix
   rows: 4
   cols: 4
   dt: d
   data: [ 9.9999315140348322e-01, 1.5028206765795658e-03,
       -3.3821111963298262e-03, -7.3549425084145503e-01,
       1.5100710725168746e-03, -9.9999656529011727e-01,
       2.1422169178567795e-03, 8.8894006242228291e-02,
       -3.3788802118812039e-03, -2.1473094749590708e-03,
       -9.9999198608315409e-01, 2.1051897037393593e-03, 0., 0., 0., 1. ]
mean-rme24: 2.5231536730015167e-03
max-rme24: 1.1786345909078233e-02
