%YAML:1.0
---
Hcamera2end0: !!opencv-matrix
   rows: 4
   cols: 4
   dt: d
   data: [ 9.9998570746204751e-01, 1.1376781452630421e-03,
       -5.2240367596403173e-03, -1.9687092785691033e-02,
       5.2264770808591911e-03, -2.1526973167036445e-03,
       9.9998402478818926e-01, 2.7183237202932944e-02,
       1.1264142006988591e-03, -9.9999703578695698e-01,
       -2.1586125979471404e-03, 3.5336199854888457e-02, 0., 0., 0., 1. ]
Hobj2base0: !!opencv-matrix
   rows: 4
   cols: 4
   dt: d
   data: [ 9.9999295339874161e-01, 2.5409213720682532e-03,
       2.7634889982083139e-03, -7.3693148719945578e-01,
       2.5474450467843448e-03, -9.9999397111936328e-01,
       -2.3597136816923153e-03, 8.2800178738000427e-02,
       2.7574764905372294e-03, 2.3667368900912454e-03,
       -9.9999339741815141e-01, 1.9328523067641084e-03, 0., 0., 0., 1. ]
mean-rme0: 1.1122220567568236e-03
max-rme0: 2.9852122819019056e-03
Hcamera2end1: !!opencv-matrix
   rows: 4
   cols: 4
   dt: d
   data: [ 9.9999696476107236e-01, 1.4368219714029217e-04,
       -2.4596390119092102e-03, -1.5838960607606433e-02,
       2.4601383862916555e-03, -3.5854140314954819e-03,
       9.9999054621798444e-01, 2.7169604462948655e-02,
       1.3486201457440757e-04, -9.9999356206010093e-01,
       -3.5857566269958951e-03, 3.6395252399040290e-02, 0., 0., 0., 1. ]
Hobj2base1: !!opencv-matrix
   rows: 4
   cols: 4
   dt: d
   data: [ 9.9999018694028119e-01, 1.7323593809574339e-03,
       4.0773709809878234e-03, -7.3768145335594604e-01,
       1.7341487354725733e-03, -9.9999840159556230e-01,
       -4.3535558310392079e-04, 8.7639276550099440e-02,
       4.0766102713715108e-03, 4.4242207866431745e-04,
       -9.9999159272035865e-01, 2.2565242814893138e-03, 0., 0., 0., 1. ]
mean-rme1: 1.2403098896810348e-03
max-rme1: 3.5948639559719164e-03
Hcamera2end2: !!opencv-matrix
   rows: 4
   cols: 4
   dt: d
   data: [ 9.9999335200204087e-01, 2.7994991068551879e-03,
       -2.3363981837671252e-03, -1.5573907116934564e-02,
       2.3419696980831448e-03, -1.9885599445268465e-03,
       9.9999528039250285e-01, 2.7675161267721179e-02,
       2.7948398264755103e-03, -9.9999410419966861e-01,
       -1.9951030666625069e-03, 3.5863942357446152e-02, 0., 0., 0., 1. ]
Hobj2base2: !!opencv-matrix
   rows: 4
   cols: 4
   dt: d
   data: [ 9.9999596784020195e-01, 2.1494766289897201e-03,
       1.8558161437226229e-03, -7.3755090172437865e-01,
       2.1519800901036597e-03, -9.9999677587989977e-01,
       -1.3480398721611080e-03, 8.7602738620827625e-02,
       1.8529125801483356e-03, 1.3520281160411130e-03,
       -9.9999736936401140e-01, 2.1882420133076882e-03, 0., 0., 0., 1. ]
mean-rme2: 1.2236376871120726e-03
max-rme2: 3.6284529856477898e-03
Hcamera2end3: !!opencv-matrix
   rows: 4
   cols: 4
   dt: d
   data: [ 9.9999679378887574e-01, 1.4483756963991315e-03,
       -2.0771662935008526e-03, -1.5828798466940932e-02,
       2.0794616627801709e-03, -1.5850877282506115e-03,
       9.9999658166220085e-01, 2.8074649019041373e-02,
       1.4450782545603771e-03, -9.9999769484971102e-01,
       -1.5880944878587933e-03, 3.5500866170848563e-02, 0., 0., 0., 1. ]
Hobj2base3: !!opencv-matrix
   rows: 4
   cols: 4
   dt: d
   data: [ 9.9999859715832895e-01, 9.4003496026323922e-04,
       1.3863677894451942e-03, -7.3712871148407644e-01,
       9.4154727483278082e-04, -9.9999896204221628e-01,
       -1.0905976436445068e-03, 8.7761583703035148e-02,
       1.3853411505413487e-03, 1.0919014445227540e-03,
       -9.9999844428935636e-01, 1.9626045341389095e-03, 0., 0., 0., 1. ]
mean-rme3: 1.1776292511170518e-03
max-rme3: 3.5201823141421396e-03
Hcamera2end4: !!opencv-matrix
   rows: 4
   cols: 4
   dt: d
   data: [ 9.9999642217513196e-01, 1.2512750214855963e-03,
       -2.3643070350304416e-03, -1.6188113899502421e-02,
       2.3693802934486906e-03, -4.0686395719291557e-03,
       9.9998891604310225e-01, 2.9394472480124185e-02,
       1.2416416392442757e-03, -9.9999094020038715e-01,
       -4.0715897614269636e-03, 3.5998082860215150e-02, 0., 0., 0., 1. ]
Hobj2base4: !!opencv-matrix
   rows: 4
   cols: 4
   dt: d
   data: [ 9.9999461087484798e-01, 7.2617465676316534e-04,
       3.2017013647883501e-03, -7.3723782199006760e-01,
       7.2881072547374085e-04, -9.9999939637477087e-01,
       -8.2224389340615457e-04, 8.7387339108982220e-02,
       3.2011023394835601e-03, 8.2457289652532911e-04,
       -9.9999453649675019e-01, 7.0634077635994830e-05, 0., 0., 0., 1. ]
mean-rme4: 1.3098042160122083e-03
max-rme4: 4.2486039059788372e-03
Hcamera2end5: !!opencv-matrix
   rows: 4
   cols: 4
   dt: d
   data: [ 9.9999485061365334e-01, -9.7249673260902834e-04,
       -3.0582668755749194e-03, -1.6000128021652932e-02,
       3.0551528725659967e-03, -3.1875942609447261e-03,
       9.9999025259437047e-01, 2.9673486156501963e-02,
       -9.8223576722992253e-04, -9.9999444673104687e-01,
       -3.1846067206042772e-03, 3.6270388835713138e-02, 0., 0., 0., 1. ]
Hobj2base5: !!opencv-matrix
   rows: 4
   cols: 4
   dt: d
   data: [ 9.9999536488688645e-01, -8.0559877279714510e-04,
       2.9361906205484173e-03, -7.3766536579697584e-01,
       -8.0142581959028727e-04, -9.9999866765488399e-01,
       -1.4221129041729573e-03, 8.7685123000594820e-02,
       2.9373323609395655e-03, 1.4197531735442397e-03,
       -9.9999467817560261e-01, -1.7497729812531273e-04, 0., 0., 0., 1. ]
mean-rme5: 1.4129053537597152e-03
max-rme5: 4.8255021636015305e-03
Hcamera2end6: !!opencv-matrix
   rows: 4
   cols: 4
   dt: d
   data: [ 9.9999279402455821e-01, -4.4861521787403270e-04,
       -3.7697006968372628e-03, -1.7117428624547931e-02,
       3.7682369975193695e-03, -3.2200104889872350e-03,
       9.9998771588574087e-01, 3.0420874364658266e-02,
       -4.6074818281759697e-04, -9.9999471512445348e-01,
       -3.2182967972089749e-03, 3.6038202880094447e-02, 0., 0., 0., 1. ]
Hobj2base6: !!opencv-matrix
   rows: 4
   cols: 4
   dt: d
   data: [ 9.9999463484945239e-01, -3.6653257274191464e-04,
       3.2551384277094281e-03, -7.3738316307629070e-01,
       -3.6267856975403596e-04, -9.9999923272767699e-01,
       -1.1844865182647477e-03, 8.6430007622909380e-02,
       3.2555700830227234e-03, 1.1832995943669425e-03,
       -9.9999400051475518e-01, -1.0650939396467940e-03, 0., 0., 0., 1. ]
mean-rme6: 1.5915166498121679e-03
max-rme6: 5.0486323217286966e-03
Hcamera2end7: !!opencv-matrix
   rows: 4
   cols: 4
   dt: d
   data: [ 9.9999360784750313e-01, -3.8245146489155214e-04,
       -3.5549957821651404e-03, -1.6109061720729078e-02,
       3.5537656401850850e-03, -3.1704481731762435e-03,
       9.9998865943977377e-01, 3.0463675224471281e-02,
       -3.9371805756089522e-04, -9.9999490098162913e-01,
       -3.1690687643128879e-03, 3.6235939138637166e-02, 0., 0., 0., 1. ]
Hobj2base7: !!opencv-matrix
   rows: 4
   cols: 4
   dt: d
   data: [ 9.9999320983815387e-01, -7.1923053519517503e-04,
       3.6142751725764042e-03, -7.3755296476000010e-01,
       -7.1557556999786009e-04, -9.9999923144845138e-01,
       -1.0124495592565260e-03, 8.7590022911543733e-02,
       3.6150005794579857e-03, 1.0098563975434122e-03,
       -9.9999295595562421e-01, -1.0149407548048922e-03, 0., 0., 0., 1. ]
mean-rme7: 1.5724568537781414e-03
max-rme7: 5.6806493253028778e-03
Hcamera2end8: !!opencv-matrix
   rows: 4
   cols: 4
   dt: d
   data: [ 9.9999447562574473e-01, -1.7695091843377901e-03,
       -2.8138150682512015e-03, -1.6777846349724079e-02,
       2.8081604702098226e-03, -3.1899806485518045e-03,
       9.9999096908833873e-01, 3.1087094430894788e-02,
       -1.7784692196729896e-03, -9.9999334640821880e-01,
       -3.1849939601618082e-03, 3.5577667738418320e-02, 0., 0., 0., 1. ]
Hobj2base8: !!opencv-matrix
   rows: 4
   cols: 4
   dt: d
   data: [ 9.9999103379016241e-01, -2.0413480153034613e-03,
       3.7101533071756108e-03, -7.3669284188055961e-01,
       -2.0395436394770121e-03, -9.9999780005245520e-01,
       -4.9005304999748180e-04, 8.7538619378637980e-02,
       3.7111455138539588e-03, 4.8248163649986929e-04,
       -9.9999299728070334e-01, -1.5408779638967957e-03, 0., 0., 0., 1. ]
mean-rme8: 1.6078767413961275e-03
max-rme8: 5.8512794856965256e-03
Hcamera2end9: !!opencv-matrix
   rows: 4
   cols: 4
   dt: d
   data: [ 9.9999116217039719e-01, -3.4349394931305400e-03,
       -2.4242053908133570e-03, -1.6995340029631524e-02,
       2.4142393543141205e-03, -2.9025537554578928e-03,
       9.9999287328962316e-01, 3.1625878970716732e-02,
       -3.4419513997727179e-03, -9.9998988813506251e-01,
       -2.8942353370784435e-03, 3.5684634855647664e-02, 0., 0., 0., 1. ]
Hobj2base9: !!opencv-matrix
   rows: 4
   cols: 4
   dt: d
   data: [ 9.9998522020530523e-01, -3.6003775349959539e-03,
       4.0738989374571018e-03, -7.3679384744428378e-01,
       -3.5971686661492421e-03, -9.9999321437690658e-01,
       -7.9471864811496364e-04, 8.7669577323197592e-02,
       4.0767325806817063e-03, 7.8005240072962509e-04,
       -9.9999138584775715e-01, -2.1770437732758587e-03, 0., 0., 0., 1. ]
mean-rme9: 1.7603150712579641e-03
max-rme9: 5.9978470413238893e-03
Hcamera2end10: !!opencv-matrix
   rows: 4
   cols: 4
   dt: d
   data: [ 9.9999215253712970e-01, -3.2758808830387815e-03,
       -2.2278843322834094e-03, -1.6200811357912594e-02,
       2.2198760896521672e-03, -2.4462146663390971e-03,
       9.9999454407709276e-01, 3.1347685705171734e-02,
       -3.2813128934137698e-03, -9.9999164228419746e-01,
       -2.4389234201154242e-03, 3.5741200989867779e-02, 0., 0., 0., 1. ]
Hobj2base10: !!opencv-matrix
   rows: 4
   cols: 4
   dt: d
   data: [ 9.9998445359557631e-01, -3.7054708882067488e-03,
       4.1667796501992623e-03, -7.3690629938700580e-01,
       -3.7027780164737459e-03, -9.9999293096496400e-01,
       -6.5380047487632431e-04, 8.8544141974242374e-02,
       4.1691728337142795e-03, 6.3836165054148152e-04,
       -9.9999110520658396e-01, -1.7495800564999303e-03, 0., 0., 0., 1. ]
mean-rme10: 1.7565507260234241e-03
max-rme10: 6.5050822493811777e-03
Hcamera2end11: !!opencv-matrix
   rows: 4
   cols: 4
   dt: d
   data: [ 9.9998938736395238e-01, -4.0048817712420200e-03,
       -2.2772969647163206e-03, -1.6293595839069433e-02,
       2.2679433872159547e-03, -2.3385366056207779e-03,
       9.9999469382559036e-01, 3.1510394630192513e-02,
       -4.0101860629547115e-03, -9.9998924602644723e-01,
       -2.3294289424533599e-03, 3.5605436601868309e-02, 0., 0., 0., 1. ]
Hobj2base11: !!opencv-matrix
   rows: 4
   cols: 4
   dt: d
   data: [ 9.9998346479859956e-01, -4.1414181543390476e-03,
       3.9898352170195158e-03, -7.3674998054719232e-01,
       -4.1378046242253937e-03, -9.9999102199279344e-01,
       -9.1351338242994786e-04, 8.8589389527653412e-02,
       3.9935826371564117e-03, 8.9698911869130673e-04,
       -9.9999162331903602e-01, -1.8809100327619570e-03, 0., 0., 0., 1. ]
mean-rme11: 1.7360447788947119e-03
max-rme11: 6.5765092581130391e-03
Hcamera2end12: !!opencv-matrix
   rows: 4
   cols: 4
   dt: d
   data: [ 9.9998533143236490e-01, -4.6164250387351908e-03,
       -2.8329383976796480e-03, -1.6151581782943947e-02,
       2.8231292332269414e-03, -2.1299728727046663e-03,
       9.9999374655889428e-01, 3.1456841926159794e-02,
       -4.6224302521301937e-03, -9.9998707583419455e-01,
       -2.1169088645736078e-03, 3.5491888096895872e-02, 0., 0., 0., 1. ]
Hobj2base12: !!opencv-matrix
   rows: 4
   cols: 4
   dt: d
   data: [ 9.9998069462781647e-01, -4.8435832066007828e-03,
       3.8923095188335044e-03, -7.3662126809284834e-01,
       -4.8377908128623805e-03, -9.9998717849539598e-01,
       -1.4962034848533521e-03, 8.8777888485543341e-02,
       3.8995065996419820e-03, 1.4773444208571853e-03,
       -9.9999130561307470e-01, -1.8040263639805172e-03, 0., 0., 0., 1. ]
mean-rme12: 1.7465548415843974e-03
max-rme12: 6.5413068016748621e-03
Hcamera2end13: !!opencv-matrix
   rows: 4
   cols: 4
   dt: d
   data: [ 9.9998528641888340e-01, -4.7065783341540051e-03,
       -2.6972330504244279e-03, -1.6368990663886859e-02,
       2.6867664780876599e-03, -2.2287252758337317e-03,
       9.9999390701620627e-01, 3.1525266680409718e-02,
       -4.7125610485227861e-03, -9.9998644036008266e-01,
       -2.2160470064087612e-03, 3.5153717178159717e-02, 0., 0., 0., 1. ]
Hobj2base13: !!opencv-matrix
   rows: 4
   cols: 4
   dt: d
   data: [ 9.9998013357381921e-01, -4.7696488070367148e-03,
       4.1210323881612151e-03, -7.3620412197695684e-01,
       -4.7641787840340868e-03, -9.9998775858809008e-01,
       -1.3361416398615586e-03, 8.8693969193630262e-02,
       4.1273548672848548e-03, 1.3164817604303081e-03,
       -9.9999061586475624e-01, -1.8475482936980659e-03, 0., 0., 0., 1. ]
mean-rme13: 1.7534595920372005e-03
max-rme13: 6.5232072318831547e-03
Hcamera2end14: !!opencv-matrix
   rows: 4
   cols: 4
   dt: d
   data: [ 9.9998826856343537e-01, -4.4607847445293468e-03,
       -1.8878916720884615e-03, -1.6674421776575851e-02,
       1.8770123145184663e-03, -2.4418178155083403e-03,
       9.9999525716401638e-01, 3.1766345276927586e-02,
       -4.4653734752776002e-03, -9.9998706937900905e-01,
       -2.4334162215795541e-03, 3.5194318950248916e-02, 0., 0., 0., 1. ]
Hobj2base14: !!opencv-matrix
   rows: 4
   cols: 4
   dt: d
   data: [ 9.9998075778672979e-01, -4.4249865542686498e-03,
       4.3478213247879361e-03, -7.3622426889188652e-01,
       -4.4215712523728882e-03, -9.9998990893449768e-01,
       -7.9481874379712901e-04, 8.8486064176944268e-02,
       4.3512945128925378e-03, 7.7557924794521360e-04,
       -9.9999023230874240e-01, -2.1359420489357821e-03, 0., 0., 0., 1. ]
mean-rme14: 1.8243039795272167e-03
max-rme14: 6.6201214010944698e-03
Hcamera2end15: !!opencv-matrix
   rows: 4
   cols: 4
   dt: d
   data: [ 9.9998923568720455e-01, -4.3317362352687802e-03,
       -1.6626998852557859e-03, -1.6654667969596058e-02,
       1.6520661011658686e-03, -2.4572776276661212e-03,
       9.9999561622252042e-01, 3.1820360779531195e-02,
       -4.3358029611305863e-03, -9.9998759884703026e-01,
       -2.4500948621677399e-03, 3.5429184416802408e-02, 0., 0., 0., 1. ]
Hobj2base15: !!opencv-matrix
   rows: 4
   cols: 4
   dt: d
   data: [ 9.9998195005789803e-01, -4.2876300380640655e-03,
       4.2090125992087822e-03, -7.3650752230406291e-01,
       -4.2848393433227534e-03, -9.9999059435916093e-01,
       -6.7182215983815311e-04, 8.8453668244178107e-02,
       4.2118535356207446e-03, 6.5377509070543426e-04,
       -9.9999091639270676e-01, -2.2124525048263181e-03, 0., 0., 0., 1. ]
mean-rme15: 1.8345629257195864e-03
max-rme15: 6.6801148301026680e-03
Hcamera2end16: !!opencv-matrix
   rows: 4
   cols: 4
   dt: d
   data: [ 9.9999137581032027e-01, -3.9932461140903281e-03,
       -1.1411794141132391e-03, -1.6838064681410664e-02,
       1.1306654858654695e-03, -2.6341954022224279e-03,
       9.9999589129663013e-01, 3.1926892152977934e-02,
       -3.9962357965923311e-03, -9.9998855743456139e-01,
       -2.6296576588640264e-03, 3.5462545326097390e-02, 0., 0., 0., 1. ]
Hobj2base16: !!opencv-matrix
   rows: 4
   cols: 4
   dt: d
   data: [ 9.9998447199168039e-01, -3.6699225300369101e-03,
       4.1937386832858808e-03, -7.3654630140411359e-01,
       -3.6693878766610741e-03, -9.9999325863735322e-01,
       -1.3517565720333816e-04, 8.8272518777494924e-02,
       4.1942064959624532e-03, 1.1978510431227471e-04,
       -9.9999119710295359e-01, -2.3149681641109654e-03, 0., 0., 0., 1. ]
mean-rme16: 1.8695916170194703e-03
max-rme16: 6.7404165020821249e-03
Hcamera2end17: !!opencv-matrix
   rows: 4
   cols: 4
   dt: d
   data: [ 9.9999195773754845e-01, -3.5673711343061020e-03,
       -1.8325728949003034e-03, -1.6602249373425741e-02,
       1.8232716173586772e-03, -2.6088282200740220e-03,
       9.9999493483513591e-01, 3.1559685781576349e-02,
       -3.5721339328667334e-03, -9.9999023389156572e-01,
       -2.6023029526551777e-03, 3.5305827100143336e-02, 0., 0., 0., 1. ]
Hobj2base17: !!opencv-matrix
   rows: 4
   cols: 4
   dt: d
   data: [ 9.9998649789150262e-01, -3.2148848003448619e-03,
       4.0827136084112111e-03, -7.3639162709243633e-01,
       -3.2131772860132289e-03, -9.9999474753823803e-01,
       -4.2472068991421556e-04, 8.8332757877069068e-02,
       4.0840575922044950e-03, 4.1159647265753526e-04,
       -9.9999157549547757e-01, -1.8881236777253806e-03, 0., 0., 0., 1. ]
mean-rme17: 1.9362374524348274e-03
max-rme17: 7.5464705158998779e-03
Hcamera2end18: !!opencv-matrix
   rows: 4
   cols: 4
   dt: d
   data: [ 9.9999240418469570e-01, -3.1522718476928299e-03,
       -2.2923252627819368e-03, -1.6484716782780465e-02,
       2.2840327146860760e-03, -2.6317461863714087e-03,
       9.9999392853485292e-01, 3.1287175112625139e-02,
       -3.1582855270524224e-03, -9.9999156851155924e-01,
       -2.6245263040878264e-03, 3.5081061386756110e-02, 0., 0., 0., 1. ]
Hobj2base18: !!opencv-matrix
   rows: 4
   cols: 4
   dt: d
   data: [ 9.9998731224898862e-01, -2.9691731555811745e-03,
       4.0693183478151315e-03, -7.3613076228256968e-01,
       -2.9658091039454063e-03, -9.9999525547207324e-01,
       -8.3247204291319991e-04, 8.8366081818309072e-02,
       4.0717707944631764e-03, 8.2039265931239328e-04,
       -9.9999137378203518e-01, -1.5866417273923915e-03, 0., 0., 0., 1. ]
mean-rme18: 1.9930157310655001e-03
max-rme18: 7.1250629547173761e-03
Hcamera2end19: !!opencv-matrix
   rows: 4
   cols: 4
   dt: d
   data: [ 9.9999859703308525e-01, -7.1948059091951210e-04,
       -1.5127060324201507e-03, -1.4669732577540309e-02,
       1.5116211130199633e-03, -1.5060813006497753e-03,
       9.9999772335777171e-01, 3.0978290780372848e-02,
       -7.2175721118842434e-04, -9.9999860703242738e-01,
       -1.5049916056157908e-03, 3.4013888785868009e-02, 0., 0., 0., 1. ]
Hobj2base19: !!opencv-matrix
   rows: 4
   cols: 4
   dt: d
   data: [ 9.9999462889363799e-01, -1.2392422456003508e-03,
       3.0342153074371212e-03, -7.3532796005959566e-01,
       -1.2407417086599591e-03, -9.9999910907420020e-01,
       4.9235233015593183e-04, 9.0116700581641118e-02,
       3.0336024603691745e-03, -4.9611436316419075e-04,
       -9.9999527555216483e-01, -1.6475277340587157e-03, 0., 0., 0., 1. ]
mean-rme19: 2.0294560198802713e-03
max-rme19: 7.2068518787242186e-03
Hcamera2end20: !!opencv-matrix
   rows: 4
   cols: 4
   dt: d
   data: [ 9.9999882542259222e-01, 2.8411957565347790e-04,
       -1.5061306393180794e-03, -1.4713235551773052e-02,
       1.5064860771248781e-03, -1.2549767433844838e-03,
       9.9999807776468908e-01, 3.1450569221688748e-02,
       2.8222887058395414e-04, -9.9999917215437750e-01,
       -1.2554032915021995e-03, 3.4179937331982990e-02, 0., 0., 0., 1. ]
Hobj2base20: !!opencv-matrix
   rows: 4
   cols: 4
   dt: d
   data: [ 9.9999626055726232e-01, -4.1775632141576247e-04,
       2.7026563133060390e-03, -7.3561424109838880e-01,
       -4.1917866620075020e-04, -9.9999977394775952e-01,
       5.2573156199165719e-04, 8.9714378994237273e-02,
       2.7024360746811349e-03, -5.2686249191719633e-04,
       -9.9999620962040492e-01, -1.9557487642652802e-03, 0., 0., 0., 1. ]
mean-rme20: 2.0182999886566889e-03
max-rme20: 7.3078733335575352e-03
Hcamera2end21: !!opencv-matrix
   rows: 4
   cols: 4
   dt: d
   data: [ 9.9999846962619654e-01, -2.8767377286611595e-04,
       -1.7256851002744747e-03, -1.5563673163209382e-02,
       1.7253270528969280e-03, -1.2402660807457888e-03,
       9.9999774249075690e-01, 3.1343953742848256e-02,
       -2.8981343213583274e-04, -9.9999918949159650e-01,
       -1.2397678513322852e-03, 3.4555017121017863e-02, 0., 0., 0., 1. ]
Hobj2base21: !!opencv-matrix
   rows: 4
   cols: 4
   dt: d
   data: [ 9.9999579651829518e-01, -1.0512310864744029e-03,
       2.7021952082051473e-03, -7.3597312616222144e-01,
       -1.0521088353103313e-03, -9.9999939423077611e-01,
       3.2342708493939291e-04, 8.8957828796894969e-02,
       2.7018535746925576e-03, -3.2626872887284435e-04,
       -9.9999629676113155e-01, -1.5243899961511929e-03, 0., 0., 0., 1. ]
mean-rme21: 2.0062975205384580e-03
max-rme21: 7.1717860740302675e-03
Hcamera2end22: !!opencv-matrix
   rows: 4
   cols: 4
   dt: d
   data: [ 9.9999874564045621e-01, 3.6061587377471307e-05,
       -1.5834825784222012e-03, -1.5410519942787356e-02,
       1.5835136116841197e-03, -8.7743870849488204e-04,
       9.9999836129163433e-01, 3.1029009895149593e-02,
       3.4672119374511276e-05, -9.9999961440036289e-01,
       -8.7749471188569572e-04, 3.4367818298953079e-02, 0., 0., 0., 1. ]
Hobj2base22: !!opencv-matrix
   rows: 4
   cols: 4
   dt: d
   data: [ 9.9999673441301007e-01, -8.0056169377523321e-04,
       2.4269866687219189e-03, -7.3584309922952318e-01,
       -8.0159545736774394e-04, -9.9999958840871117e-01,
       4.2500250632868656e-04, 8.9201528986909043e-02,
       2.4266454290690232e-03, -4.2694657993477082e-04,
       -9.9999696454968245e-01, -1.2084574201378293e-03, 0., 0., 0., 1. ]
mean-rme22: 1.9792932719688572e-03
max-rme22: 7.1149688439044179e-03
Hcamera2end23: !!opencv-matrix
   rows: 4
   cols: 4
   dt: d
   data: [ 9.9999884089273217e-01, 5.6935321006783041e-04,
       -1.4121083932930052e-03, -1.4531387982079617e-02,
       1.4127347217188825e-03, -1.1011727172807184e-03,
       9.9999839579833971e-01, 3.1447699115991053e-02,
       5.6779732147392808e-04, -9.9999923162748938e-01,
       -1.1019757859522805e-03, 3.4058452839830139e-02, 0., 0., 0., 1. ]
Hobj2base23: !!opencv-matrix
   rows: 4
   cols: 4
   dt: d
   data: [ 9.9999637993864832e-01, -4.3533951401827594e-04,
       2.6552945422582512e-03, -7.3552790880582752e-01,
       -4.3647440793215166e-04, -9.9999981364738044e-01,
       4.2684340978446612e-04, 8.9911836968028278e-02,
       2.6551082256345785e-03, -4.2800083269835276e-04,
       -9.9999638360125997e-01, -2.0135560139145654e-03, 0., 0., 0., 1. ]
mean-rme23: 2.0308000961091997e-03
max-rme23: 7.2931411044438732e-03
Hcamera2end24: !!opencv-matrix
   rows: 4
   cols: 4
   dt: d
   data: [ 9.9999870285975456e-01, 9.0669063671984171e-04,
       -1.3312366046797682e-03, -1.4304928286657649e-02,
       1.3321513155923064e-03, -1.0089900059848667e-03,
       9.9999860365504523e-01, 3.1505378575674828e-02,
       9.0534616623722257e-04, -9.9999907992520520e-01,
       -1.0101965463078511e-03, 3.3957320769628638e-02, 0., 0., 0., 1. ]
Hobj2base24: !!opencv-matrix
   rows: 4
   cols: 4
   dt: d
   data: [ 9.9999680013784042e-01, -1.8520749852616889e-04,
       2.5229768652274753e-03, -7.3545962902193274e-01,
       -1.8652308264619776e-04, -9.9999984677155207e-01,
       5.2121589740133510e-04, 9.0085498695319483e-02,
       2.5228799455430965e-03, -5.2168482300465522e-04,
       -9.9999668145535647e-01, -2.1194221188766977e-03, 0., 0., 0., 1. ]
mean-rme24: 2.0024333366122989e-03
max-rme24: 7.3261714798499300e-03
